0.511293,0.460383,0.520205,1,0
0.510438,0.465511,0.520327,1,0
0.510438,0.469296,0.517886,1,0
0.511171,0.473569,0.515932,1,0
0.511537,0.477475,0.514467,1,0
0.511171,0.476743,0.513735,1,0
0.510805,0.475278,0.513368,1,0
0.510438,0.475156,0.512758,1,0
0.510316,0.474301,0.512636,1,0
0.510072,0.472348,0.513368,1,0
0.50995,0.475156,0.51349,1,0
0.509706,0.475644,0.514467,1,0
0.510438,0.475156,0.515444,1,0
0.510072,0.475034,0.5152,1,0
0.509584,0.475644,0.514223,1,0
0.509828,0.474789,0.514101,1,0
0.509828,0.474423,0.514223,1,0
0.509828,0.475034,0.513979,1,0
0.509828,0.475278,0.514467,1,0
0.509828,0.474667,0.515444,1,0
0.509584,0.474423,0.513979,1,0
0.509462,0.474545,0.512636,1,0
0.509584,0.473935,0.513124,1,0
0.509706,0.473691,0.514223,1,0
0.509584,0.474789,0.513857,1,0
0.509706,0.475278,0.513613,1,0
0.509828,0.474301,0.513857,1,0
0.509828,0.474667,0.513613,1,0
0.510072,0.474545,0.513735,1,0
0.509828,0.474423,0.514101,1,0
0.509828,0.474789,0.513979,1,0
0.50995,0.474911,0.513857,1,0
0.509828,0.474545,0.514101,1,0
0.509584,0.474911,0.514711,1,0
0.509828,0.475034,0.514101,1,0
0.509828,0.474545,0.513857,1,0
0.510194,0.474423,0.514223,1,0
0.510072,0.474667,0.514467,1,0
0.510194,0.474789,0.513857,1,0
0.51056,0.474423,0.51227,1,0
0.510316,0.473813,0.512514,1,0
0.510072,0.474057,0.512758,1,0
0.509462,0.473935,0.51288,1,0
0.509095,0.473446,0.513246,1,0
0.509217,0.473569,0.513246,1,0
0.509095,0.47308,0.513246,1,0
0.508973,0.473324,0.51288,1,0
0.508607,0.474057,0.51227,1,0
0.508485,0.474179,0.511903,1,0
0.508485,0.474057,0.51227,1,0
0.508363,0.473691,0.512514,1,0
0.508485,0.47308,0.512514,1,0
0.508729,0.472348,0.51288,1,0
0.508973,0.472836,0.513002,1,0
0.508973,0.473691,0.512758,1,0
0.508851,0.474301,0.512636,1,0
0.50934,0.473813,0.512636,1,0
0.509462,0.473691,0.51288,1,0
0.509462,0.473324,0.51288,1,0
0.509462,0.473202,0.512514,1,0
0.508973,0.473935,0.512392,1,0
0.509462,0.473446,0.512514,1,0
0.509706,0.472348,0.512514,1,0
0.509706,0.473813,0.512758,1,0
0.509095,0.474057,0.512636,1,0
0.509584,0.472348,0.513002,1,0
0.509828,0.472714,0.513979,1,0
0.509217,0.473813,0.513979,1,0
0.508607,0.473446,0.514223,1,0
0.508241,0.47308,0.514467,1,0
0.507997,0.473569,0.514345,1,0
0.507752,0.47308,0.513857,1,0
0.507386,0.472958,0.51349,1,0
0.507142,0.472836,0.513002,1,0
0.50702,0.472958,0.513002,1,0
0.506898,0.472592,0.512758,1,0
0.506776,0.472226,0.513124,1,0
0.506165,0.472226,0.513124,1,0
0.504944,0.472958,0.51288,1,0
0.504334,0.472714,0.512514,1,0
0.504212,0.471981,0.512758,1,0
0.503724,0.47247,0.513002,1,0
0.503235,0.471859,0.51349,1,0
0.502503,0.471615,0.513735,1,0
0.502014,0.471493,0.513613,1,0
0.50116,0.472104,0.513124,1,0
0.500305,0.472836,0.512758,1,0
0.500061,0.472592,0.512025,1,0
0.499817,0.47247,0.51227,1,0
0.499451,0.472836,0.511903,1,0
0.49884,0.472714,0.511415,1,0
0.498474,0.473202,0.511415,1,0
0.498108,0.473813,0.511293,1,0
0.497619,0.472958,0.511049,1,0
0.497131,0.47247,0.511049,1,0
0.496643,0.474179,0.510682,1,0
0.496521,0.472714,0.510927,1,0
0.496521,0.472958,0.510682,1,0
0.496398,0.472836,0.510682,1,0
0.496032,0.472226,0.51056,1,0
0.496032,0.473446,0.510072,1,0
0.49591,0.473202,0.510438,1,0
0.495666,0.472836,0.510682,1,0
0.495544,0.472836,0.511049,1,0
0.495422,0.472714,0.511049,1,0
0.495666,0.472348,0.511659,1,0
0.495788,0.471615,0.51227,1,0
0.495666,0.471371,0.513002,1,0
0.495544,0.470883,0.513124,1,0
0.495056,0.471493,0.513368,1,0
0.494079,0.472226,0.513002,1,0
0.493835,0.47247,0.512514,1,0
0.49298,0.473691,0.511293,1,0
0.492858,0.473935,0.510194,1,0
0.492248,0.473691,0.510072,1,0
0.492003,0.473446,0.509828,1,0
0.49237,0.472348,0.510194,1,0
0.493224,0.471371,0.510682,1,0
0.493591,0.472592,0.510438,1,0
0.493102,0.472592,0.510072,1,0
0.493591,0.472104,0.50995,1,0
0.493957,0.472348,0.510316,1,0
0.493835,0.472836,0.510072,1,0
0.493713,0.473202,0.510072,1,0
0.493591,0.47308,0.51056,1,0
0.493346,0.472958,0.510805,1,0
0.493468,0.47308,0.511415,1,0
0.493591,0.472592,0.512392,1,0
0.493102,0.472592,0.512514,1,0
0.49237,0.472958,0.512514,1,0
0.491637,0.473813,0.511659,1,0
0.491027,0.472958,0.511537,1,0
0.490905,0.472958,0.511781,1,0
0.491271,0.472958,0.511171,1,0
0.491759,0.472226,0.511415,1,0
0.491881,0.472714,0.512392,1,0
0.492003,0.473691,0.512636,1,0
0.492126,0.472104,0.51288,1,0
0.49237,0.472958,0.512514,1,0
0.492492,0.473446,0.511903,1,0
0.49237,0.474301,0.511415,1,0
0.492248,0.474667,0.511293,1,0
0.492492,0.475278,0.511171,1,0
0.492126,0.474911,0.511171,1,0
0.491637,0.475522,0.510805,1,0
0.491149,0.475766,0.511537,1,0
0.490783,0.475766,0.511537,1,0
0.490538,0.4754,0.51227,1,0
0.490172,0.475522,0.512392,1,0
0.489806,0.475034,0.51288,1,0
0.489562,0.475034,0.513613,1,0
0.489684,0.474545,0.51349,1,0
0.489806,0.474423,0.513246,1,0
0.489318,0.475156,0.513246,1,0
0.489195,0.475034,0.513246,1,0
0.489195,0.475156,0.513246,1,0
0.489318,0.475644,0.512758,1,0
0.489562,0.474789,0.512514,1,0
0.489684,0.475156,0.512636,1,0
0.489562,0.475156,0.512392,1,0
0.48944,0.475644,0.512392,1,0
0.489684,0.4754,0.512392,1,0
0.489562,0.475644,0.512636,1,0
0.489195,0.475278,0.512636,1,0
0.489073,0.475156,0.513246,1,0
0.489073,0.4754,0.513246,1,0
0.488585,0.475278,0.513246,1,0
0.487975,0.475522,0.514101,1,0
0.487242,0.4754,0.514833,1,0
0.486754,0.475034,0.515322,1,0
0.486754,0.475644,0.515322,1,0
0.486754,0.476132,0.515322,1,0
0.486876,0.476132,0.513613,1,0
0.48651,0.476621,0.513002,1,0
0.486754,0.476987,0.512758,1,0
0.48651,0.476743,0.513002,1,0
0.485899,0.477842,0.513735,1,0
0.484434,0.478208,0.514833,1,0
0.483335,0.478086,0.514345,1,0
0.483457,0.477597,0.512392,1,0
0.483702,0.477842,0.511659,1,0
0.483213,0.478452,0.510805,1,0
0.483335,0.480405,0.509706,1,0
0.483213,0.480894,0.510682,1,0
0.482603,0.482115,0.510438,1,0
0.482725,0.482725,0.509706,1,0
0.482237,0.482359,0.509828,1,0
0.481992,0.481748,0.510682,1,0
0.481504,0.482115,0.509828,1,0
0.481992,0.481748,0.509462,1,0
0.482115,0.479917,0.509584,1,0
0.48187,0.479673,0.509584,1,0
0.481626,0.479917,0.509828,1,0
0.481016,0.479307,0.510316,1,0
0.480527,0.479429,0.510805,1,0
0.480161,0.479429,0.512147,1,0
0.480405,0.479307,0.513002,1,0
0.479795,0.480283,0.512636,1,0
0.479429,0.481016,0.512392,1,0
0.479917,0.481626,0.511293,1,0
0.480161,0.48187,0.510927,1,0
0.480527,0.481626,0.510805,1,0
0.48065,0.481992,0.510682,1,0
0.48065,0.481138,0.510682,1,0
0.480894,0.480527,0.511415,1,0
0.480161,0.481016,0.51056,1,0
0.480039,0.481016,0.510682,1,0
0.480527,0.480283,0.51056,1,0
0.480527,0.479917,0.509706,1,0
0.480161,0.479184,0.509217,1,0
0.478574,0.479429,0.508363,1,0
0.477353,0.479673,0.508241,1,0
0.476499,0.47894,0.508485,1,0
0.475766,0.480039,0.507264,1,0
0.4754,0.480405,0.506654,1,0
0.476377,0.47833,0.506532,1,0
0.476621,0.477719,0.504578,1,0
0.477109,0.477964,0.504456,1,0
0.476499,0.477475,0.503846,1,0
0.478208,0.477597,0.503846,1,0
0.47894,0.477597,0.503724,1,0
0.479062,0.477109,0.50409,1,0
0.477964,0.477842,0.503235,1,0
0.478452,0.479551,0.503113,1,0
0.478574,0.477964,0.503724,1,0
0.478208,0.478086,0.503479,1,0
0.478208,0.479062,0.501648,1,0
0.479429,0.478086,0.502869,1,0
0.480039,0.478452,0.500427,1,0
0.482115,0.481992,0.5047,1,0
0.484068,0.484068,0.510072,1,0
0.484922,0.488951,0.506409,1,0
0.48651,0.492614,0.513735,1,0
0.48712,0.494323,0.51349,1,0
0.486632,0.501404,0.516543,1,0
0.485533,0.50116,0.516909,1,0
0.487364,0.502747,0.520205,1,0
0.485533,0.499695,0.522769,1,0
0.485655,0.494567,0.520693,1,0
0.486998,0.488585,0.520205,1,0
0.486876,0.481748,0.518862,1,0
0.48773,0.47601,0.516298,1,0
0.488341,0.472348,0.513613,1,0
0.484556,0.467586,0.511293,1,0
0.48419,0.4649,0.513613,1,0
0.482359,0.466243,0.510194,1,0
0.483091,0.465389,0.510805,1,0
0.484312,0.466243,0.514711,1,0
0.485899,0.469051,0.516665,1,0
0.487242,0.472226,0.517031,1,0
0.488707,0.476621,0.523257,1,0
0.488585,0.48065,0.519839,1,0
0.491637,0.484312,0.525943,1,0
0.491027,0.484556,0.523135,1,0
0.490783,0.484556,0.52106,1,0
0.490905,0.482603,0.524234,1,0
0.489562,0.481626,0.523501,1,0
0.486265,0.478696,0.52399,1,0
0.484068,0.47894,0.526065,1,0
0.48126,0.478574,0.524478,1,0
0.480161,0.476377,0.525821,1,0
0.479673,0.477475,0.522647,1,0
0.478452,0.478452,0.519106,1,0
0.479673,0.477719,0.517397,1,0
0.480161,0.479917,0.510805,1,0
0.481504,0.479917,0.510194,1,0
0.482237,0.477719,0.506287,1,0
0.483824,0.477231,0.503113,1,0
0.482115,0.478696,0.500305,1,0
0.483824,0.478452,0.498474,1,0
0.484678,0.476987,0.498108,1,0
0.485533,0.476499,0.499084,1,0
0.486265,0.480894,0.499573,1,0
0.48944,0.485899,0.5047,1,0
0.488829,0.487853,0.508363,1,0
0.488829,0.495666,0.508851,1,0
0.490538,0.498474,0.517031,1,0
0.48944,0.504334,0.51642,1,0
0.490538,0.506409,0.525577,1,0
0.488829,0.511903,0.522281,1,0
0.487608,0.519961,0.522647,1,0
0.484678,0.522281,0.521914,1,0
0.485167,0.513368,0.523379,1,0
0.487486,0.505677,0.523623,1,0
0.486876,0.495788,0.523257,1,0
0.486387,0.487242,0.520816,1,0
0.487486,0.480405,0.519839,1,0
0.483335,0.482481,0.513735,1,0
0.487364,0.473324,0.514345,1,0
0.482359,0.466243,0.509095,1,0
0.482359,0.463558,0.51349,1,0
0.484556,0.470028,0.513735,1,0
0.484678,0.473446,0.51349,1,0
0.487242,0.47247,0.51874,1,0
0.486754,0.475156,0.524844,1,0
0.48773,0.483824,0.520693,1,0
0.490172,0.484068,0.530827,1,0
0.488219,0.488219,0.527652,1,0
0.48944,0.48358,0.526431,1,0
0.489684,0.483457,0.523623,1,0
0.48944,0.483457,0.522158,1,0
0.489562,0.478086,0.523013,1,0
0.488341,0.48126,0.522158,1,0
0.486754,0.481748,0.523501,1,0
0.485045,0.480161,0.525699,1,0
0.483457,0.482847,0.525577,1,0
0.482481,0.482847,0.525699,1,0
0.480894,0.47894,0.523013,1,0
0.480161,0.478574,0.519351,1,0
0.48065,0.477231,0.517519,1,0
0.479673,0.477597,0.511049,1,0
0.480527,0.475888,0.509095,1,0
0.482359,0.475522,0.50763,1,0
0.481138,0.476621,0.505189,1,0
0.483213,0.477964,0.502381,1,0
0.483213,0.479917,0.499817,1,0
0.485411,0.47833,0.498718,1,0
0.487486,0.480039,0.503968,1,0
0.488829,0.482603,0.506654,1,0
0.486754,0.487364,0.506654,1,1
0.486632,0.498718,0.510927,1,0
0.486387,0.502747,0.517641,1,0
0.486754,0.506532,0.516543,1,0
0.484678,0.511049,0.517763,1,0
0.482969,0.511537,0.52106,1,0
0.482969,0.51288,0.520816,1,0
0.483091,0.507874,0.520938,1,0
0.483702,0.504944,0.519717,1,0
0.483457,0.497375,0.519106,1,0
0.484678,0.491881,0.518252,1,0
0.48712,0.487608,0.516298,1,0
0.484068,0.485289,0.514101,1,0
0.4848,0.477597,0.516054,1,0
0.482359,0.472836,0.514223,1,0
0.480894,0.471249,0.517519,1,0
0.483091,0.471737,0.519595,1,0
0.480405,0.476987,0.520693,1,0
0.483091,0.481748,0.520816,1,0
0.486876,0.481016,0.529361,1,0
0.484556,0.482969,0.524722,1,0
0.486265,0.492492,0.531559,1,0
0.486998,0.491881,0.528263,1,0
0.488463,0.490172,0.525455,1,0
0.490172,0.487975,0.524722,1,0
0.490172,0.488585,0.522158,1,0
0.490905,0.486876,0.520816,1,0
0.490172,0.4848,0.521426,1,0
0.489806,0.483335,0.522036,1,0
0.488585,0.483702,0.521914,1,0
0.487486,0.484068,0.521426,1,0
0.48712,0.48358,0.522525,1,0
0.485899,0.484556,0.523623,1,0
0.483091,0.481992,0.525088,1,0
0.480894,0.483457,0.52692,1,0
0.480283,0.482603,0.529606,1,0
0.479307,0.48358,0.529117,1,0
0.478818,0.483946,0.527042,1,0
0.479917,0.482969,0.525455,1,0
0.481016,0.482603,0.522036,1,0
0.482481,0.48419,0.518252,1,0
0.481992,0.485289,0.51581,1,0
0.484434,0.484068,0.514101,1,0
0.483946,0.485167,0.509462,1,0
0.48419,0.483946,0.508729,1,0
0.484312,0.485411,0.505189,1,0
0.485411,0.483457,0.506898,1,0
0.489806,0.480405,0.506776,1,0
0.489318,0.484434,0.5047,1,0
0.488585,0.492248,0.509706,1,1
0.485899,0.499817,0.512636,1,0
0.483946,0.506898,0.514101,1,0
0.484312,0.510682,0.518374,1,0
0.482969,0.51288,0.521182,1,0
0.482115,0.510927,0.519106,1,0
0.482481,0.505189,0.519473,1,0
0.483457,0.501282,0.519106,1,0
0.484678,0.498596,0.519106,1,0
0.48419,0.496398,0.517519,1,0
0.488097,0.490416,0.51813,1,0
0.482481,0.486021,0.514223,1,0
0.484556,0.481504,0.517031,1,0
0.483824,0.478818,0.516787,1,0
0.479917,0.475034,0.515444,1,0
0.484068,0.470272,0.520938,1,0
0.48126,0.474057,0.519961,1,0
0.483091,0.473569,0.520083,1,0
0.486265,0.476254,0.528263,1,0
0.484556,0.479917,0.521548,1,0
0.486754,0.487975,0.529972,1,0
0.486021,0.491393,0.526431,1,0
0.488097,0.490172,0.529239,1,0
0.487975,0.491393,0.52399,1,0
0.488097,0.486876,0.522769,1,0
0.489806,0.482481,0.523135,1,0
0.488951,0.484068,0.520205,1,0
0.48944,0.483457,0.520327,1,0
0.488951,0.482969,0.520693,1,0
0.488707,0.484556,0.520816,1,0
0.486998,0.483457,0.522525,1,0
0.486265,0.483946,0.52399,1,0
0.483213,0.484068,0.5246,1,0
0.480772,0.485045,0.527896,1,0
0.477597,0.485533,0.526431,1,0
0.477964,0.484556,0.526187,1,0
0.477842,0.484068,0.524112,1,0
0.47833,0.482603,0.522158,1,0
0.478696,0.483335,0.519595,1,0
0.480161,0.484068,0.516176,1,0
0.480039,0.484922,0.51227,1,0
0.482237,0.485045,0.510316,1,0
0.480161,0.486265,0.507752,1,0
0.481748,0.482603,0.504822,1,0
0.479062,0.481992,0.502381,1,0
0.486021,0.475766,0.506409,1,0
0.488463,0.471737,0.501648,1,0
0.490416,0.474179,0.505189,1,1
0.488463,0.481138,0.506409,1,0
0.49005,0.491637,0.512025,1,0
0.486632,0.505677,0.512758,1,0
0.485655,0.508973,0.517519,1,0
0.485533,0.506532,0.521914,1,0
0.482847,0.508607,0.517886,1,0
0.48419,0.507874,0.52106,1,0
0.48651,0.506165,0.521792,1,0
0.483457,0.507142,0.517031,1,0
0.485045,0.502259,0.518252,1,0
0.486876,0.500794,0.515566,1,0
0.483335,0.493713,0.514101,1,0
0.486143,0.485411,0.517275,1,0
0.483335,0.478574,0.514833,1,0
0.48187,0.472836,0.516787,1,0
0.481504,0.468807,0.518496,1,0
0.48065,0.471005,0.517275,1,0
0.480039,0.472714,0.519839,1,0
0.482725,0.474301,0.520816,1,0
0.482847,0.47601,0.524356,1,0
0.484312,0.480039,0.521548,1,0
0.487853,0.489073,0.529117,1,0
0.486754,0.492248,0.527408,1,0
0.488219,0.493102,0.526431,1,0
0.488463,0.489318,0.524844,1,0
0.48944,0.485411,0.522403,1,0
0.488585,0.484556,0.520449,1,0
0.488463,0.483946,0.520205,1,0
0.487975,0.483946,0.520816,1,0
0.486632,0.482725,0.521792,1,0
0.485655,0.484312,0.522036,1,0
0.485777,0.484312,0.522769,1,0
0.485045,0.483091,0.52399,1,0
0.483091,0.484434,0.524356,1,0
0.48126,0.485533,0.526676,1,0
0.479429,0.485655,0.525699,1,0
0.47894,0.485777,0.525455,1,0
0.479551,0.485045,0.524722,1,0
0.479673,0.485899,0.521792,1,0
0.480527,0.486754,0.520571,1,0
0.480527,0.48712,0.517641,1,0
0.479917,0.487975,0.513857,1,0
0.480894,0.486265,0.513735,1,0
0.481748,0.482725,0.510927,1,0
0.482847,0.481504,0.508729,1,0
0.488341,0.477964,0.509584,1,1
0.489806,0.475766,0.507508,1,0
0.491637,0.479184,0.511659,1,0
0.487975,0.486632,0.507874,1,0
0.487242,0.494323,0.512392,1,0
0.485167,0.502625,0.513124,1,0
0.484434,0.507752,0.514101,1,0
0.485899,0.507386,0.517641,1,0
0.483946,0.506165,0.51813,1,0
0.485045,0.505433,0.517031,1,0
0.484434,0.501892,0.51642,1,0
0.483946,0.497009,0.519595,1,0
0.486998,0.494201,0.51874,1,0
0.482359,0.488829,0.517153,1,0
0.483702,0.480772,0.521304,1,0
0.485899,0.476865,0.519473,1,0
0.480405,0.4754,0.516909,1,0
0.483946,0.472348,0.520938,1,0
0.483335,0.476377,0.521182,1,0
0.481626,0.476499,0.519717,1,0
0.485411,0.478208,0.526431,1,0
0.484068,0.485533,0.525821,1,0
0.486143,0.489562,0.527896,1,0
0.486143,0.495056,0.52692,1,0
0.488707,0.488829,0.526431,1,0
0.487364,0.487975,0.523623,1,0
0.487853,0.487486,0.523257,1,0
0.488951,0.484556,0.523013,1,0
0.488463,0.48419,0.52167,1,0
0.488341,0.484068,0.520816,1,0
0.487608,0.484434,0.520449,1,0
0.487242,0.485045,0.520571,1,0
0.486632,0.486021,0.521304,1,0
0.485777,0.484434,0.522281,1,0
0.485899,0.484434,0.523501,1,0
0.485411,0.484678,0.524112,1,0
0.48358,0.484068,0.525333,1,0
0.482115,0.484068,0.525943,1,0
0.48065,0.484678,0.525577,1,0
0.478452,0.485899,0.526554,1,0
0.477353,0.486754,0.525577,1,0
0.475644,0.488585,0.523623,1,0
0.477353,0.488707,0.523013,1,0
0.477719,0.488097,0.519839,1,0
0.479307,0.490416,0.516909,1,0
0.481382,0.49066,0.516543,1,0
0.481382,0.492126,0.511781,1,0
0.482969,0.491027,0.511171,1,1
0.48419,0.48773,0.508729,1,0
0.483457,0.482603,0.506898,1,0
0.485533,0.475156,0.507752,1,0
0.484678,0.476377,0.50702,1,0
0.485777,0.480283,0.504822,1,0
0.48651,0.482725,0.509828,1,0
0.485167,0.489318,0.511049,1,0
0.48419,0.494079,0.51288,1,0
0.484922,0.496887,0.51227,1,0
0.486754,0.504456,0.519717,1,0
0.486632,0.507874,0.520571,1,0
0.484312,0.519351,0.516543,1,0
0.485289,0.519106,0.52167,1,0
0.483091,0.520449,0.518984,1,0
0.48358,0.513857,0.519961,1,0
0.485167,0.506654,0.519595,1,0
0.4848,0.497253,0.520083,1,0
0.485655,0.492858,0.519961,1,0
0.48419,0.487364,0.517397,1,0
0.484312,0.480894,0.517275,1,0
0.482115,0.476743,0.51642,1,0
0.478818,0.472714,0.517397,1,0
0.480405,0.472104,0.522158,1,0
0.480894,0.475888,0.522891,1,0
0.480039,0.481992,0.52399,1,0
0.484434,0.486143,0.528507,1,0
0.483335,0.497009,0.526065,1,0
0.48419,0.498718,0.529484,1,0
0.485655,0.496765,0.527896,1,0
0.486998,0.494079,0.525333,1,0
0.487486,0.491271,0.524234,1,0
0.487608,0.489684,0.523868,1,0
0.488097,0.489195,0.522769,1,0
0.486998,0.487853,0.522647,1,0
0.486632,0.487853,0.522647,1,0
0.486143,0.489073,0.522525,1,0
0.485045,0.488829,0.523868,1,0
0.482603,0.489073,0.526065,1,0
0.480405,0.491027,0.525577,1,0
0.480161,0.488829,0.52753,1,0
0.48126,0.48651,0.525943,1,0
0.480405,0.485045,0.524356,1,0
0.481138,0.485289,0.523746,1,0
0.480894,0.485777,0.521914,1,0
0.479673,0.486387,0.520327,1,0
0.47833,0.487242,0.521304,1,0
0.476743,0.490905,0.51642,1,0
0.474789,0.491027,0.51642,1,1
0.474911,0.488219,0.514589,1,0
0.474545,0.489806,0.508729,1,0
0.477842,0.485777,0.511415,1,0
0.483091,0.479551,0.510805,1,0
0.48358,0.48187,0.506409,1,0
0.4848,0.479917,0.506165,1,0
0.487975,0.479062,0.507386,1,0
0.488585,0.482481,0.506898,1,0
0.484678,0.487975,0.506532,1,0
0.486632,0.492003,0.510682,1,0
0.4848,0.496032,0.514833,1,0
0.483335,0.495788,0.514955,1,0
0.484312,0.500183,0.51813,1,0
0.482237,0.507508,0.515444,1,0
0.48419,0.51227,0.522525,1,0
0.483213,0.513857,0.520205,1,0
0.480161,0.517519,0.519961,1,0
0.483335,0.512636,0.521792,1,0
0.48126,0.509217,0.519228,1,0
0.48419,0.501526,0.521792,1,0
0.486021,0.496276,0.520816,1,0
0.484556,0.490905,0.51813,1,0
0.485655,0.485899,0.518618,1,0
0.484556,0.481138,0.516909,1,0
0.481504,0.477109,0.516787,1,0
0.481626,0.475034,0.519839,1,0
0.481504,0.474301,0.519839,1,0
0.48126,0.475766,0.520449,1,0
0.482603,0.476254,0.524356,1,0
0.484312,0.482725,0.524112,1,0
0.485411,0.489928,0.528141,1,0
0.485899,0.490905,0.525455,1,0
0.486143,0.497253,0.528385,1,0
0.486998,0.497131,0.527652,1,0
0.48712,0.497497,0.5246,1,0
0.488707,0.493468,0.525455,1,0
0.488097,0.49237,0.524234,1,0
0.486876,0.492248,0.522036,1,0
0.486876,0.489195,0.524234,1,0
0.485899,0.488829,0.525088,1,0
0.484312,0.488829,0.525211,1,0
0.482481,0.487975,0.526187,1,0
0.481504,0.487853,0.527042,1,0
0.479917,0.486021,0.525699,1,0
0.478452,0.486143,0.524478,1,0
0.479429,0.485899,0.524356,1,0
0.479062,0.486632,0.522158,1,0
0.479551,0.485899,0.519717,1,1
0.479551,0.489073,0.518008,1,0
0.47894,0.490416,0.515932,1,0
0.479062,0.489195,0.5152,1,0
0.48187,0.488341,0.513124,1,0
0.483824,0.486021,0.510805,1,0
0.487853,0.477475,0.514589,1,0
0.488219,0.477964,0.510805,1,0
0.48651,0.479184,0.505799,1,0
0.487364,0.476499,0.510316,1,0
0.486876,0.478452,0.509217,1,0
0.486876,0.482115,0.512147,1,0
0.485533,0.48358,0.511659,1,0
0.484434,0.48651,0.517397,1,0
0.48419,0.493224,0.514101,1,0
0.484434,0.499939,0.520205,1,0
0.486387,0.506165,0.522281,1,0
0.482603,0.519839,0.514467,1,0
0.482115,0.515078,0.521426,1,0
0.484312,0.518008,0.520327,1,0
0.482237,0.519961,0.515688,1,0
0.483213,0.511781,0.516787,1,0
0.485533,0.503724,0.518862,1,0
0.485411,0.495056,0.516787,1,0
0.484068,0.488341,0.517763,1,0
0.484312,0.480894,0.519595,1,0
0.482237,0.477842,0.517519,1,0
0.481992,0.475156,0.518008,1,0
0.483457,0.47601,0.521548,1,0
0.481382,0.480039,0.520083,1,0
0.484434,0.481748,0.523013,1,0
0.484556,0.485777,0.528019,1,0
0.484678,0.489562,0.524112,1,0
0.486021,0.492003,0.530704,1,0
0.485655,0.497375,0.527408,1,0
0.486265,0.496521,0.527042,1,0
0.487608,0.492736,0.530094,1,0
0.486998,0.495178,0.525455,1,0
0.487608,0.49237,0.5246,1,0
0.488219,0.490172,0.524722,1,0
0.487608,0.490172,0.524478,1,0
0.486143,0.49005,0.5246,1,0
0.485289,0.490294,0.526431,1,0
0.48358,0.490416,0.526676,1,0
0.482237,0.489318,0.525455,1,0
0.481382,0.488707,0.525943,1,0
0.48126,0.489073,0.526309,1,0
0.480161,0.489073,0.525333,1,0
0.479673,0.490538,0.523623,1,1
0.478208,0.490294,0.522036,1,0
0.479062,0.489195,0.521304,1,0
0.480772,0.486387,0.520327,1,0
0.481626,0.486998,0.517641,1,0
0.482847,0.485899,0.515932,1,0
0.4848,0.482359,0.5152,1,0
0.483946,0.485411,0.511537,1,0
0.48419,0.483824,0.510438,1,0
0.486021,0.482481,0.510927,1,0
0.48651,0.480405,0.50763,1,0
0.491027,0.473691,0.51227,1,0
0.491881,0.478818,0.510927,1,0
0.487975,0.484434,0.511049,1,0
0.486265,0.490783,0.51288,1,0
0.485411,0.498718,0.514955,1,0
0.485289,0.503846,0.520693,2,0
0.481626,0.509828,0.512636,2,0
0.481748,0.514223,0.518862,2,0
0.483335,0.509584,0.520083,2,0
0.481748,0.513613,0.515444,2,0
0.482847,0.509217,0.517397,2,0
0.485289,0.501526,0.517519,2,0
0.484434,0.491759,0.516787,2,0
0.486143,0.484678,0.519961,2,0
0.48712,0.481382,0.52106,2,0
0.485289,0.478818,0.518374,2,0
0.48651,0.471859,0.520816,2,0
0.486632,0.475766,0.524356,2,0
0.484068,0.480283,0.522647,2,0
0.484556,0.483091,0.523868,2,0
0.486021,0.485655,0.52692,2,0
0.486998,0.486021,0.525211,2,0
0.490783,0.487975,0.529117,2,0
0.490416,0.488341,0.525211,2,0
0.492248,0.487242,0.522403,2,0
0.49237,0.486021,0.519473,2,0
0.493468,0.485777,0.519473,2,0
0.494567,0.484068,0.521304,2,0
0.493468,0.482359,0.520938,2,0
0.495178,0.481992,0.520083,2,0
0.497741,0.481382,0.520083,2,0
0.499573,0.479062,0.522036,2,0
0.500061,0.478452,0.524234,2,0
0.500549,0.479551,0.523746,2,0
0.501892,0.480772,0.521792,2,0
0.504334,0.480283,0.522403,2,0
0.503724,0.472836,0.531803,2,0
0.502381,0.484068,0.535832,2,0
0.501282,0.484312,0.528385,2,0
0.503846,0.482847,0.523379,2,0
0.505799,0.479917,0.521182,2,0
0.50702,0.479795,0.521304,2,0
0.506409,0.479795,0.520571,2,0
0.506165,0.479307,0.52106,2,0
0.505189,0.478818,0.519228,2,0
0.505311,0.478208,0.517763,2,0
0.505067,0.478696,0.518862,2,0
0.505311,0.477109,0.519595,2,0
0.505433,0.47247,0.519961,2,0
0.504578,0.471493,0.52399,2,0
0.502503,0.472836,0.5246,2,0
0.502747,0.468197,0.52753,2,0
0.498474,0.478818,0.524966,2,0
0.495666,0.482725,0.523013,2,0
0.491027,0.471493,0.523623,2,0
0.490905,0.476621,0.522403,2,0
0.48944,0.483335,0.518008,2,0
0.48773,0.482481,0.517519,2,0
0.488585,0.484678,0.516543,2,0
0.488219,0.48712,0.51642,2,0
0.488951,0.485289,0.515322,2,0
0.489562,0.486998,0.515322,2,0
0.493468,0.481748,0.517397,2,0
0.499206,0.477353,0.520327,2,0
0.501038,0.482725,0.51813,2,0
0.503113,0.480894,0.519961,2,0
0.500427,0.480161,0.51874,2,0
0.49591,0.486021,0.519717,2,0
0.494689,0.488463,0.521914,2,0
0.491759,0.488585,0.521914,2,0
0.489195,0.488829,0.523135,2,0
0.488463,0.493468,0.525699,2,0
0.486265,0.49298,0.525821,2,0
0.486387,0.4953,0.527286,2,0
0.485777,0.496765,0.528751,2,0
0.485899,0.497009,0.529117,2,0
0.485777,0.498352,0.528141,2,0
0.486265,0.496398,0.528263,2,0
0.486387,0.495666,0.524356,2,0
0.486876,0.49066,0.524478,2,0
0.485655,0.4848,0.520571,2,0
0.485289,0.478696,0.51581,2,0
0.485167,0.471737,0.5152,2,0
0.486021,0.470028,0.514345,2,0
0.48419,0.476377,0.511659,2,0
0.484434,0.474301,0.513246,2,0
0.485533,0.479429,0.514345,2,0
0.492736,0.483702,0.520693,2,0
0.496887,0.48187,0.523623,2,0
0.498352,0.487242,0.523257,2,0
0.499329,0.493835,0.52399,2,0
0.498962,0.49237,0.525943,2,0
0.500671,0.494201,0.527286,2,0
0.500671,0.498352,0.527286,2,0
0.500794,0.498108,0.528019,2,0
0.499817,0.500549,0.528385,2,0
0.499817,0.499329,0.528141,2,0
0.498474,0.496643,0.527408,2,0
0.498474,0.49823,0.527286,2,0
0.497986,0.496643,0.528385,2,0
0.500916,0.493957,0.529728,2,0
0.49823,0.495422,0.528141,2,0
0.496643,0.497009,0.527774,2,0
0.496398,0.499451,0.529117,2,0
0.495056,0.497986,0.527774,2,0
0.495178,0.495788,0.52753,2,0
0.495422,0.496521,0.527164,2,0
0.497375,0.49823,0.526554,2,0
0.496765,0.501648,0.525455,2,0
0.494811,0.504212,0.525821,2,0
0.494567,0.503968,0.528995,2,0
0.494567,0.505311,0.531193,2,0
0.492248,0.503113,0.529361,2,0
0.49298,0.503235,0.527408,2,0
0.493224,0.502381,0.52753,2,0
0.494079,0.502259,0.527774,2,0
0.494689,0.502259,0.52753,2,0
0.495666,0.502625,0.526309,2,0
0.495666,0.50177,0.52692,2,0
0.496154,0.503113,0.528263,2,0
0.495422,0.504822,0.529117,2,0
0.495666,0.506043,0.530827,2,0
0.493957,0.506654,0.531803,2,0
0.494079,0.508485,0.535344,2,0
0.491515,0.507264,0.533512,2,0
0.49066,0.503846,0.532047,2,0
0.491881,0.499695,0.531315,2,0
0.49066,0.496398,0.525943,2,0
0.489684,0.493713,0.521304,2,0
0.488951,0.492126,0.517275,2,0
0.487486,0.489806,0.513002,2,0
0.486876,0.490905,0.51227,2,0
0.486143,0.49298,0.514345,2,0
0.484556,0.49237,0.515078,2,0
0.489195,0.485289,0.522281,2,0
0.492248,0.49298,0.524356,2,0
0.493713,0.49884,0.524844,2,0
0.49591,0.493224,0.531925,2,0
0.497741,0.494445,0.533146,2,0
0.495422,0.50116,0.529728,2,0
0.495666,0.498596,0.529484,2,0
0.496154,0.497864,0.52985,2,0
0.496398,0.499939,0.529117,2,0
0.497131,0.498718,0.53046,2,0
0.496521,0.499329,0.529728,2,0
0.496154,0.499817,0.528751,2,0
0.496276,0.497619,0.527896,2,0
0.496276,0.499817,0.528385,2,0
0.496521,0.499084,0.528507,2,0
0.496643,0.498718,0.527896,2,0
0.496276,0.498962,0.527652,2,0
0.496398,0.498718,0.527408,2,0
0.496032,0.498474,0.527774,2,0
0.496154,0.497741,0.527896,2,0
0.496032,0.497741,0.528019,2,0
0.495788,0.498352,0.528141,2,0
0.495544,0.49823,0.528751,2,0
0.495788,0.498108,0.528385,2,0
0.495788,0.498352,0.527774,2,0
0.496521,0.497864,0.527774,2,0
0.496032,0.497986,0.528019,2,0
0.495788,0.498474,0.52753,2,0
0.496032,0.498352,0.527652,2,0
0.496032,0.49823,0.52692,2,0
0.496032,0.497619,0.527042,2,0
0.496643,0.497986,0.527896,2,0
0.496398,0.497986,0.528141,2,0
0.496398,0.497497,0.52985,2,0
0.49591,0.498718,0.529972,2,0
0.49591,0.499084,0.528385,2,0
0.497131,0.497864,0.527408,2,0
0.497864,0.497986,0.526309,2,0
0.497619,0.498596,0.526554,2,0
0.497375,0.499329,0.527896,2,0
0.496887,0.499573,0.529117,2,0
0.497131,0.497864,0.528019,2,0
0.497619,0.496887,0.528263,2,0
0.49823,0.496521,0.528141,2,0
0.497497,0.496765,0.528385,2,0
0.496521,0.497253,0.527774,2,0
0.495544,0.495422,0.527286,2,0
0.495544,0.4953,0.527408,2,0
0.493591,0.494933,0.526554,2,0
0.49298,0.494811,0.527164,2,0
0.49237,0.493713,0.525821,2,0
0.491515,0.49298,0.526187,2,0
0.492614,0.493102,0.526431,2,0
0.492126,0.49237,0.525577,2,0
0.491393,0.492614,0.525211,2,0
0.491149,0.492126,0.526309,2,0
0.49066,0.491759,0.525577,2,0
0.490416,0.491271,0.526798,2,0
0.491149,0.491759,0.528507,2,0
0.492126,0.491881,0.529117,2,0
0.49237,0.491637,0.526676,2,0
0.493102,0.491027,0.52692,2,0
0.492614,0.492248,0.525577,2,0
0.490905,0.491637,0.523379,2,0
0.490416,0.492003,0.522769,2,0
0.489928,0.492736,0.522036,2,0
0.48944,0.492126,0.52167,2,0
0.489806,0.492003,0.52167,2,0
0.490416,0.491881,0.522891,2,0
0.490172,0.491637,0.523501,2,0
0.489928,0.492126,0.524478,2,0
0.48944,0.492248,0.523135,2,0
0.489073,0.491881,0.523623,2,0
0.487608,0.490538,0.524112,2,0
0.485777,0.492492,0.524112,2,0
0.486387,0.493591,0.524356,2,0
0.48651,0.492248,0.523501,2,0
0.485777,0.492492,0.52399,2,0
0.486265,0.492614,0.524234,2,0
0.486754,0.491149,0.523746,2,0
0.487975,0.488829,0.524966,2,0
0.488463,0.489073,0.523379,2,0
0.488219,0.487853,0.523501,2,0
0.487975,0.488097,0.524112,2,0
0.489195,0.487608,0.521304,2,0
0.489073,0.488341,0.523135,2,0
0.488219,0.488341,0.526554,2,0
0.488707,0.490783,0.528263,2,0
0.488829,0.493346,0.528507,2,0
0.489195,0.493835,0.531193,2,0
0.487975,0.497253,0.534123,2,0
0.485777,0.496643,0.538396,2,0
0.485777,0.498474,0.537907,2,0
0.486387,0.496521,0.536442,2,0
0.486876,0.492858,0.53571,2,0
0.486143,0.49237,0.529972,2,0
0.485289,0.492492,0.525577,2,0
0.486387,0.492858,0.522525,2,0
0.485045,0.493713,0.514101,2,0
0.485655,0.49298,0.51227,2,0
0.486265,0.492736,0.506165,2,0
0.485533,0.493835,0.503479,2,0
0.486021,0.493346,0.499695,2,0
0.486876,0.491759,0.496765,2,0
0.486876,0.489684,0.497497,2,0
0.487486,0.48944,0.496276,2,0
0.487364,0.490416,0.497253,2,0
0.487364,0.487364,0.503113,2,0
0.48944,0.487486,0.508119,2,0
0.488829,0.489073,0.519106,2,0
0.487608,0.489806,0.517031,2,0
0.48773,0.485899,0.534977,2,0
0.4848,0.485655,0.533879,2,0
0.486998,0.487486,0.540105,2,0
0.484434,0.48651,0.538518,2,0
0.487242,0.487242,0.53632,2,0
0.489928,0.486754,0.536198,2,0
0.489195,0.486387,0.532047,2,0
0.491149,0.48651,0.531803,2,0
0.490294,0.487242,0.52985,2,0
0.491271,0.485045,0.529728,2,0
0.491027,0.486021,0.529606,2,0
0.490416,0.487486,0.528629,2,0
0.490783,0.486387,0.529484,2,0
0.489806,0.487975,0.529972,2,0
0.489562,0.488585,0.529606,2,0
0.489195,0.489073,0.530582,2,0
0.488829,0.488951,0.529606,2,0
0.488463,0.487975,0.528873,2,0
0.488341,0.487975,0.528019,2,0
0.487853,0.489562,0.527164,2,0
0.486876,0.488951,0.52692,2,0
0.485899,0.489318,0.526554,2,0
0.486387,0.491515,0.525699,2,0
0.484678,0.493224,0.523013,2,0
0.4848,0.490538,0.524722,2,0
0.484312,0.493346,0.521792,2,0
0.48187,0.496521,0.520449,2,0
0.483091,0.494567,0.522647,2,0
0.482115,0.497131,0.51581,2,0
0.482115,0.4953,0.514467,2,0
0.482969,0.492003,0.511415,2,0
0.482359,0.494201,0.50702,2,0
0.483213,0.494567,0.504944,2,0
0.481016,0.495056,0.500061,2,0
0.482481,0.493102,0.500427,2,0
0.480283,0.493468,0.49884,2,0
0.479307,0.492126,0.500671,2,0
0.481016,0.493835,0.503724,2,0
0.480772,0.494323,0.501892,2,0
0.480527,0.491759,0.50995,2,0
0.482481,0.493346,0.510194,2,0
0.480527,0.495178,0.515688,2,0
0.480527,0.494689,0.51581,2,0
0.483824,0.492858,0.519961,2,0
0.481626,0.489318,0.518008,2,0
0.485899,0.488829,0.523501,2,0
0.486998,0.490783,0.527286,2,0
0.486876,0.492736,0.52399,2,0
0.488219,0.487975,0.534855,2,0
0.487364,0.489806,0.531681,2,0
0.490538,0.491881,0.534611,2,0
0.488341,0.489073,0.53339,2,0
0.490905,0.49005,0.534489,2,0
0.490538,0.491759,0.532658,2,0
0.490172,0.49066,0.531681,2,0
0.490783,0.487608,0.531559,2,0
0.490783,0.488585,0.531071,2,0
0.491027,0.48944,0.530949,2,0
0.491149,0.490294,0.531071,2,0
0.490294,0.490172,0.530582,2,0
0.49005,0.49005,0.530827,2,0
0.489195,0.488585,0.529606,2,0
0.48944,0.489195,0.529361,2,0
0.48773,0.490172,0.527408,2,0
0.48712,0.489195,0.526798,2,0
0.48651,0.488463,0.525088,2,0
0.485777,0.490294,0.524234,2,0
0.486143,0.492126,0.522525,2,0
0.485167,0.492736,0.52167,2,0
0.4848,0.49237,0.521548,2,1
0.483946,0.494933,0.518984,2,0
0.483702,0.494567,0.518496,2,0
0.482603,0.493957,0.519228,2,0
0.481992,0.495666,0.517519,2,0
0.480527,0.496398,0.518374,2,0
0.480527,0.498474,0.517763,2,0
0.479795,0.499573,0.5152,2,0
0.480283,0.497009,0.514345,2,0
0.479184,0.49591,0.510927,2,0
0.479551,0.495544,0.508729,2,0
0.478818,0.495056,0.505921,2,0
0.478818,0.494201,0.50763,2,0
0.478086,0.494079,0.505067,2,0
0.479184,0.493835,0.505921,2,0
0.478452,0.494201,0.508851,2,0
0.479917,0.4953,0.507508,2,0
0.481992,0.494445,0.509828,2,0
0.480283,0.490783,0.51349,2,0
0.482969,0.493713,0.511415,2,0
0.483702,0.4953,0.517519,2,0
0.4848,0.494201,0.516543,2,0
0.487364,0.495422,0.524966,2,0
0.486143,0.496398,0.524112,2,0
0.489928,0.497741,0.530704,2,0
0.488219,0.495422,0.534489,2,0
0.48944,0.496521,0.53571,2,0
0.489684,0.495788,0.537541,2,0
0.490294,0.497497,0.534123,2,0
0.490783,0.494567,0.53339,2,0
0.490905,0.493713,0.530949,2,0
0.492003,0.493102,0.528995,2,0
0.49237,0.49237,0.527774,2,0
0.492248,0.491393,0.526554,2,0
0.492126,0.490783,0.526676,2,0
0.491759,0.491881,0.52692,2,0
0.491759,0.491515,0.528263,2,0
0.491393,0.491881,0.529239,2,0
0.490416,0.493102,0.530338,2,0
0.489073,0.492492,0.532414,2,0
0.488707,0.494445,0.533146,2,0
0.48651,0.494567,0.532292,2,0
0.486754,0.492614,0.534245,2,0
0.485655,0.494567,0.532047,2,0
0.485167,0.4953,0.531437,2,1
0.485167,0.495056,0.528995,2,0
0.485045,0.495056,0.525455,2,0
0.4848,0.493957,0.523379,2,0
0.484068,0.493835,0.52167,2,0
0.484434,0.49591,0.518252,2,0
0.483457,0.494689,0.515566,2,0
0.484068,0.491271,0.513857,2,0
0.484312,0.495178,0.510438,2,0
0.482481,0.497375,0.506043,2,0
0.483824,0.494445,0.504334,2,0
0.483213,0.49237,0.500916,2,0
0.481626,0.495056,0.49823,2,0
0.480405,0.494445,0.499329,2,0
0.480405,0.493224,0.500305,2,0
0.479429,0.494933,0.502869,2,0
0.481504,0.493957,0.503724,2,0
0.484068,0.49298,0.509706,2,0
0.483457,0.489073,0.51288,2,0
0.486143,0.490294,0.516176,2,0
0.487608,0.490538,0.525821,2,0
0.48712,0.491027,0.52106,2,0
0.491759,0.489684,0.534001,2,0
0.488951,0.491149,0.5351,2,0
0.492736,0.499206,0.534367,2,0
0.493102,0.494933,0.538274,2,0
0.492614,0.492614,0.536565,2,0
0.495056,0.497131,0.535222,2,0
0.494445,0.496521,0.534001,2,0
0.494567,0.492736,0.534489,2,0
0.494323,0.492614,0.532658,2,0
0.494079,0.492248,0.530582,2,0
0.494567,0.49005,0.529361,2,0
0.494567,0.488707,0.527652,2,0
0.493957,0.489684,0.526065,2,0
0.494079,0.49005,0.525943,2,0
0.493713,0.490783,0.524966,2,0
0.493346,0.489562,0.524234,2,0
0.493224,0.488951,0.524478,2,0
0.492614,0.489928,0.525088,2,0
0.49237,0.490172,0.526431,2,0
0.492126,0.49005,0.527408,2,0
0.492248,0.48944,0.526187,2,0
0.491759,0.489195,0.526309,2,0
0.491393,0.491027,0.527164,2,0
0.49066,0.492492,0.529606,2,0
0.49005,0.494201,0.531559,2,1
0.489562,0.496276,0.532292,2,0
0.489684,0.496643,0.532414,2,0
0.48944,0.49591,0.533879,2,0
0.488951,0.497253,0.532169,2,0
0.489073,0.496154,0.531925,2,0
0.487608,0.496154,0.530094,2,0
0.487364,0.497009,0.530704,2,0
0.485045,0.49823,0.52753,2,0
0.485289,0.498352,0.527774,2,0
0.484312,0.498596,0.5246,2,0
0.484556,0.498108,0.518252,2,0
0.486754,0.492492,0.514833,2,0
0.486387,0.485411,0.509217,2,0
0.485167,0.487364,0.503601,2,0
0.484312,0.491027,0.49884,2,0
0.485655,0.490416,0.496887,2,0
0.485655,0.49066,0.496643,2,0
0.485533,0.492003,0.499573,2,0
0.484434,0.493224,0.502503,2,0
0.484556,0.494689,0.505921,2,0
0.482481,0.491881,0.513857,2,0
0.484434,0.492736,0.514345,2,0
0.485411,0.496154,0.525455,2,0
0.482603,0.498108,0.524966,2,0
0.486876,0.499206,0.521182,2,0
0.48712,0.490783,0.530949,2,0
0.489684,0.489684,0.526065,2,0
0.494567,0.49298,0.533634,2,0
0.491759,0.493713,0.531681,2,0
0.494445,0.49066,0.538762,2,0
0.494811,0.494079,0.536565,2,0
0.494201,0.497619,0.534855,2,0
0.494079,0.489562,0.537663,2,0
0.493713,0.491881,0.534367,2,0
0.493957,0.493346,0.531681,2,0
0.494811,0.489562,0.531193,2,0
0.493224,0.490294,0.529972,2,0
0.49237,0.49237,0.52985,2,0
0.49237,0.490905,0.531193,2,0
0.491637,0.49005,0.53046,2,0
0.491637,0.488097,0.531437,2,0
0.492003,0.489562,0.529239,2,0
0.491515,0.489318,0.527774,2,0
0.489562,0.488829,0.526187,2,0
0.488341,0.489562,0.523746,2,0
0.48651,0.487975,0.523868,2,0
0.486143,0.490172,0.523501,2,0
0.485655,0.49298,0.52399,2,1
0.48651,0.49237,0.524234,2,0
0.487364,0.490905,0.522158,2,0
0.487242,0.49005,0.519839,2,0
0.48712,0.490538,0.516298,2,0
0.487608,0.491515,0.514955,2,0
0.486632,0.491149,0.512025,2,0
0.487364,0.491271,0.511171,2,0
0.487608,0.491515,0.51288,2,0
0.485289,0.49237,0.51349,2,0
0.4848,0.493591,0.515932,2,0
0.483824,0.4953,0.518862,2,0
0.482725,0.496398,0.519106,2,0
0.483702,0.493957,0.522769,2,0
0.484068,0.492614,0.523501,2,0
0.4848,0.492858,0.525821,2,0
0.485533,0.493346,0.525577,2,0
0.484678,0.494445,0.52753,2,0
0.485167,0.494567,0.52753,2,0
0.485167,0.496032,0.527652,2,0
0.484678,0.497009,0.529239,2,0
0.485411,0.496276,0.52753,2,0
0.486143,0.496276,0.528507,2,0
0.486632,0.500916,0.526798,2,0
0.486632,0.501038,0.525577,2,0
0.487364,0.500183,0.526065,2,0
0.488341,0.502014,0.525088,2,0
0.488463,0.504212,0.524356,2,0
0.48944,0.501404,0.523379,2,0
0.489562,0.497619,0.523623,2,0
0.489318,0.499329,0.522769,2,0
0.490172,0.493224,0.523135,2,0
0.489318,0.489928,0.523501,2,0
0.488341,0.49237,0.523746,2,0
0.48773,0.494567,0.524234,2,0
0.487608,0.486143,0.52692,2,0
0.487364,0.494689,0.526554,2,0
0.486632,0.503846,0.52692,2,0
0.486998,0.502136,0.528141,2,0
0.487975,0.505921,0.528507,2,0
0.48944,0.507142,0.528629,2,0
0.490538,0.507752,0.529606,2,0
0.491881,0.509462,0.528995,2,0
0.490416,0.509584,0.529117,2,0
0.492003,0.510682,0.531315,2,0
0.492614,0.512636,0.530949,2,0
0.493102,0.516054,0.533268,2,0
0.492614,0.520083,0.539373,2,0
0.49066,0.522769,0.53278,2,1
0.491271,0.511537,0.530094,2,0
0.491637,0.499329,0.524356,2,0
0.490783,0.494811,0.519595,2,0
0.489318,0.495056,0.515078,2,0
0.48773,0.494567,0.510072,2,0
0.485411,0.492126,0.507752,2,0
0.48419,0.492736,0.507874,2,0
0.482481,0.498718,0.504578,2,0
0.482847,0.49823,0.506898,2,0
0.483946,0.499084,0.50995,2,0
0.486387,0.500671,0.510682,2,0
0.488829,0.501892,0.5152,2,0
0.492003,0.504334,0.517153,2,0
0.495178,0.500794,0.525699,2,0
0.499084,0.497131,0.531681,2,0
0.500427,0.496032,0.538884,2,0
0.498962,0.49823,0.534245,2,0
0.494689,0.500549,0.53925,2,0
0.494445,0.498596,0.539128,2,0
0.49591,0.501526,0.538518,2,0
0.495178,0.498108,0.536809,2,0
0.497009,0.49298,0.536076,2,0
0.496032,0.490905,0.534489,2,0
0.496032,0.492858,0.531193,2,0
0.496398,0.492614,0.527652,2,0
0.496643,0.490783,0.52753,2,0
0.496643,0.49066,0.526554,2,0
0.49591,0.491759,0.526309,2,0
0.496032,0.491759,0.52692,2,0
0.495788,0.492003,0.526554,2,0
0.495422,0.491393,0.526431,2,0
0.4953,0.491271,0.525699,2,0
0.494445,0.490294,0.525943,2,0
0.493102,0.490905,0.524722,2,0
0.492614,0.489562,0.525211,2,0
0.492248,0.489073,0.526309,2,0
0.491637,0.489684,0.525943,2,0
0.491271,0.492003,0.52399,2,0
0.490416,0.493224,0.523379,2,0
0.490416,0.493468,0.522281,2,0
0.490538,0.493957,0.520938,2,0
0.490294,0.493957,0.521426,2,0
0.491759,0.492248,0.524356,2,0
0.493713,0.489928,0.526554,2,0
0.49298,0.486021,0.525333,2,0
0.492492,0.486632,0.525455,2,0
0.492736,0.489684,0.527042,2,0
0.492003,0.491759,0.524722,2,1
0.492126,0.485411,0.526187,2,0
0.493957,0.484678,0.528141,2,0
0.493102,0.485533,0.52399,2,0
0.491393,0.483702,0.523379,2,0
0.49066,0.482115,0.521792,2,0
0.48944,0.481382,0.520205,2,0
0.488585,0.481626,0.519473,2,0
0.487853,0.482115,0.518618,2,0
0.487364,0.481626,0.519351,2,0
0.487242,0.481992,0.520205,2,0
0.486876,0.487486,0.520449,2,0
0.486998,0.483946,0.520693,2,0
0.488097,0.497497,0.523623,2,0
0.487853,0.498352,0.525699,2,0
0.488097,0.496643,0.527164,2,0
0.487975,0.49884,0.525821,2,0
0.488097,0.499817,0.524844,2,0
0.487975,0.500549,0.524844,2,0
0.488219,0.500916,0.524478,2,0
0.488463,0.50116,0.523501,2,0
0.489073,0.500671,0.524234,2,0
0.489928,0.500549,0.523746,2,0
0.49066,0.500427,0.52399,2,0
0.490416,0.499939,0.523746,2,0
0.489684,0.500061,0.523623,2,0
0.490294,0.498108,0.524478,2,0
0.489195,0.497253,0.524112,2,0
0.488829,0.494933,0.525577,2,0
0.489806,0.494933,0.52692,2,0
0.48944,0.494201,0.526309,2,0
0.489195,0.491881,0.526676,2,0
0.489195,0.491759,0.527774,2,0
0.489318,0.491759,0.527286,2,0
0.490172,0.49237,0.527652,2,0
0.490905,0.493591,0.528385,2,0
0.491149,0.494445,0.528873,2,0
0.491759,0.494445,0.527774,2,0
0.492126,0.493591,0.526554,2,0
0.492126,0.493346,0.526798,2,0
0.492492,0.49237,0.525577,2,0
0.493102,0.493346,0.528263,2,0
0.492736,0.49591,0.532169,2,0
0.492003,0.500794,0.537053,2,0
0.490416,0.501648,0.537541,2,0
0.487608,0.499817,0.534489,2,0
0.485899,0.4953,0.534367,2,0
0.486143,0.493102,0.531315,2,1
0.484434,0.496398,0.526431,2,0
0.484556,0.496032,0.527652,2,0
0.485655,0.494933,0.525211,2,0
0.484068,0.495788,0.517641,2,0
0.483213,0.495544,0.512514,2,0
0.484068,0.49066,0.509584,2,0
0.483824,0.488829,0.504456,2,0
0.483335,0.49298,0.499573,2,0
0.483335,0.495056,0.494445,2,0
0.483824,0.49298,0.494689,2,0
0.483335,0.491637,0.496276,2,0
0.483457,0.492614,0.497131,2,0
0.48358,0.493591,0.503479,2,0
0.483946,0.49298,0.507142,2,0
0.485899,0.49237,0.512514,2,0
0.488219,0.489684,0.519717,2,0
0.491027,0.489684,0.522281,2,0
0.492248,0.489806,0.531071,2,0
0.494689,0.490538,0.52692,2,0
0.4953,0.487242,0.537419,2,0
0.496398,0.486265,0.538274,2,0
0.497009,0.49884,0.535588,2,0
0.497131,0.491881,0.53925,2,0
0.498352,0.486876,0.538274,2,0
0.497619,0.487364,0.535954,2,0
0.497009,0.48944,0.534733,2,0
0.496887,0.488341,0.531925,2,0
0.496276,0.487364,0.531437,2,0
0.495666,0.486754,0.529484,2,0
0.494689,0.488097,0.526187,2,0
0.494933,0.486754,0.525455,2,0
0.4953,0.48651,0.525821,2,0
0.494689,0.488341,0.524844,2,0
0.494201,0.488707,0.527774,2,0
0.493713,0.488829,0.529117,2,0
0.492248,0.489073,0.529728,2,0
0.492492,0.487975,0.533024,2,0
0.49237,0.489073,0.532047,2,0
0.492126,0.490783,0.531315,2,0
0.491393,0.489684,0.531681,2,0
0.489318,0.490783,0.529728,2,0
0.489195,0.491637,0.529972,2,0
0.488585,0.493713,0.528019,2,0
0.488219,0.494811,0.528629,2,0
0.488463,0.493713,0.530949,2,0
0.486387,0.498474,0.525821,2,0
0.48651,0.495422,0.53046,2,0
0.485533,0.492003,0.52753,2,1
0.483457,0.494567,0.522769,2,0
0.48358,0.494201,0.521548,2,0
0.482359,0.4953,0.513002,2,0
0.483335,0.494811,0.511903,2,0
0.48419,0.492003,0.507874,2,0
0.483824,0.489195,0.503479,2,0
0.48187,0.494079,0.500183,2,0
0.482725,0.495544,0.493591,2,0
0.481748,0.494201,0.492492,2,0
0.483213,0.491881,0.494323,2,0
0.482481,0.493102,0.494323,2,0
0.482237,0.493713,0.500427,2,0
0.482237,0.491881,0.501404,2,0
0.48419,0.49237,0.508973,2,0
0.482481,0.492003,0.511903,2,0
0.48651,0.494933,0.518252,3,0
0.484678,0.491393,0.525821,3,0
0.486021,0.494689,0.520083,3,0
0.489928,0.489806,0.532169,3,0
0.48944,0.487486,0.526798,3,0
0.493346,0.489684,0.538884,3,0
0.490538,0.491393,0.534123,3,0
0.490783,0.496765,0.537175,3,0
0.492003,0.491515,0.537907,3,0
0.492248,0.488219,0.536076,3,0
0.49298,0.488829,0.533146,3,0
0.490783,0.487853,0.532414,3,0
0.491393,0.485655,0.531925,3,0
0.49298,0.485289,0.531437,3,0
0.492126,0.486143,0.528995,3,0
0.491881,0.486021,0.528507,3,0
0.492736,0.486876,0.525699,3,0
0.49298,0.486387,0.524234,3,0
0.492614,0.486143,0.523868,3,0
0.490905,0.488097,0.525333,3,0
0.490783,0.488463,0.527774,3,0
0.489195,0.488585,0.529117,3,0
0.487608,0.487975,0.531315,3,0
0.488951,0.488097,0.530338,3,0
0.488707,0.488341,0.526554,3,0
0.489562,0.487364,0.524234,3,0
0.488219,0.488097,0.520327,3,0
0.486876,0.49005,0.518496,3,0
0.486998,0.490172,0.518984,3,0
0.485533,0.491149,0.517397,3,0
0.4848,0.491881,0.517031,3,0
0.48358,0.492492,0.516543,3,0
0.482237,0.493468,0.516054,3,0
0.482725,0.492614,0.516054,3,0
0.482481,0.491027,0.518008,3,0
0.482725,0.491881,0.518374,3,0
0.482481,0.491881,0.518496,3,0
0.482725,0.492614,0.519473,3,0
0.482847,0.494445,0.518862,3,0
0.483702,0.495666,0.518618,3,0
0.484434,0.4953,0.520205,3,0
0.483946,0.495788,0.520571,3,0
0.484312,0.495788,0.523501,3,0
0.485655,0.496398,0.524722,3,0
0.486876,0.496032,0.526309,3,0
0.487853,0.497009,0.526676,3,0
0.486998,0.498596,0.525333,3,0
0.486021,0.499206,0.524478,3,0
0.485411,0.499084,0.5246,3,0
0.485289,0.49884,0.524844,3,0
0.484922,0.498474,0.524478,3,0
0.484678,0.497864,0.524722,3,0
0.4848,0.497375,0.525211,3,0
0.485167,0.497497,0.524356,3,0
0.485289,0.496032,0.52399,3,0
0.4848,0.496154,0.523868,3,0
0.484556,0.496643,0.523623,3,0
0.484922,0.496643,0.523623,3,0
0.485167,0.496521,0.52399,3,0
0.484922,0.496765,0.524356,3,0
0.485167,0.497619,0.524722,3,0
0.484922,0.498474,0.524722,3,0
0.484434,0.49823,0.524966,3,0
0.484434,0.498474,0.524966,3,0
0.484556,0.498108,0.525088,3,0
0.484922,0.497741,0.5246,3,0
0.483824,0.497375,0.524112,3,0
0.483702,0.498718,0.523257,3,0
0.482969,0.499939,0.522769,3,0
0.483702,0.499817,0.522769,3,0
0.484434,0.499573,0.522891,3,0
0.484678,0.500549,0.52167,3,0
0.485655,0.500794,0.520938,3,0
0.48712,0.501282,0.519595,3,0
0.486876,0.50116,0.519351,3,0
0.485899,0.500671,0.520449,3,0
0.484922,0.501038,0.520449,3,0
0.484556,0.500794,0.52106,3,0
0.483824,0.500305,0.523501,3,0
0.483702,0.499084,0.524844,3,0
0.483946,0.499329,0.526431,3,0
0.483946,0.499939,0.527652,3,0
0.483824,0.500061,0.528507,3,0
0.483946,0.500794,0.528141,3,0
0.48419,0.500916,0.527408,3,0
0.485045,0.500305,0.526431,3,0
0.485655,0.499939,0.525088,3,0
0.485899,0.499939,0.524112,3,0
0.486021,0.500061,0.523135,3,0
0.48651,0.499451,0.522525,3,0
0.486754,0.499206,0.522158,3,0
0.48651,0.499695,0.521548,3,0
0.486387,0.499206,0.522036,3,0
0.486143,0.499206,0.522281,3,0
0.486387,0.500061,0.522891,3,0
0.486998,0.499817,0.523135,3,0
0.48712,0.498962,0.52399,3,0
0.487486,0.499573,0.522891,3,0
0.488341,0.498474,0.522036,3,0
0.488951,0.497741,0.521426,3,0
0.488707,0.497864,0.520205,3,0
0.489195,0.493224,0.519106,3,0
0.491393,0.490294,0.518374,3,0
0.491759,0.487608,0.515932,3,0
0.491637,0.484068,0.513002,3,0
0.490416,0.482237,0.514833,3,0
0.491271,0.480283,0.515322,3,0
0.491393,0.480772,0.517641,3,0
0.492126,0.477719,0.522891,3,0
0.492248,0.484434,0.520205,3,0
0.494079,0.486265,0.518618,3,0
0.498474,0.477353,0.525211,3,0
0.500794,0.477964,0.525943,3,0
0.503846,0.474911,0.524234,3,0
0.507997,0.473813,0.521426,3,0
0.509095,0.453424,0.545233,3,0
0.505311,0.48358,0.539495,3,0
0.503113,0.479062,0.525699,3,0
0.504578,0.483702,0.51813,3,0
0.506409,0.483946,0.517031,3,0
0.507386,0.484434,0.516787,3,0
0.508973,0.483213,0.519717,3,0
0.511415,0.480405,0.524234,3,0
0.511903,0.480405,0.524722,3,0
0.511537,0.48065,0.523257,3,0
0.510805,0.481382,0.521182,3,0
0.510682,0.481626,0.520327,3,0
0.510927,0.48126,0.521182,3,0
0.510805,0.48126,0.522158,3,0
0.510316,0.483091,0.522281,3,0
0.509584,0.483946,0.522158,3,0
0.508851,0.483335,0.521914,3,0
0.508485,0.482237,0.522403,3,0
0.508241,0.482237,0.522403,3,0
0.508485,0.482969,0.522769,3,0
0.508851,0.482481,0.522891,3,0
0.508973,0.482969,0.522525,3,0
0.508973,0.483824,0.522158,3,0
0.508851,0.483335,0.522158,3,0
0.508851,0.482969,0.522525,3,0
0.508607,0.482847,0.523135,3,0
0.508485,0.483457,0.522158,3,0
0.508485,0.48358,0.522281,3,0
0.508363,0.483824,0.522647,3,0
0.508485,0.48358,0.522769,3,0
0.508363,0.483457,0.523013,3,0
0.508485,0.483702,0.523013,3,0
0.508241,0.48419,0.522403,3,0
0.507997,0.483702,0.523623,3,0
0.508363,0.483213,0.525333,3,0
0.508241,0.483091,0.528385,3,0
0.50995,0.481382,0.531925,3,0
0.510805,0.483335,0.531193,3,0
0.510438,0.482603,0.528141,3,0
0.507874,0.481016,0.523623,3,0
0.506776,0.481748,0.519228,3,0
0.505921,0.482359,0.520449,3,0
0.5047,0.483946,0.519839,3,0
0.504212,0.478818,0.520571,3,0
0.502136,0.478818,0.518008,3,0
0.500794,0.481504,0.517153,3,0
0.49884,0.478696,0.518252,3,0
0.49823,0.477719,0.518984,3,0
0.497741,0.479184,0.517031,3,0
0.497375,0.477597,0.515078,3,0
0.497131,0.4754,0.515322,3,0
0.497375,0.477475,0.514345,3,0
0.496154,0.476865,0.514345,3,0
0.4953,0.478574,0.515444,3,0
0.496765,0.476865,0.519473,3,0
0.498718,0.472592,0.522891,3,0
0.498352,0.477597,0.523379,3,0
0.496643,0.487975,0.523379,3,0
0.496887,0.487853,0.523623,3,0
0.495666,0.490172,0.520816,3,0
0.494811,0.489928,0.52106,3,0
0.493835,0.489562,0.522769,3,0
0.493591,0.488585,0.523501,3,0
0.494079,0.487608,0.524478,3,0
0.493835,0.486998,0.525699,3,0
0.492492,0.488097,0.524112,3,0
0.492492,0.487364,0.522281,3,0
0.49298,0.484068,0.523257,3,0
0.491759,0.485411,0.523013,3,0
0.489928,0.483091,0.523623,3,0
0.486021,0.475644,0.524234,3,0
0.481504,0.47247,0.524966,3,0
0.479551,0.472226,0.523379,3,0
0.479062,0.490294,0.520205,3,0
0.480527,0.491637,0.519595,3,0
0.484434,0.488707,0.523135,3,0
0.492492,0.485655,0.527286,3,0
0.497375,0.495178,0.524722,3,0
0.499939,0.495178,0.52106,3,0
0.507264,0.494567,0.529117,3,0
0.508851,0.495422,0.527042,3,0
0.508607,0.498108,0.524966,3,0
0.50702,0.500427,0.524844,3,0
0.506776,0.500794,0.525821,3,0
0.504944,0.501404,0.525821,3,0
0.502991,0.503235,0.525821,3,0
0.500427,0.504212,0.528385,3,0
0.50116,0.505311,0.528995,3,0
0.499329,0.503968,0.528751,3,0
0.499451,0.505555,0.529361,3,0
0.498962,0.504578,0.529239,3,0
0.499451,0.503479,0.530827,3,0
0.499939,0.504334,0.530704,3,0
0.499573,0.505433,0.528751,3,0
0.500061,0.502747,0.527896,3,0
0.497131,0.502747,0.526798,3,0
0.496643,0.502747,0.52753,3,0
0.497619,0.50116,0.528995,3,0
0.498108,0.502259,0.529728,3,0
0.499939,0.503113,0.529972,3,0
0.500061,0.502991,0.528629,3,0
0.500794,0.505555,0.528019,3,0
0.500794,0.503724,0.52753,3,0
0.500794,0.505311,0.527652,3,0
0.501038,0.505799,0.526676,3,0
0.501404,0.505677,0.52753,3,0
0.501404,0.505189,0.528629,3,0
0.500427,0.504212,0.528995,3,0
0.499939,0.501282,0.528507,3,0
0.499695,0.502991,0.527652,3,0
0.500061,0.502991,0.528385,3,0
0.500549,0.50177,0.528263,3,0
0.500427,0.502747,0.527652,3,0
0.499817,0.503113,0.527896,3,0
0.500183,0.503113,0.528507,3,0
0.500305,0.502503,0.528141,3,0
0.500305,0.503235,0.527896,3,0
0.500549,0.502381,0.528873,3,0
0.500061,0.502869,0.527652,3,0
0.500183,0.502991,0.527896,3,0
0.500549,0.502869,0.528751,3,0
0.500183,0.502869,0.529117,3,0
0.500305,0.50177,0.528751,3,0
0.500061,0.500671,0.528873,3,0
0.500061,0.500549,0.528385,3,0
0.499817,0.500183,0.528263,3,0
0.499206,0.500183,0.527042,3,0
0.497864,0.49591,0.52753,3,0
0.498108,0.500305,0.527286,3,0
0.49823,0.498352,0.52753,3,0
0.497986,0.498474,0.528873,3,0
0.498718,0.497009,0.528263,3,0
0.49884,0.495544,0.528019,3,0
0.499084,0.496521,0.528629,3,0
0.499084,0.500183,0.52753,3,0
0.499573,0.49823,0.528385,3,0
0.500183,0.499451,0.528507,3,0
0.500061,0.499573,0.528019,3,0
0.500061,0.499817,0.528385,3,0
0.499695,0.497741,0.528263,3,0
0.499084,0.496398,0.529361,3,0
0.49884,0.496521,0.528507,3,0
0.49884,0.495544,0.528385,3,0
0.498596,0.495666,0.529361,3,0
0.49823,0.494567,0.528141,3,0
0.498352,0.494933,0.527896,3,0
0.498352,0.496276,0.528019,3,0
0.498718,0.496032,0.528629,3,0
0.49884,0.496765,0.528263,3,0
0.499206,0.496887,0.528873,3,0
0.49884,0.497009,0.52753,3,0
0.499206,0.497741,0.527286,3,0
0.500061,0.496643,0.527652,3,0
0.499451,0.496765,0.527774,3,0
0.498962,0.496887,0.528263,3,0
0.498962,0.497497,0.528873,3,0
0.49884,0.497741,0.528751,3,0
0.499206,0.497009,0.528141,3,0
0.499206,0.497253,0.527774,3,0
0.499329,0.497253,0.52753,3,0
0.499695,0.497375,0.528263,3,0
0.499329,0.497741,0.528141,3,0
0.499329,0.498108,0.528141,3,0
0.499329,0.497497,0.528263,3,0
0.49884,0.497986,0.528019,3,0
0.49884,0.498108,0.528263,3,0
0.498718,0.497864,0.529361,3,0
0.498962,0.498718,0.529117,3,0
0.499695,0.497986,0.528751,3,0
0.498962,0.497619,0.529484,3,0
0.498474,0.498596,0.529606,3,0
0.500061,0.498352,0.528873,3,0
0.501282,0.499206,0.527408,3,0
0.502014,0.497131,0.527652,3,0
0.500671,0.498718,0.526431,3,0
0.499573,0.49823,0.527042,3,0
0.499695,0.497986,0.527774,3,0
0.499084,0.49823,0.528019,3,0
0.496887,0.497253,0.528019,3,0
0.496521,0.496887,0.527408,3,0
0.496643,0.497986,0.527774,3,0
0.497009,0.497375,0.527896,3,0
0.497375,0.497619,0.527408,3,0
0.497497,0.497131,0.528507,3,0
0.498962,0.497619,0.528629,3,0
0.500061,0.49884,0.527408,3,0
0.499817,0.500427,0.52692,3,0
0.501038,0.501282,0.527408,3,0
0.502625,0.500305,0.528141,3,0
0.501526,0.499451,0.528629,3,0
0.502136,0.499695,0.529728,3,0
0.502381,0.496276,0.530094,3,0
0.501282,0.493957,0.529239,3,0
0.502259,0.494811,0.530949,3,0
0.500305,0.492736,0.530338,3,0
0.498718,0.495178,0.528995,3,0
0.49884,0.4953,0.52753,3,0
0.498108,0.493713,0.528751,3,0
0.495056,0.494445,0.528141,3,0
0.49237,0.496765,0.528141,3,0
0.48944,0.495422,0.527164,3,0
0.487608,0.495422,0.526554,3,0
0.487486,0.493957,0.525455,3,0
0.488097,0.492126,0.526798,3,0
0.488829,0.49298,0.526798,3,0
0.489195,0.492492,0.525577,3,0
0.489195,0.49066,0.527408,3,0
0.48773,0.492858,0.52985,3,0
0.485655,0.49237,0.532292,3,0
0.48419,0.493468,0.536198,3,0
0.483946,0.493957,0.536809,3,0
0.485777,0.497619,0.537297,3,0
0.486265,0.498962,0.53571,3,0
0.486021,0.497619,0.531559,3,0
0.487486,0.499939,0.530338,3,0
0.488219,0.503235,0.528995,3,0
0.489562,0.502259,0.526309,3,0
0.491027,0.502747,0.519961,3,0
0.493346,0.506043,0.517397,3,0
0.495422,0.512147,0.508729,3,0
0.494445,0.511781,0.501892,3,0
0.494201,0.512636,0.498108,3,0
0.495056,0.5152,0.495422,3,0
0.49298,0.512636,0.497497,3,0
0.495544,0.510316,0.503479,3,0
0.493835,0.50934,0.507997,3,0
0.492614,0.505067,0.515932,3,0
0.49005,0.505433,0.519228,3,0
0.491881,0.5047,0.523257,3,0
0.488585,0.494689,0.530949,3,0
0.48944,0.496154,0.534611,3,0
0.485777,0.494933,0.536442,3,0
0.486143,0.489073,0.539739,3,0
0.485289,0.493957,0.539373,3,0
0.485045,0.489318,0.536931,3,0
0.487608,0.491271,0.536442,3,0
0.487608,0.492858,0.532047,3,0
0.48944,0.49298,0.531681,3,0
0.489928,0.492736,0.530338,3,0
0.488829,0.493713,0.528507,3,0
0.491393,0.495056,0.528141,3,0
0.491271,0.495788,0.527652,3,0
0.492248,0.496887,0.528019,3,0
0.492614,0.497131,0.527286,3,0
0.492858,0.496521,0.52753,3,0
0.49237,0.493957,0.528507,3,0
0.489806,0.492858,0.530827,3,0
0.488951,0.49237,0.531681,3,0
0.489195,0.492492,0.531803,3,0
0.488463,0.493468,0.531681,3,0
0.488463,0.494201,0.531559,3,0
0.488219,0.494689,0.530827,3,0
0.487853,0.49591,0.531071,3,0
0.488585,0.496398,0.531071,3,0
0.488951,0.498474,0.530216,3,0
0.487975,0.499451,0.529484,3,0
0.487242,0.500427,0.530094,3,0
0.48712,0.500794,0.528995,3,0
0.488097,0.503113,0.527774,3,0
0.48773,0.505067,0.528751,3,0
0.488585,0.503113,0.527774,3,0
0.488951,0.504334,0.526798,3,0
0.488219,0.505189,0.525943,3,0
0.489318,0.509217,0.525333,3,0
0.486754,0.511293,0.522158,3,0
0.489195,0.509462,0.523868,3,0
0.489195,0.510072,0.521304,3,0
0.488707,0.509584,0.517886,3,0
0.48944,0.511903,0.514955,3,0
0.486754,0.513002,0.50995,3,0
0.487608,0.51349,0.509095,3,0
0.486021,0.515078,0.504944,3,0
0.487608,0.51642,0.503601,3,0
0.486143,0.51581,0.501404,3,0
0.48712,0.513735,0.502381,3,0
0.488219,0.513979,0.5047,3,0
0.488463,0.512514,0.507264,3,0
0.490172,0.512147,0.509462,3,0
0.488341,0.510316,0.512025,3,0
0.486998,0.510438,0.51581,3,0
0.486754,0.508119,0.519839,3,0
0.484434,0.509095,0.520449,3,0
0.48651,0.506532,0.525455,3,0
0.483946,0.5047,0.525821,3,0
0.48651,0.505799,0.529484,3,0
0.485655,0.504944,0.528995,3,0
0.485411,0.500061,0.532292,3,0
0.488463,0.502381,0.53339,3,0
0.486387,0.50177,0.531803,3,0
0.488341,0.497375,0.533879,3,0
0.489562,0.498962,0.53278,3,0
0.488097,0.498596,0.531193,3,0
0.488463,0.496643,0.532292,3,0
0.489195,0.49884,0.531315,3,0
0.48944,0.497253,0.531193,3,0
0.490783,0.497253,0.531071,3,0
0.491027,0.497619,0.529972,3,0
0.490416,0.497375,0.530094,3,0
0.49066,0.497741,0.530338,3,0
0.489684,0.498108,0.530338,3,0
0.48944,0.497253,0.531803,3,0
0.489195,0.497741,0.531315,3,0
0.48944,0.497009,0.531803,3,0
0.489195,0.497131,0.531315,3,0
0.488463,0.498108,0.531315,3,0
0.489073,0.499817,0.531071,3,0
0.488341,0.500916,0.530338,3,0
0.487853,0.501892,0.52985,3,0
0.487242,0.502991,0.528995,3,0
0.48773,0.502991,0.528629,3,0
0.487242,0.502625,0.527774,3,0
0.485899,0.503357,0.527042,3,0
0.485533,0.504944,0.526676,3,0
0.482481,0.503601,0.527164,3,0
0.482359,0.500427,0.528751,3,0
0.483946,0.504578,0.526309,3,0
0.485167,0.505311,0.526065,3,0
0.486387,0.506043,0.521792,3,0
0.486876,0.507874,0.519473,3,0
0.486998,0.510072,0.51581,3,0
0.488951,0.511415,0.513124,3,0
0.485533,0.513124,0.510438,3,0
0.487608,0.514467,0.509462,3,0
0.484678,0.515688,0.507874,3,0
0.485899,0.515078,0.50763,3,0
0.487608,0.515322,0.506043,3,0
0.485899,0.516176,0.504212,3,0
0.486265,0.516543,0.505189,3,0
0.489073,0.51813,0.504334,3,0
0.486632,0.51642,0.505555,3,0
0.489928,0.513857,0.509095,3,0
0.491637,0.513124,0.510194,3,0
0.489684,0.508729,0.513246,3,0
0.490416,0.505433,0.51813,3,0
0.489928,0.505799,0.518252,3,0
0.485655,0.499939,0.523013,3,0
0.486143,0.500549,0.525943,3,0
0.486143,0.500183,0.527652,3,0
0.485655,0.493468,0.531803,3,0
0.489195,0.4953,0.5351,3,0
0.48651,0.498718,0.53339,3,0
0.486754,0.493591,0.536687,3,0
0.488585,0.493835,0.535832,3,0
0.48944,0.492248,0.534001,3,0
0.490294,0.490416,0.535344,3,0
0.491149,0.493468,0.532414,3,0
0.492126,0.493346,0.531071,3,0
0.492614,0.491637,0.531559,3,0
0.492492,0.494933,0.529728,3,0
0.491881,0.494445,0.529972,3,0
0.49237,0.494811,0.529972,3,0
0.49237,0.493957,0.52985,3,0
0.492492,0.494811,0.52985,3,0
0.492003,0.494811,0.528629,3,0
0.49237,0.494811,0.528629,3,0
0.49237,0.495422,0.528263,3,1
0.49237,0.493591,0.529606,3,0
0.492126,0.494689,0.529361,3,0
0.491515,0.493957,0.529361,3,0
0.492003,0.494567,0.530338,3,0
0.49066,0.494689,0.529972,3,0
0.489073,0.493713,0.530827,3,0
0.487242,0.493346,0.532292,3,0
0.485655,0.492492,0.533634,3,0
0.486143,0.493713,0.534489,3,0
0.486265,0.495178,0.534001,3,0
0.485167,0.494323,0.53278,3,0
0.485411,0.49591,0.531437,3,0
0.484556,0.497986,0.528995,3,0
0.484434,0.497375,0.528873,3,0
0.48712,0.49884,0.526187,3,0
0.48944,0.502503,0.523013,3,0
0.491515,0.505677,0.520816,3,0
0.491271,0.507142,0.5152,3,0
0.494201,0.512392,0.510927,3,0
0.488585,0.514223,0.507752,3,0
0.491393,0.511293,0.508485,3,0
0.49066,0.513246,0.506287,3,0
0.49066,0.513613,0.505921,3,0
0.489928,0.513246,0.5047,3,0
0.487975,0.512147,0.505433,3,0
0.488585,0.513124,0.50702,3,0
0.489073,0.51349,0.507508,3,0
0.484678,0.508851,0.511293,3,0
0.488585,0.506165,0.518008,3,0
0.486021,0.505921,0.518252,3,0
0.485411,0.503357,0.523013,3,0
0.488341,0.503601,0.525577,3,0
0.486754,0.500183,0.525943,3,0
0.48773,0.495788,0.530949,3,0
0.485899,0.497253,0.530338,3,0
0.487486,0.493957,0.533146,3,0
0.484434,0.491759,0.533757,3,0
0.487975,0.490783,0.534245,3,0
0.485655,0.491271,0.532169,3,0
0.487975,0.490538,0.533024,3,0
0.49066,0.491637,0.530704,3,0
0.49237,0.492614,0.527896,3,0
0.491393,0.493713,0.528263,3,0
0.493591,0.494933,0.529606,3,0
0.492858,0.495666,0.528629,3,0
0.492248,0.494567,0.530216,3,0
0.490416,0.493713,0.53046,3,0
0.489073,0.493591,0.530827,3,1
0.48944,0.491393,0.531803,3,0
0.489073,0.49005,0.532169,3,0
0.487975,0.48944,0.532658,3,0
0.487486,0.491027,0.53278,3,0
0.48712,0.490905,0.532047,3,0
0.486387,0.492126,0.531559,3,0
0.486021,0.492614,0.531193,3,0
0.486387,0.492003,0.531803,3,0
0.487853,0.494567,0.530827,3,0
0.488097,0.496765,0.529606,3,0
0.487486,0.498108,0.528751,3,0
0.48773,0.49823,0.527652,3,0
0.486876,0.498718,0.526309,3,0
0.486876,0.501648,0.524356,3,0
0.488707,0.503235,0.523013,3,0
0.488463,0.505555,0.520327,3,0
0.48944,0.505433,0.519351,3,0
0.490416,0.510072,0.515932,3,0
0.490172,0.511049,0.514833,3,0
0.488219,0.512147,0.511537,3,0
0.49237,0.512636,0.511049,3,0
0.490172,0.513002,0.508241,3,0
0.491149,0.513368,0.507142,3,0
0.487486,0.513368,0.505799,3,0
0.487364,0.513124,0.506287,3,0
0.488951,0.515078,0.507508,3,0
0.486143,0.513002,0.50934,3,0
0.489684,0.508729,0.5152,3,0
0.486387,0.505555,0.517397,3,0
0.487486,0.504212,0.521304,3,0
0.48651,0.502991,0.523746,3,0
0.483702,0.498108,0.525577,3,0
0.48773,0.498108,0.529728,3,0
0.485289,0.496765,0.527774,3,0
0.486143,0.49298,0.530827,3,0
0.489195,0.495544,0.530704,3,0
0.487242,0.4953,0.52985,3,0
0.487975,0.493224,0.531559,3,0
0.487975,0.49298,0.531437,3,0
0.489684,0.493468,0.531071,3,0
0.489928,0.493102,0.530582,3,0
0.49066,0.493468,0.529972,3,0
0.491515,0.493224,0.529484,3,0
0.490294,0.49298,0.529117,3,0
0.489684,0.493468,0.530216,3,0
0.489073,0.494079,0.52985,3,0
0.488219,0.492126,0.532536,3,0
0.488097,0.492126,0.533634,3,1
0.487975,0.491149,0.533634,3,0
0.487486,0.49066,0.534855,3,0
0.48712,0.489928,0.534977,3,0
0.486754,0.491393,0.534611,3,0
0.486998,0.493224,0.533268,3,0
0.486021,0.494201,0.531925,3,0
0.48419,0.4953,0.531315,3,0
0.484678,0.494445,0.531803,3,0
0.486876,0.492492,0.530704,3,0
0.48712,0.496765,0.529117,3,0
0.487486,0.498718,0.526187,3,0
0.489928,0.500549,0.523746,3,0
0.489318,0.504212,0.519106,3,0
0.490172,0.505921,0.518008,3,0
0.489318,0.507752,0.515566,3,0
0.491027,0.508241,0.513613,3,0
0.490905,0.510194,0.511293,3,0
0.487608,0.511903,0.509095,3,0
0.490294,0.512392,0.509828,3,0
0.485899,0.514589,0.507874,3,0
0.487608,0.514223,0.509584,3,0
0.484434,0.513735,0.510316,3,0
0.486143,0.511903,0.512514,3,0
0.486143,0.512514,0.513613,3,0
0.485533,0.511659,0.514467,3,0
0.48651,0.510194,0.515566,3,0
0.485289,0.507142,0.517153,3,0
0.486998,0.507997,0.517397,3,0
0.483946,0.505555,0.518984,3,0
0.485899,0.505799,0.518984,3,0
0.484434,0.501648,0.522036,3,0
0.486754,0.500305,0.522281,3,0
0.486021,0.500061,0.525333,3,0
0.487853,0.500061,0.525821,3,0
0.486265,0.496398,0.527408,3,0
0.486265,0.49591,0.529606,3,0
0.486754,0.493346,0.532169,3,0
0.488585,0.49298,0.53339,3,0
0.489073,0.492126,0.532047,3,0
0.489562,0.490416,0.532658,3,0
0.489195,0.492248,0.530704,3,0
0.48944,0.492003,0.530704,3,0
0.491027,0.492003,0.530216,3,0
0.490783,0.492248,0.529361,3,0
0.490783,0.492126,0.530094,3,0
0.490905,0.492248,0.530338,3,0
0.49005,0.492003,0.531559,3,0
0.48944,0.491393,0.53278,3,0
0.488097,0.49005,0.532902,3,1
0.487853,0.489806,0.53339,3,0
0.486876,0.492003,0.532414,3,0
0.486876,0.492492,0.533024,3,0
0.486265,0.492736,0.532536,3,0
0.484678,0.494079,0.532658,3,0
0.484068,0.494567,0.53278,3,0
0.485289,0.494689,0.531681,3,0
0.486876,0.495666,0.530949,3,0
0.488219,0.496765,0.528019,3,0
0.489318,0.499084,0.525333,3,0
0.49005,0.501038,0.522525,3,0
0.491393,0.505189,0.519595,3,0
0.491027,0.507508,0.516543,3,0
0.491027,0.509584,0.514467,3,0
0.48944,0.510927,0.51288,3,0
0.489928,0.512636,0.510805,3,0
0.491149,0.512514,0.510316,3,0
0.487853,0.513613,0.508485,3,0
0.489928,0.513613,0.509217,3,0
0.488219,0.515322,0.507264,3,0
0.487242,0.514955,0.508119,3,0
0.485045,0.514101,0.50934,3,0
0.485533,0.511659,0.511659,3,0
0.483824,0.50934,0.514223,3,0
0.484068,0.505799,0.516665,3,0
0.485777,0.506654,0.520449,3,0
0.484068,0.503235,0.519717,3,0
0.486998,0.502503,0.521426,3,0
0.482359,0.500061,0.522525,3,0
0.485411,0.49884,0.523379,3,0
0.484556,0.498108,0.525577,3,0
0.485899,0.495788,0.526676,3,0
0.487242,0.493957,0.527774,3,0
0.486876,0.49298,0.527774,3,0
0.487364,0.492858,0.528629,3,0
0.486632,0.491759,0.529117,3,0
0.489318,0.491515,0.52985,3,0
0.487608,0.49066,0.530094,3,0
0.488829,0.490294,0.530949,3,0
0.488829,0.490538,0.530216,3,0
0.488585,0.489318,0.530338,3,0
0.49005,0.488829,0.529972,3,0
0.489073,0.48944,0.529117,3,0
0.49005,0.489928,0.528995,3,0
0.489928,0.490172,0.528751,3,0
0.490294,0.489928,0.52985,3,0
0.489928,0.489928,0.530094,3,0
0.490172,0.48944,0.530827,3,0
0.489318,0.489318,0.531071,3,1
0.488341,0.489318,0.531437,3,0
0.486998,0.489928,0.531681,3,0
0.484922,0.489806,0.532169,3,0
0.484678,0.49005,0.532414,3,0
0.485167,0.489928,0.531559,3,0
0.482847,0.489928,0.531071,3,0
0.485045,0.487975,0.532536,3,0
0.486387,0.491027,0.528873,3,0
0.486143,0.493102,0.52692,3,0
0.488341,0.494811,0.524844,3,0
0.486754,0.499817,0.520938,3,0
0.488097,0.503113,0.520693,3,0
0.487853,0.504944,0.517641,3,0
0.487853,0.507264,0.515444,3,0
0.486021,0.50763,0.514589,3,0
0.486754,0.509217,0.51288,3,0
0.488463,0.511293,0.510682,3,0
0.489073,0.512392,0.508973,3,0
0.490538,0.515444,0.50702,3,0
0.489684,0.514833,0.505067,3,0
0.490538,0.516176,0.505677,3,0
0.487242,0.517153,0.506654,3,0
0.491027,0.515688,0.508363,3,0
0.486998,0.512392,0.510805,3,0
0.49005,0.507386,0.513857,3,0
0.48651,0.507508,0.514101,3,0
0.486143,0.502381,0.517519,3,0
0.486632,0.501648,0.52167,3,0
0.483457,0.50177,0.520449,3,0
0.487608,0.494567,0.525943,3,0
0.486143,0.494445,0.525333,3,0
0.485289,0.492614,0.527164,3,0
0.485167,0.490905,0.530704,3,0
0.487853,0.488463,0.531925,3,0
0.484922,0.486754,0.532414,3,0
0.487975,0.484922,0.533634,3,0
0.490294,0.484434,0.531559,3,0
0.488341,0.486387,0.529117,3,0
0.488585,0.486754,0.529239,3,0
0.488463,0.486387,0.528995,3,0
0.486754,0.486021,0.528751,3,0
0.487486,0.485655,0.528263,3,0
0.487486,0.485533,0.528751,3,0
0.488219,0.484434,0.529972,3,0
0.488585,0.484312,0.53046,3,0
0.488707,0.484678,0.53046,3,0
0.488829,0.485045,0.530582,3,0
0.487364,0.484922,0.530216,3,1
0.488219,0.486998,0.530094,3,0
0.488463,0.488707,0.529361,3,0
0.488097,0.489195,0.528019,3,0
0.486998,0.491027,0.528263,3,0
0.485777,0.492614,0.527652,3,0
0.483213,0.491881,0.528263,3,0
0.483457,0.489806,0.530216,3,0
0.484434,0.492614,0.528385,3,0
0.487242,0.49298,0.528263,3,0
0.48944,0.494811,0.526065,3,0
0.488463,0.499817,0.52106,3,0
0.488585,0.502381,0.518984,3,0
0.490905,0.5047,0.515932,3,0
0.486143,0.506898,0.513979,3,0
0.491027,0.508973,0.513735,3,0
0.483335,0.511049,0.50934,3,0
0.48651,0.508851,0.511293,3,0
0.485655,0.511049,0.510194,3,0
0.483946,0.510072,0.511781,3,0
0.488341,0.511659,0.511293,3,0
0.481748,0.513613,0.50995,3,0
0.484434,0.513368,0.511415,3,0
0.486754,0.515078,0.511171,3,0
0.486876,0.513002,0.510682,3,0
0.487853,0.509095,0.514101,3,0
0.487242,0.507142,0.514955,3,0
0.488951,0.503601,0.516787,3,0
0.486998,0.502625,0.517153,3,0
0.484434,0.499939,0.519228,3,0
0.48773,0.498108,0.522769,3,0
0.483946,0.497253,0.522769,3,0
0.485777,0.492492,0.528141,3,0
0.487486,0.492736,0.528751,3,0
0.485411,0.489684,0.530216,3,0
0.488951,0.487853,0.533268,3,0
0.487242,0.488951,0.530582,3,0
0.487853,0.486632,0.532292,3,0
0.488097,0.486387,0.531315,3,0
0.489073,0.485655,0.531315,3,0
0.489318,0.486998,0.530949,3,0
0.487975,0.48773,0.52985,3,0
0.489562,0.488463,0.530094,3,0
0.48944,0.489928,0.528751,3,0
0.489684,0.489684,0.528629,3,0
0.488585,0.489562,0.528141,3,0
0.489806,0.489073,0.528629,3,0
0.489318,0.489195,0.529606,3,0
0.488463,0.487486,0.530582,3,1
0.489318,0.486754,0.531071,3,0
0.488951,0.488341,0.53046,3,0
0.487853,0.489928,0.530582,3,0
0.486998,0.489806,0.531071,3,0
0.486998,0.489195,0.530827,3,0
0.4848,0.490783,0.530949,3,0
0.484312,0.490783,0.531925,3,0
0.484556,0.491271,0.532536,3,0
0.486143,0.490538,0.531803,3,0
0.485533,0.49298,0.529606,3,0
0.488707,0.494811,0.52692,3,0
0.489806,0.497741,0.523501,3,0
0.491637,0.500183,0.520571,3,0
0.494933,0.505799,0.516665,3,0
0.493102,0.508729,0.513246,3,0
0.492614,0.50995,0.511903,3,0
0.489684,0.513613,0.508363,3,0
0.492614,0.515322,0.508363,3,0
0.485045,0.51642,0.507142,3,0
0.487364,0.5152,0.508485,3,0
0.485533,0.514101,0.508973,3,0
0.4848,0.509217,0.513002,3,0
0.486387,0.509217,0.515566,3,0
0.482481,0.508485,0.515322,3,0
0.486265,0.507874,0.516298,3,0
0.483824,0.506654,0.516054,3,0
0.484922,0.502747,0.518862,3,0
0.484922,0.503846,0.519351,3,0
0.484678,0.500671,0.520327,3,0
0.485533,0.499939,0.523013,3,0
0.485411,0.500305,0.523501,3,0
0.485899,0.496887,0.52753,3,0
0.486387,0.494201,0.52753,3,0
0.484922,0.492492,0.528507,3,0
0.484922,0.491149,0.530338,3,0
0.485777,0.493102,0.528507,3,0
0.486387,0.489806,0.529484,3,0
0.487608,0.488829,0.529484,3,0
0.48712,0.489562,0.528019,3,0
0.488951,0.487975,0.528751,3,0
0.487242,0.489562,0.527408,3,0
0.48773,0.489318,0.527774,3,0
0.487364,0.490294,0.527286,3,0
0.48773,0.488951,0.528507,3,0
0.48773,0.489806,0.528873,3,0
0.487242,0.488463,0.530704,3,0
0.486998,0.486632,0.532292,3,0
0.486632,0.487975,0.532169,3,0
0.486021,0.488463,0.532902,3,1
0.485777,0.488829,0.533146,3,0
0.485899,0.49066,0.532047,3,0
0.485655,0.491881,0.531071,3,0
0.485899,0.490294,0.532047,3,0
0.486754,0.490905,0.530216,3,0
0.485899,0.49237,0.528751,3,0
0.487853,0.492858,0.527652,3,0
0.486876,0.495422,0.525088,3,0
0.488097,0.498352,0.52399,3,0
0.488219,0.500916,0.522281,3,0
0.489928,0.504944,0.519351,3,0
0.492736,0.50763,0.51813,3,0
0.492003,0.50995,0.513735,3,0
0.489318,0.511049,0.51227,3,0
0.48944,0.513979,0.510316,3,0
0.486387,0.514223,0.508851,4,0
0.48712,0.513613,0.508973,4,0
0.485655,0.510682,0.510927,4,0
0.485533,0.510072,0.511781,4,0
0.486021,0.510194,0.513246,4,0
0.484312,0.511293,0.51288,4,0
0.485899,0.50995,0.514101,4,0
0.486021,0.508119,0.514589,4,0
0.486265,0.507752,0.514955,4,0
0.484068,0.507386,0.515444,4,0
0.483702,0.504822,0.517519,4,0
0.485655,0.502991,0.519351,4,0
0.483702,0.501892,0.520083,4,0
0.486754,0.499817,0.522281,4,0
0.488097,0.497497,0.524722,4,0
0.486265,0.493591,0.525577,4,0
0.487608,0.488341,0.52985,4,0
0.484556,0.487975,0.530094,4,0
0.485045,0.490538,0.531193,4,0
0.48712,0.485655,0.533146,4,0
0.485167,0.484434,0.533268,4,0
0.485411,0.487242,0.531071,4,0
0.484434,0.488829,0.529361,4,0
0.486143,0.487853,0.528629,4,0
0.486998,0.488219,0.527408,4,0
0.486754,0.487975,0.526798,4,0
0.487486,0.488829,0.526431,4,0
0.489195,0.489806,0.525943,4,0
0.490538,0.488951,0.524722,4,0
0.490783,0.486754,0.526309,4,0
0.491271,0.487486,0.526676,4,0
0.490905,0.487853,0.526676,4,0
0.49066,0.487608,0.526554,4,0
0.491149,0.488585,0.525821,4,0
0.490538,0.488463,0.524844,4,0
0.49005,0.488707,0.525455,4,0
0.490538,0.485655,0.527042,4,0
0.489562,0.490294,0.524722,4,0
0.48944,0.49237,0.524356,4,0
0.491271,0.49005,0.526554,4,0
0.491637,0.493835,0.523135,4,0
0.492492,0.496887,0.522403,4,0
0.494567,0.493346,0.524234,4,0
0.495788,0.496154,0.524356,4,0
0.497009,0.499084,0.525577,4,0
0.498108,0.496643,0.527042,4,0
0.498474,0.496154,0.525943,4,0
0.497986,0.501404,0.527042,4,0
0.499084,0.500183,0.527408,4,0
0.500305,0.500305,0.528263,4,0
0.500549,0.500183,0.528263,4,0
0.500183,0.500549,0.528263,4,0
0.499817,0.499695,0.528385,4,0
0.498962,0.500549,0.528263,4,0
0.500183,0.496154,0.528629,4,0
0.499695,0.499084,0.527164,4,0
0.500061,0.496887,0.526798,4,0
0.500427,0.50116,0.528507,4,0
0.502869,0.498474,0.531193,4,0
0.500916,0.498108,0.528263,4,0
0.499206,0.500061,0.527652,4,0
0.497741,0.501526,0.526798,4,0
0.496276,0.500671,0.528263,4,0
0.496154,0.503601,0.527408,4,0
0.495666,0.504944,0.528873,4,0
0.4953,0.507508,0.530216,4,0
0.494933,0.509217,0.528751,4,0
0.496032,0.512147,0.527896,4,0
0.497619,0.507752,0.532292,4,0
0.496032,0.50702,0.532414,4,0
0.495056,0.504944,0.531559,4,0
0.494933,0.501038,0.531681,4,0
0.492492,0.494079,0.531315,4,0
0.493346,0.489684,0.528751,4,0
0.491881,0.485899,0.524844,4,0
0.491027,0.47894,0.524966,4,0
0.488707,0.475156,0.518374,4,0
0.486754,0.475522,0.515688,4,0
0.485777,0.476621,0.512025,4,0
0.485289,0.477353,0.510072,4,0
0.485411,0.478452,0.50934,4,0
0.486265,0.48126,0.507386,4,0
0.485777,0.483824,0.508851,4,0
0.485655,0.485899,0.510682,4,0
0.485167,0.487975,0.512636,4,0
0.484922,0.490416,0.512392,4,0
0.48651,0.490172,0.517031,4,0
0.488219,0.49298,0.518984,4,0
0.491149,0.494079,0.523746,4,0
0.493346,0.494079,0.52692,4,0
0.495178,0.492003,0.525455,4,0
0.498108,0.495422,0.528507,4,0
0.500916,0.494933,0.529728,4,0
0.501892,0.494445,0.532292,4,0
0.50177,0.500183,0.530949,4,0
0.500061,0.494323,0.532292,4,0
0.498962,0.499817,0.52985,4,0
0.49823,0.499329,0.529117,4,0
0.499329,0.500549,0.531437,4,0
0.499451,0.499451,0.529972,4,0
0.499573,0.500794,0.528995,4,0
0.499206,0.499451,0.528141,4,0
0.500183,0.500183,0.529606,4,0
0.500183,0.502136,0.529606,4,0
0.499939,0.500671,0.529239,4,0
0.49884,0.500671,0.529361,4,0
0.499817,0.499329,0.527896,4,0
0.500427,0.500794,0.531071,4,0
0.501648,0.500671,0.52985,4,0
0.502259,0.500305,0.52753,4,0
0.50409,0.500183,0.527286,4,0
0.503846,0.499817,0.527652,4,0
0.504456,0.500061,0.528751,4,0
0.505677,0.500183,0.528385,4,0
0.504944,0.498596,0.528507,4,0
0.5047,0.496521,0.528263,4,0
0.503113,0.493713,0.529728,4,0
0.49884,0.492614,0.527042,4,0
0.497253,0.491637,0.529117,4,0
0.496398,0.491149,0.528019,4,0
0.493957,0.488585,0.527652,4,0
0.493591,0.486387,0.527042,4,0
0.492003,0.484678,0.523013,4,0
0.491393,0.484312,0.519961,4,0
0.492736,0.486021,0.520083,4,0
0.490905,0.485289,0.5152,4,0
0.489195,0.486754,0.517519,4,0
0.489928,0.485289,0.518984,4,0
0.488951,0.484556,0.518618,4,0
0.486998,0.485411,0.519473,4,0
0.48651,0.486998,0.519106,4,0
0.487364,0.483946,0.520205,4,0
0.487853,0.484678,0.522403,4,0
0.486021,0.482603,0.519961,4,0
0.486632,0.481138,0.520083,4,0
0.48651,0.483091,0.522281,4,0
0.484434,0.482847,0.521426,4,0
0.4848,0.48358,0.522158,4,0
0.486143,0.483213,0.522525,4,0
0.484434,0.483702,0.521182,4,0
0.484678,0.483824,0.523013,4,0
0.485777,0.480283,0.522525,4,0
0.485167,0.482481,0.522158,4,0
0.486021,0.482359,0.522525,4,0
0.486143,0.493713,0.52167,4,0
0.486265,0.493346,0.522647,4,0
0.486632,0.492492,0.522525,4,0
0.484678,0.49237,0.522403,4,0
0.483091,0.489806,0.522769,4,0
0.481626,0.48773,0.523013,4,0
0.483457,0.483091,0.523379,4,0
0.484556,0.481992,0.52399,4,0
0.48419,0.480405,0.524112,4,0
0.48419,0.483457,0.524234,4,0
0.48358,0.482603,0.523013,4,0
0.4848,0.482481,0.523379,4,0
0.484922,0.486143,0.517519,4,0
0.485289,0.485899,0.516665,4,0
0.485533,0.48773,0.515078,4,0
0.485655,0.488341,0.513613,4,0
0.486265,0.484922,0.515566,4,0
0.485411,0.482481,0.515444,4,0
0.483946,0.473324,0.518496,4,0
0.481504,0.478696,0.515322,4,0
0.480894,0.479307,0.514223,4,0
0.481138,0.476865,0.512514,4,0
0.48126,0.476254,0.511781,4,0
0.479673,0.476377,0.511049,4,0
0.477719,0.478208,0.507508,4,0
0.476377,0.477719,0.506532,4,0
0.477597,0.476377,0.505311,4,0
0.482115,0.478696,0.507508,4,0
0.485533,0.48358,0.50702,4,0
0.48773,0.488463,0.507508,4,0
0.487975,0.491759,0.51349,4,0
0.489073,0.497741,0.507997,4,0
0.489073,0.502136,0.508607,4,0
0.48944,0.498718,0.512392,4,0
0.492736,0.503968,0.51349,4,0
0.49298,0.502869,0.519351,4,0
0.494811,0.503601,0.514345,4,0
0.496032,0.503724,0.521792,4,0
0.496276,0.507874,0.521548,4,0
0.497009,0.504212,0.526431,4,0
0.498474,0.495666,0.535344,4,0
0.497497,0.494201,0.53632,4,0
0.494933,0.492858,0.540471,4,0
0.492736,0.490783,0.541448,4,0
0.491759,0.484556,0.544012,4,0
0.488341,0.475888,0.539861,4,0
0.487486,0.479184,0.539739,4,0
0.487975,0.47601,0.539861,4,0
0.48651,0.467708,0.53571,4,0
0.4848,0.473813,0.53046,4,0
0.487242,0.474545,0.527042,4,0
0.486998,0.472592,0.52167,4,0
0.486998,0.474911,0.518618,4,0
0.48651,0.478452,0.515688,4,0
0.486632,0.48187,0.515078,4,0
0.486143,0.484678,0.513002,4,0
0.486876,0.486998,0.513735,4,0
0.486265,0.491393,0.513368,4,0
0.484678,0.494079,0.511293,4,0
0.485655,0.492736,0.514833,4,0
0.484068,0.495422,0.513979,4,0
0.483702,0.499573,0.514833,4,0
0.483457,0.500183,0.515932,4,0
0.482969,0.502991,0.51642,4,0
0.481748,0.502259,0.517275,4,0
0.482115,0.502991,0.519351,4,0
0.480283,0.505311,0.518008,4,0
0.48126,0.504822,0.519717,4,0
0.480039,0.502991,0.519106,4,0
0.479917,0.502991,0.519961,4,0
0.478574,0.503968,0.519839,4,0
0.479795,0.502869,0.519961,4,0
0.479429,0.502991,0.518618,4,0
0.480161,0.503235,0.518618,4,0
0.48126,0.502869,0.517519,4,0
0.482603,0.502625,0.517031,4,0
0.483824,0.502014,0.516665,4,0
0.484434,0.500305,0.51813,4,0
0.484556,0.502136,0.518374,4,0
0.486143,0.506165,0.516054,4,0
0.488463,0.504578,0.521548,4,0
0.489318,0.507508,0.51813,4,0
0.488219,0.509828,0.518374,4,0
0.489073,0.507386,0.52399,4,0
0.49066,0.509217,0.520571,4,0
0.49066,0.507997,0.522525,4,0
0.492614,0.507264,0.524478,4,0
0.493224,0.507997,0.525211,4,0
0.492126,0.505799,0.531193,4,0
0.493224,0.50702,0.534489,4,0
0.49298,0.505799,0.535466,4,0
0.492492,0.501892,0.538518,4,0
0.490294,0.499573,0.539617,4,0
0.490905,0.493957,0.541204,4,0
0.492248,0.4848,0.54096,4,0
0.492248,0.485533,0.538152,4,0
0.492614,0.482847,0.537541,4,0
0.494567,0.482603,0.534123,4,0
0.493224,0.480405,0.530338,4,0
0.491637,0.484312,0.530827,4,0
0.489684,0.488219,0.524966,4,0
0.489562,0.486143,0.524234,4,0
0.488829,0.486876,0.522525,4,0
0.487364,0.488707,0.519717,4,0
0.48712,0.490416,0.520327,4,0
0.48712,0.492003,0.519106,4,0
0.484434,0.493468,0.518984,4,0
0.484434,0.495666,0.518618,4,0
0.481016,0.49823,0.51581,4,0
0.482481,0.496765,0.517031,4,0
0.483335,0.499817,0.516176,4,0
0.484312,0.504578,0.51349,4,0
0.485533,0.506287,0.515322,4,0
0.484312,0.508241,0.513368,4,0
0.483824,0.513857,0.512758,4,0
0.48187,0.513246,0.515322,4,0
0.479917,0.513002,0.51642,4,0
0.480161,0.51056,0.519717,4,0
0.477964,0.510316,0.518984,4,0
0.479184,0.507508,0.520693,4,0
0.479062,0.507142,0.519351,4,0
0.479551,0.506776,0.519961,4,0
0.47833,0.505433,0.519106,4,0
0.477964,0.505311,0.51874,4,0
0.478208,0.505799,0.517275,4,0
0.478696,0.503601,0.517763,4,0
0.480772,0.502991,0.51642,4,0
0.482969,0.502381,0.51642,4,1
0.484312,0.502503,0.516909,4,0
0.485655,0.503724,0.513735,4,0
0.486998,0.502625,0.518008,4,0
0.488341,0.505433,0.515932,4,0
0.487608,0.506043,0.513979,4,0
0.487608,0.503113,0.518984,4,0
0.489806,0.503235,0.517275,4,0
0.488219,0.503601,0.520205,4,0
0.487486,0.503968,0.524844,4,0
0.489928,0.504822,0.526798,4,0
0.490538,0.500794,0.531803,4,0
0.490294,0.493102,0.537175,4,0
0.488951,0.492614,0.538274,4,0
0.486143,0.49237,0.539373,4,0
0.486876,0.488707,0.541326,4,0
0.484068,0.489806,0.53864,4,0
0.4848,0.483213,0.537907,4,0
0.484434,0.48126,0.535954,4,0
0.483091,0.483335,0.531315,4,0
0.485777,0.477964,0.531559,4,0
0.487242,0.477109,0.527652,4,0
0.487608,0.480161,0.5246,4,0
0.4848,0.478208,0.523746,4,0
0.48419,0.480772,0.519839,4,0
0.483824,0.483335,0.519595,4,0
0.483824,0.484312,0.515078,4,0
0.483702,0.485655,0.514101,4,0
0.483091,0.486143,0.512147,4,0
0.484678,0.48944,0.511415,4,0
0.485045,0.492736,0.510438,4,0
0.486387,0.496765,0.512392,4,0
0.486754,0.503479,0.508607,4,0
0.484312,0.507386,0.512025,4,0
0.484556,0.510682,0.513735,4,0
0.477597,0.512636,0.512147,4,0
0.48187,0.509706,0.519961,4,0
0.47833,0.511415,0.517763,4,0
0.47894,0.505921,0.518374,4,0
0.47833,0.503235,0.51813,4,0
0.478574,0.503601,0.518008,4,0
0.476987,0.503724,0.517519,4,0
0.476865,0.502747,0.517641,4,0
0.477353,0.503113,0.51813,4,0
0.476865,0.502869,0.518008,4,0
0.477353,0.502381,0.519106,4,0
0.477231,0.501892,0.517763,4,0
0.478574,0.501892,0.518252,4,1
0.478574,0.502503,0.517763,4,0
0.479429,0.502747,0.517031,4,0
0.481382,0.50177,0.515566,4,0
0.482725,0.500794,0.516543,4,0
0.484312,0.500305,0.515444,4,0
0.486754,0.502991,0.513368,4,0
0.487486,0.503601,0.515444,4,0
0.490783,0.503235,0.519228,4,0
0.488951,0.508363,0.518618,4,0
0.488951,0.511415,0.518252,4,0
0.490538,0.508241,0.524844,4,0
0.491881,0.508241,0.523135,4,0
0.491027,0.507142,0.528507,4,0
0.490905,0.5047,0.531437,4,0
0.492492,0.505677,0.533757,4,0
0.489806,0.502991,0.534977,4,0
0.490538,0.502014,0.538884,4,0
0.491637,0.502625,0.537785,4,0
0.491393,0.499206,0.538884,4,0
0.491637,0.496276,0.539373,4,0
0.491149,0.494445,0.537663,4,0
0.491881,0.492858,0.537297,4,0
0.490783,0.492736,0.534855,4,0
0.490172,0.493224,0.531803,4,0
0.490416,0.491759,0.531071,4,0
0.490172,0.491393,0.529239,4,0
0.490172,0.490538,0.527408,4,0
0.491027,0.489928,0.52692,4,0
0.489928,0.489562,0.525211,4,0
0.48712,0.492492,0.523379,4,0
0.487242,0.49298,0.523746,4,0
0.486143,0.492003,0.522403,4,0
0.485411,0.493346,0.523257,4,0
0.483702,0.497131,0.520205,4,0
0.483946,0.495544,0.519351,4,0
0.483824,0.494689,0.518984,4,0
0.483457,0.499329,0.51642,4,0
0.483091,0.501404,0.516176,4,0
0.48419,0.501648,0.516298,4,0
0.484678,0.504212,0.516787,4,0
0.483702,0.507752,0.514589,4,0
0.484312,0.508363,0.517641,4,0
0.485289,0.510194,0.516054,4,0
0.485045,0.50995,0.518618,4,0
0.485167,0.512025,0.519351,4,0
0.482725,0.516054,0.517763,4,0
0.482847,0.516787,0.51813,4,0
0.48126,0.518984,0.518496,4,1
0.481138,0.516054,0.518496,4,0
0.48187,0.513613,0.519961,4,0
0.480894,0.511415,0.520327,4,0
0.48187,0.510682,0.520327,4,0
0.482481,0.509706,0.519473,4,0
0.482725,0.50702,0.518374,4,0
0.48419,0.505799,0.517519,4,0
0.484556,0.504822,0.514711,4,0
0.486265,0.504456,0.515444,4,0
0.487853,0.505311,0.516543,4,0
0.487364,0.504944,0.515078,4,0
0.489195,0.507874,0.517886,4,0
0.489806,0.510438,0.516787,4,0
0.48944,0.511171,0.523135,4,0
0.489928,0.513735,0.523623,4,0
0.490172,0.512758,0.525699,4,0
0.491759,0.509828,0.531437,4,0
0.49237,0.510194,0.530704,4,0
0.491393,0.509095,0.530704,4,0
0.49298,0.506532,0.534977,4,0
0.492858,0.507874,0.532902,4,0
0.492003,0.504944,0.534367,4,0
0.491881,0.503357,0.53803,4,0
0.490783,0.501404,0.537541,4,0
0.490294,0.497741,0.536687,4,0
0.490172,0.495666,0.535954,4,0
0.490783,0.495422,0.536198,4,0
0.489195,0.495544,0.532902,4,0
0.491271,0.493591,0.533268,4,0
0.489928,0.493957,0.530827,4,0
0.489318,0.494079,0.530094,4,0
0.488219,0.494689,0.528385,4,0
0.487242,0.496032,0.525699,4,0
0.486021,0.497741,0.5246,4,0
0.485045,0.49823,0.523013,4,0
0.485777,0.498108,0.522281,4,0
0.484556,0.498596,0.520205,4,0
0.484556,0.498596,0.519106,4,0
0.484678,0.499939,0.517397,4,0
0.484556,0.500671,0.517153,4,0
0.485167,0.503968,0.516787,4,0
0.483335,0.506287,0.515322,4,0
0.484678,0.505555,0.516909,4,0
0.483213,0.508241,0.516054,4,0
0.483946,0.509095,0.518496,4,0
0.483702,0.511903,0.517397,4,0
0.482237,0.50934,0.518862,4,0
0.482481,0.509217,0.519228,4,1
0.48187,0.509217,0.519228,4,0
0.482115,0.507508,0.519839,4,0
0.482481,0.506287,0.520449,4,0
0.482481,0.50702,0.520205,4,0
0.482725,0.507142,0.518862,4,0
0.484678,0.505311,0.517397,4,0
0.486265,0.503968,0.516909,4,0
0.489195,0.503601,0.515322,4,0
0.489195,0.501038,0.516176,4,0
0.491393,0.503235,0.516176,4,0
0.492003,0.509828,0.516909,4,0
0.490294,0.512392,0.517886,4,0
0.492858,0.512514,0.524234,4,0
0.490416,0.516298,0.522891,4,0
0.490905,0.511903,0.52753,4,0
0.491149,0.510316,0.531193,4,0
0.491637,0.508119,0.530704,4,0
0.49237,0.502625,0.535588,4,0
0.49237,0.504578,0.53339,4,0
0.490783,0.50409,0.53339,4,0
0.492003,0.500427,0.535466,4,0
0.493591,0.500061,0.533146,4,0
0.492492,0.500427,0.531437,4,0
0.494567,0.498108,0.534855,4,0
0.494811,0.500305,0.532536,4,0
0.492614,0.497619,0.532292,4,0
0.492126,0.497619,0.533512,4,0
0.490172,0.500183,0.532047,4,0
0.489318,0.497986,0.53339,4,0
0.489684,0.4953,0.534245,4,0
0.489073,0.493957,0.533268,4,0
0.489073,0.492614,0.5351,4,0
0.486632,0.492003,0.532047,4,0
0.485899,0.490905,0.530949,4,0
0.485655,0.490783,0.527408,4,0
0.486021,0.490783,0.525211,4,0
0.484678,0.493713,0.522525,4,0
0.486387,0.495544,0.520083,4,0
0.484678,0.495544,0.517397,4,0
0.485777,0.497375,0.517153,4,0
0.485899,0.500671,0.514589,4,0
0.485411,0.502259,0.513857,4,0
0.485899,0.504456,0.51349,4,0
0.483946,0.50702,0.512392,4,0
0.484312,0.509095,0.514467,4,0
0.483213,0.511781,0.514467,4,0
0.482969,0.511293,0.515078,4,0
0.481382,0.509706,0.517519,4,1
0.480894,0.509095,0.517763,4,0
0.481382,0.508119,0.518252,4,0
0.48126,0.506898,0.518374,4,0
0.482603,0.5047,0.518618,4,0
0.484068,0.504822,0.517886,4,0
0.485045,0.504334,0.517031,4,0
0.48712,0.505311,0.517763,4,0
0.486387,0.505677,0.516054,4,0
0.487975,0.507997,0.517886,4,0
0.487975,0.512514,0.517275,4,0
0.489195,0.512392,0.519961,4,0
0.488341,0.513246,0.522647,4,0
0.48773,0.513857,0.521792,4,0
0.489318,0.511537,0.5246,4,0
0.489928,0.510438,0.523257,4,0
0.492003,0.507752,0.527774,4,0
0.49237,0.509706,0.52753,4,0
0.492003,0.505921,0.530827,4,0
0.494201,0.505799,0.532536,4,0
0.494201,0.504578,0.533512,4,0
0.493224,0.503968,0.536198,4,0
0.495056,0.505555,0.535832,4,0
0.493468,0.503479,0.535466,4,0
0.493102,0.502014,0.53632,4,0
0.491637,0.502625,0.534367,4,0
0.49237,0.499939,0.536198,4,0
0.492492,0.497497,0.536442,4,0
0.491515,0.496032,0.534855,4,0
0.492492,0.494079,0.535832,4,0
0.491759,0.491881,0.534001,4,0
0.491027,0.490538,0.532414,4,0
0.489928,0.49237,0.529972,4,0
0.489318,0.492492,0.528507,4,0
0.488585,0.492492,0.526554,4,0
0.487242,0.494079,0.523746,4,0
0.487242,0.496154,0.523257,4,0
0.486387,0.49823,0.521792,4,0
0.486265,0.499573,0.520327,4,0
0.485289,0.500549,0.517886,4,0
0.486143,0.502136,0.516665,4,0
0.485655,0.504822,0.5152,4,0
0.486143,0.506898,0.515322,4,0
0.484922,0.508729,0.513735,4,0
0.486021,0.51056,0.5152,4,0
0.484556,0.512636,0.513857,4,0
0.48419,0.512514,0.516787,4,0
0.483824,0.514223,0.516787,4,1
0.482115,0.510682,0.518984,4,0
0.482359,0.509828,0.519473,4,0
0.482359,0.507752,0.520205,4,0
0.484068,0.505555,0.520205,4,0
0.484678,0.502259,0.520327,4,0
0.48651,0.503846,0.518618,4,0
0.48773,0.504822,0.518252,4,0
0.488341,0.506654,0.514711,4,0
0.49066,0.506532,0.517641,4,0
0.490416,0.51056,0.516665,4,0
0.492126,0.514467,0.521914,4,0
0.488951,0.516298,0.520571,4,0
0.489562,0.513979,0.524112,4,0
0.490538,0.515322,0.526431,4,0
0.491637,0.513857,0.527286,4,0
0.492736,0.50763,0.533512,4,0
0.493957,0.509828,0.531437,4,0
0.492492,0.509217,0.531193,4,0
0.493102,0.508363,0.533879,4,0
0.493346,0.509462,0.53278,4,0
0.494933,0.506776,0.535954,4,0
0.493957,0.507508,0.536076,4,0
0.491271,0.507874,0.533879,4,0
0.491149,0.506409,0.534001,4,0
0.494201,0.505067,0.535588,4,0
0.497619,0.500183,0.539128,4,0
0.497497,0.498352,0.538274,4,0
0.495178,0.497009,0.536076,4,0
0.493591,0.497864,0.53339,4,0
0.492248,0.500183,0.531071,4,0
0.492126,0.499695,0.529361,4,0
0.491271,0.499329,0.527042,4,0
0.491027,0.498108,0.525211,4,0
0.490538,0.499817,0.524234,4,0
0.489928,0.501038,0.521792,4,0
0.488707,0.50177,0.521792,4,0
0.488341,0.503357,0.519228,4,0
0.486632,0.504944,0.518252,4,0
0.487364,0.507752,0.516298,4,0
0.486143,0.509828,0.514955,4,0
0.48773,0.511171,0.514345,4,0
0.48651,0.513735,0.514955,4,0
0.486387,0.51581,0.515444,4,0
0.4848,0.516787,0.51642,4,0
0.48358,0.515688,0.518374,4,0
0.483702,0.514467,0.519228,4,0
0.482481,0.513002,0.519961,4,0
0.48358,0.509217,0.521304,4,1
0.483213,0.506654,0.520938,4,0
0.483702,0.507264,0.520205,4,0
0.484068,0.508119,0.519839,4,0
0.484922,0.508851,0.519595,4,0
0.486387,0.507508,0.519106,4,0
0.488219,0.506776,0.517031,4,0
0.489928,0.507752,0.517641,4,0
0.49066,0.510438,0.516298,4,0
0.49237,0.508363,0.517275,4,0
0.492248,0.513857,0.520571,4,0
0.492126,0.516298,0.518984,4,0
0.492736,0.517031,0.525088,4,0
0.493468,0.516787,0.526065,4,0
0.494689,0.515322,0.530216,4,0
0.494933,0.514223,0.531925,4,0
0.495178,0.513735,0.533634,4,0
0.495544,0.510805,0.535466,4,0
0.495178,0.510682,0.537785,4,0
0.495788,0.510316,0.53803,4,0
0.494689,0.508363,0.536565,4,0
0.493835,0.506898,0.537541,4,0
0.493957,0.50763,0.533879,4,0
0.494933,0.503601,0.535954,4,0
0.497131,0.50116,0.536076,4,0
0.495666,0.499939,0.533879,4,0
0.495056,0.500183,0.533634,4,0
0.493713,0.501892,0.531315,4,0
0.492492,0.502014,0.52985,4,0
0.491637,0.502381,0.527652,4,0
0.491637,0.50116,0.525821,4,0
0.49066,0.502259,0.524112,4,0
0.489806,0.504944,0.521792,4,0
0.489073,0.505677,0.519961,4,0
0.489195,0.507264,0.518984,4,0
0.488219,0.509584,0.516054,4,0
0.488219,0.509584,0.516543,4,0
0.488341,0.513735,0.515688,4,0
0.486754,0.514467,0.514711,4,0
0.487364,0.515322,0.516909,4,0
0.486387,0.516909,0.51581,4,0
0.485533,0.513979,0.51813,4,0
0.484922,0.5152,0.518984,4,0
0.4848,0.513735,0.519473,4,0
0.4848,0.510438,0.521304,4,0
0.484434,0.510072,0.519961,4,0
0.4848,0.509828,0.520327,4,0
0.486265,0.51056,0.520205,4,0
0.485777,0.509462,0.519717,4,1
0.487364,0.510194,0.520449,4,0
0.487975,0.511171,0.518496,4,0
0.488219,0.508851,0.518984,4,0
0.48944,0.50995,0.519717,4,0
0.490538,0.512514,0.516543,4,0
0.490905,0.511415,0.517641,4,0
0.491759,0.512514,0.516176,4,0
0.493224,0.515444,0.520449,4,0
0.492248,0.518252,0.519106,4,0
0.492492,0.516176,0.523257,4,0
0.494201,0.515322,0.526187,4,0
0.495056,0.51227,0.529361,4,0
0.495178,0.513002,0.53339,4,0
0.493835,0.515078,0.534001,4,0
0.494933,0.511415,0.539373,4,0
0.496765,0.50763,0.538152,4,0
0.496154,0.504212,0.537907,1,0
0.494079,0.503968,0.535588,1,0
0.494079,0.501648,0.535344,1,0
0.494689,0.500061,0.5351,1,0
0.49298,0.500794,0.533879,1,0
0.494323,0.500183,0.534611,1,0
0.493957,0.499573,0.533146,1,0
0.49237,0.499817,0.530704,1,0
0.492003,0.500061,0.531193,1,0
0.492248,0.500305,0.528873,1,0
0.49066,0.499084,0.528019,1,0
0.490538,0.500671,0.52692,1,0
0.489195,0.500671,0.524722,1,0
0.487608,0.501526,0.523868,1,0
0.487364,0.501404,0.521182,1,0
0.486876,0.500671,0.520205,1,0
0.487364,0.503357,0.518374,1,0
0.487853,0.505189,0.517886,1,0
0.488585,0.506654,0.515932,1,0
0.489318,0.506776,0.5152,1,0
0.49005,0.512025,0.515444,1,0
0.490172,0.516176,0.514955,1,0
0.491393,0.514711,0.515688,1,0
0.491149,0.518008,0.51642,1,0
0.490905,0.515688,0.518862,1,0
0.492248,0.514223,0.521426,1,0
0.493835,0.508485,0.52106,1,0
0.49591,0.50409,0.519961,1,0
0.495544,0.501526,0.518008,1,0
0.494079,0.499329,0.514467,1,0
0.494933,0.500183,0.519228,1,0
0.491271,0.500305,0.519351,1,0
0.492248,0.503235,0.514589,1,0
0.495178,0.497497,0.525211,1,0
0.497864,0.496521,0.527286,1,0
0.503357,0.494567,0.531315,1,0
0.50702,0.486387,0.535832,1,0
0.50763,0.482603,0.54218,1,0
0.508363,0.485289,0.540838,1,0
0.505067,0.476377,0.546575,1,0
0.502625,0.484068,0.561958,1,0
0.496887,0.486876,0.529728,1,0
0.501648,0.482481,0.522158,1,0
0.505921,0.485533,0.521792,1,0
0.507997,0.49005,0.523013,1,0
0.508851,0.486754,0.524844,1,0
0.507874,0.484434,0.523623,1,0
0.508119,0.483213,0.5246,1,0
0.506898,0.482969,0.524478,1,0
0.506043,0.48358,0.52692,1,0
0.505433,0.48651,0.529361,1,0
0.505189,0.486143,0.526065,1,0
0.505799,0.486754,0.525943,1,0
0.505433,0.487608,0.524478,1,0
0.506532,0.488585,0.525088,1,0
0.50763,0.486143,0.524966,1,0
0.507997,0.485777,0.525455,1,0
0.508851,0.485655,0.524356,1,0
0.505677,0.494811,0.518984,1,0
0.51227,0.490294,0.523501,1,0
0.509828,0.484434,0.522525,1,0
0.510316,0.485045,0.520083,1,0
0.510927,0.49298,0.523746,1,0
0.509095,0.491149,0.524966,1,0
0.508607,0.491271,0.524478,1,0
0.5047,0.491637,0.517641,1,0
0.512392,0.484556,0.522281,1,0
0.510316,0.492248,0.531803,1,0
0.511659,0.486754,0.52692,1,0
0.513246,0.486876,0.524356,1,0
0.511781,0.48651,0.527408,1,0
0.510072,0.486754,0.525699,1,0
0.509217,0.485289,0.522036,1,0
0.510194,0.484434,0.523746,1,0
0.510194,0.485655,0.523623,1,0
0.510438,0.485777,0.523501,1,0
0.510438,0.486754,0.522891,1,0
0.510072,0.484556,0.522403,1,0
0.509584,0.484434,0.523868,1,0
0.509217,0.484678,0.524478,1,0
0.508973,0.4848,0.52399,1,0
0.509095,0.484312,0.524112,1,0
0.508485,0.483946,0.523623,1,0
0.509095,0.484678,0.524356,1,0
0.509217,0.484434,0.52399,1,0
0.508851,0.484556,0.522403,1,0
0.508363,0.48419,0.522403,1,0
0.507874,0.483946,0.518984,1,0
0.507874,0.484434,0.519595,1,0
0.50934,0.484556,0.522036,1,0
0.510682,0.483946,0.522525,1,0
0.512025,0.484556,0.523501,1,0
0.512392,0.484434,0.522281,1,0
0.512514,0.485045,0.521548,1,0
0.513368,0.484434,0.523746,1,0
0.513124,0.483946,0.524112,1,0
0.511293,0.484312,0.523746,1,0
0.509828,0.483946,0.523257,1,0
0.50934,0.48358,0.522647,1,0
0.50934,0.48358,0.522525,1,0
0.510316,0.483091,0.522403,1,0
0.510805,0.483335,0.521914,1,0
0.511171,0.482969,0.52167,1,0
0.511659,0.483457,0.522036,1,0
0.511415,0.483946,0.521548,1,0
0.511415,0.483824,0.522036,1,0
0.511293,0.482969,0.520571,1,0
0.510927,0.483702,0.521792,1,0
0.510805,0.48358,0.522647,1,0
0.510072,0.484312,0.523013,1,0
0.50995,0.484434,0.523623,1,0
0.509828,0.483946,0.522891,1,0
0.509584,0.483824,0.522036,1,0
0.510194,0.48358,0.521914,1,0
0.511049,0.483091,0.521914,1,0
0.511659,0.482847,0.521304,1,0
0.511659,0.483091,0.521426,1,0
0.511415,0.483457,0.521548,1,0
0.511171,0.483457,0.521792,1,0
0.510927,0.483457,0.521792,1,0
0.510805,0.483702,0.522158,1,0
0.511049,0.483702,0.522158,1,0
0.510682,0.483457,0.522036,1,0
0.51056,0.48358,0.522158,1,0
0.510682,0.483702,0.522403,1,0
0.510438,0.48419,0.522403,1,0
0.510438,0.484678,0.523257,1,0
0.510438,0.484312,0.523013,1,0
0.510316,0.483824,0.522281,1,0
0.510682,0.483946,0.522525,1,0
0.511415,0.48358,0.522036,1,0
0.511659,0.483335,0.52167,1,0
0.511781,0.483457,0.52167,1,0
0.511537,0.483457,0.521426,1,0
0.511537,0.483335,0.521548,1,0
0.511659,0.48358,0.521548,1,0
0.511415,0.483091,0.52167,1,0
0.511049,0.483091,0.52167,1,0
0.51056,0.484068,0.522158,1,0
0.50995,0.483946,0.522647,1,0
0.509706,0.484556,0.523257,1,0
0.509706,0.484556,0.523257,1,0
0.509706,0.483824,0.522525,1,0
0.510316,0.483457,0.522158,1,0
0.510927,0.483335,0.522403,1,0
0.511537,0.483335,0.521548,1,0
0.511537,0.483457,0.521548,1,0
0.511537,0.483213,0.521426,1,0
0.511171,0.483702,0.521914,1,0
0.511171,0.483335,0.522158,1,0
0.510805,0.483457,0.521914,1,0
0.510682,0.483702,0.522403,1,0
0.510682,0.483457,0.522525,1,0
0.510805,0.483702,0.522158,1,0
0.510805,0.48358,0.521914,1,0
0.510927,0.483702,0.521914,1,0
0.511171,0.48358,0.521914,1,0
0.510805,0.48358,0.521914,1,0
0.510805,0.48358,0.522281,1,0
0.510805,0.483946,0.522281,1,0
0.510927,0.483824,0.521914,1,0
0.510927,0.483702,0.521792,1,0
0.511171,0.483457,0.522158,1,0
0.511171,0.483702,0.522158,1,0