0.511171,0.483702,0.522158,1,0
0.511171,0.48358,0.522281,1,0
0.510927,0.483946,0.522281,1,0
0.511049,0.483702,0.522036,1,0
0.511049,0.483702,0.522036,1,0
0.511171,0.483702,0.521914,1,0
0.511171,0.483702,0.522281,1,0
0.511171,0.483824,0.521792,1,0
0.511049,0.483824,0.521914,1,0
0.511171,0.483702,0.521914,1,0
0.511171,0.483824,0.522036,1,0
0.511049,0.483702,0.522158,1,0
0.511171,0.483946,0.522158,1,0
0.511171,0.483824,0.522158,1,0
0.511171,0.483824,0.522158,1,0
0.511293,0.483702,0.522036,1,0
0.511415,0.483702,0.522158,1,0
0.511293,0.48358,0.521914,1,0
0.511049,0.483702,0.522158,1,0
0.511049,0.483946,0.522036,1,0
0.511171,0.483824,0.522036,1,0
0.511171,0.48358,0.522158,1,0
0.511171,0.483457,0.522403,1,0
0.511171,0.483702,0.521792,1,0
0.511049,0.483702,0.522036,1,0
0.511049,0.483702,0.522036,1,0
0.511171,0.483702,0.521914,1,0
0.510927,0.483824,0.522281,1,0
0.511049,0.483824,0.522036,1,0
0.510927,0.483824,0.522158,1,0
0.510927,0.483702,0.522158,1,0
0.511171,0.483702,0.522281,1,0
0.511293,0.483702,0.521792,1,0
0.511171,0.483824,0.521914,1,0
0.511049,0.483702,0.522158,1,0
0.511171,0.48358,0.522281,1,0
0.511049,0.483702,0.522036,1,0
0.511049,0.483702,0.522281,1,0
0.511049,0.48358,0.522036,1,0
0.511171,0.483702,0.522036,1,0
0.511293,0.483702,0.522036,1,0
0.511415,0.483702,0.522036,1,0
0.511171,0.48358,0.522158,1,0
0.510927,0.483702,0.522158,1,0
0.510927,0.483824,0.522036,1,0
0.511049,0.483702,0.522036,1,0
0.510927,0.483824,0.522158,1,0
0.511171,0.483702,0.522036,1,0
0.511171,0.48358,0.522036,1,0
0.511049,0.483824,0.522158,1,0
0.511049,0.483824,0.522281,1,0
0.511171,0.483824,0.521914,1,0
0.511293,0.48358,0.522036,1,0
0.511049,0.48358,0.521914,1,0
0.511049,0.483702,0.522158,1,0
0.511049,0.483946,0.522158,1,0
0.511171,0.48358,0.521914,1,0
0.511049,0.48358,0.522158,1,0
0.511049,0.48358,0.522036,1,0
0.511049,0.48358,0.522036,1,0
0.511049,0.48358,0.522036,1,0
0.511049,0.483702,0.521914,1,0
0.511049,0.483702,0.522158,1,0
0.510927,0.483702,0.522158,1,0
0.510927,0.483702,0.521792,1,0
0.511049,0.483824,0.522036,1,0
0.511049,0.483702,0.522036,1,0
0.511171,0.48358,0.522281,1,0
0.510927,0.483946,0.522158,1,0
0.510927,0.483457,0.522158,1,0
0.510927,0.483702,0.522281,1,0
0.510927,0.483702,0.522525,1,0
0.511049,0.483824,0.522036,1,0
0.511293,0.483946,0.521792,1,0
0.511293,0.483457,0.522158,1,0
0.511293,0.483702,0.522158,1,0
0.511293,0.483824,0.521914,1,0
0.511049,0.483702,0.521792,1,0
0.511171,0.483824,0.522281,1,0
0.511171,0.483702,0.522036,1,0
0.511171,0.483824,0.522036,1,0
0.511293,0.48358,0.522281,1,0
0.511049,0.483702,0.522281,1,0
0.510927,0.483946,0.522036,1,0
0.510805,0.483824,0.522036,1,0
0.511171,0.483946,0.521914,1,0
0.511049,0.483702,0.522281,1,0
0.510927,0.483946,0.522281,1,0
0.511171,0.483946,0.522036,1,0
0.511293,0.483824,0.521792,1,0
0.511171,0.483702,0.522036,1,0
0.511293,0.483824,0.522158,1,0
0.511049,0.48358,0.522158,0,0
0.510927,0.483824,0.522036,0,0
0.511049,0.483702,0.521792,0,0
0.511171,0.483457,0.522036,0,0
0.511293,0.483702,0.521792,0,0
0.511171,0.483824,0.521914,0,0
0.511171,0.483824,0.521914,0,0
0.511171,0.48358,0.522036,0,0
0.511171,0.483457,0.522036,0,0
0.511171,0.483702,0.521914,0,0
0.511171,0.483824,0.522158,0,0
0.510927,0.483824,0.522158,0,0
0.511049,0.48358,0.522036,0,0
0.510927,0.483702,0.522158,0,0
0.511049,0.48358,0.522158,0,0
0.510927,0.48358,0.522036,1,0
0.510927,0.483824,0.522158,1,0
0.511171,0.483702,0.522158,1,0
0.511171,0.483824,0.522036,1,0
0.511049,0.483457,0.522281,1,0
0.511049,0.48358,0.522158,1,0
0.511171,0.483702,0.522158,1,0
0.511049,0.483702,0.522036,1,0
0.511171,0.483702,0.522036,1,0
0.510927,0.483457,0.522036,1,0
0.510927,0.483702,0.522281,1,0
0.510682,0.483946,0.522281,1,0
0.511049,0.483702,0.522036,1,0
0.511049,0.483702,0.521914,1,0
0.510927,0.483702,0.521914,1,0
0.511049,0.483702,0.521792,1,0
0.511049,0.48358,0.522403,1,0
0.510805,0.483824,0.522036,1,0
0.511049,0.48358,0.521914,1,0
0.511049,0.483702,0.522158,1,0
0.511049,0.483457,0.522281,1,0
0.510927,0.483702,0.521914,1,0
0.510927,0.48358,0.521792,1,0
0.510927,0.48358,0.522158,1,0
0.511049,0.48358,0.522036,1,0
0.510927,0.483702,0.522158,1,0
0.510927,0.48358,0.522036,1,0
0.511049,0.483702,0.522158,1,0
0.511049,0.483702,0.522158,1,0
0.510927,0.483702,0.522158,1,0
0.511049,0.483702,0.522281,1,0
0.510927,0.483946,0.521914,1,0
0.511049,0.48358,0.522036,1,0
0.510927,0.48358,0.522036,1,0
0.511049,0.483702,0.522158,1,0
0.511049,0.483702,0.522036,1,0
0.510805,0.483702,0.522036,1,0
0.510927,0.483824,0.522158,1,0
0.511049,0.483946,0.522158,1,0
0.510927,0.48358,0.522036,1,0
0.511049,0.483702,0.521914,1,0
0.511049,0.483824,0.521914,1,0
0.511049,0.483702,0.522158,1,0
0.511049,0.483946,0.522036,1,0
0.511171,0.483824,0.521914,1,0
0.511049,0.483457,0.521914,1,0
0.511049,0.483457,0.522158,1,0
0.511049,0.483824,0.522158,1,0
0.510927,0.483702,0.522158,1,0
0.510927,0.483824,0.522158,1,0
0.511049,0.483702,0.522281,1,0
0.511171,0.48358,0.522281,1,0
0.511171,0.48358,0.522036,1,0
0.511171,0.483824,0.522158,1,0
0.511171,0.483702,0.522158,1,0
0.511293,0.483824,0.522036,1,0
0.511171,0.483824,0.522158,1,0
0.511049,0.483824,0.522281,1,0
0.511293,0.483824,0.522036,1,0
0.511049,0.483946,0.522281,1,0
0.511171,0.483824,0.521914,1,0
0.511171,0.483824,0.522158,1,0
0.511293,0.483824,0.522525,1,0
0.511171,0.483824,0.522403,1,0
0.511293,0.483946,0.522158,1,0
0.511171,0.484068,0.522281,1,0
0.511171,0.484312,0.522281,1,0
0.511537,0.484068,0.521792,1,0
0.511415,0.484068,0.521914,1,0
0.511659,0.484068,0.522158,1,0
0.511537,0.48419,0.522525,1,0
0.511415,0.484312,0.522281,1,0
0.511537,0.48419,0.522158,1,0
0.511537,0.484312,0.522036,1,0
0.511415,0.483824,0.522647,1,0
0.511537,0.483946,0.522891,1,0
0.512147,0.485289,0.522158,1,0
0.511171,0.483335,0.523746,1,0
0.511781,0.483335,0.524478,1,0
0.511537,0.484312,0.523501,1,0
0.511659,0.482847,0.524356,1,0
0.511293,0.484434,0.524112,1,0
0.510072,0.4848,0.523746,1,0
0.50934,0.48419,0.523501,1,0
0.509462,0.483335,0.522891,1,0
0.509217,0.484556,0.523623,1,0
0.510316,0.483702,0.524112,1,0
0.511171,0.485045,0.522647,1,0
0.512147,0.486998,0.522769,1,0
0.513246,0.489073,0.523135,1,0
0.51349,0.49066,0.522769,1,0
0.513979,0.489195,0.522036,1,0
0.513979,0.489318,0.523013,1,0
0.512758,0.492003,0.52167,1,0
0.51227,0.491149,0.523257,1,0
0.510682,0.494933,0.525821,1,0
0.509706,0.494811,0.53046,1,0
0.508363,0.495056,0.52985,1,0
0.508119,0.495544,0.525943,1,0
0.506898,0.49298,0.525699,1,0
0.506287,0.491759,0.523746,1,0
0.506898,0.485777,0.527652,1,0
0.506287,0.488585,0.528019,1,0
0.506287,0.488341,0.524234,1,0
0.506532,0.489318,0.522647,1,0
0.507142,0.486387,0.522769,1,0
0.506287,0.485289,0.521426,1,0
0.503724,0.482847,0.524478,1,0
0.501404,0.479795,0.527408,1,0
0.498718,0.483457,0.52753,1,0
0.501282,0.487242,0.52753,1,0
0.5047,0.486876,0.527408,1,0
0.505921,0.487242,0.5246,1,0
0.506654,0.48651,0.522647,1,0
0.506776,0.486998,0.521548,1,0
0.507386,0.488707,0.521304,1,0
0.508607,0.488341,0.521914,1,0
0.509828,0.486754,0.523257,1,0
0.510438,0.495056,0.530582,1,0
0.511903,0.491393,0.528385,1,0
0.51056,0.48773,0.523257,1,0
0.517519,0.485533,0.522281,1,0
0.513124,0.419485,0.530216,1,0
0.51349,0.464168,0.518984,1,0
0.503968,0.45489,0.530338,1,0
0.495422,0.469051,0.521914,1,0
0.488707,0.474667,0.520449,1,0
0.484312,0.497375,0.512392,1,0
0.480527,0.497375,0.510927,1,0
0.481504,0.499084,0.505921,1,0
0.485533,0.506409,0.504456,1,0
0.49298,0.490783,0.514345,1,0
0.499206,0.498474,0.519595,1,0
0.498718,0.500671,0.522403,1,0
0.499817,0.492614,0.527652,1,0
0.49591,0.500061,0.523746,1,0
0.494689,0.497497,0.523135,1,0
0.493835,0.48651,0.52399,1,0
0.491759,0.49298,0.528385,1,0
0.489928,0.497375,0.528263,1,0
0.489806,0.495544,0.528019,1,0
0.490538,0.500427,0.528141,1,0
0.489562,0.501404,0.527042,1,0
0.488829,0.499573,0.526554,1,0
0.488219,0.500671,0.525577,1,0
0.487975,0.499695,0.525699,1,0
0.489318,0.499573,0.52692,1,0
0.489562,0.499329,0.52692,1,0
0.490294,0.498596,0.527042,1,0
0.490538,0.500183,0.527408,1,0
0.490905,0.499939,0.526798,1,0
0.491515,0.499695,0.526431,1,0
0.49237,0.498352,0.525821,1,0
0.492736,0.498474,0.523868,1,0
0.492736,0.496032,0.522036,1,0
0.493346,0.495788,0.520083,1,0
0.491271,0.492858,0.521548,1,0
0.490783,0.492248,0.523013,1,0
0.491881,0.494933,0.523257,1,0
0.49005,0.497497,0.521792,1,0
0.49066,0.498474,0.51813,1,0
0.495666,0.488951,0.519106,1,0
0.498962,0.487608,0.522403,1,0
0.500549,0.49066,0.525088,1,0
0.503968,0.486143,0.52399,1,0
0.50702,0.486265,0.522769,1,0
0.507752,0.482603,0.528019,1,0
0.509095,0.48419,0.52985,1,0
0.511781,0.503479,0.560249,1,0
0.508119,0.499206,0.549383,1,0
0.507386,0.492736,0.536565,1,0
0.507386,0.495788,0.525211,1,0
0.507752,0.494323,0.522647,1,0
0.507874,0.492492,0.522647,1,0
0.508607,0.492736,0.523746,1,0
0.509584,0.493346,0.524844,1,0
0.510805,0.49237,0.525455,1,0
0.511537,0.493713,0.525699,1,0
0.512636,0.494811,0.525577,1,0
0.513613,0.495056,0.524844,1,0
0.514223,0.495788,0.523135,1,0
0.513368,0.493591,0.521426,1,0
0.513735,0.493102,0.527042,1,0
0.511537,0.493468,0.529117,1,0
0.510927,0.492858,0.530827,1,0
0.509462,0.49298,0.530338,1,0
0.508241,0.493346,0.527164,1,0
0.508363,0.49237,0.526676,1,0
0.509095,0.491637,0.525577,1,0
0.510927,0.491271,0.525943,1,0
0.511659,0.492492,0.525943,1,0
0.511781,0.492736,0.525455,1,0
0.511781,0.49298,0.525821,1,0
0.511659,0.492858,0.525577,1,0
0.511537,0.492126,0.525333,1,0
0.511537,0.492003,0.525577,1,0
0.511659,0.492492,0.525577,1,0
0.511537,0.49237,0.525577,1,0
0.511049,0.492248,0.525577,1,0
0.511171,0.49237,0.526187,1,0
0.511415,0.49237,0.525943,1,0
0.511659,0.492248,0.525821,1,0
0.511537,0.492492,0.525333,1,0
0.511537,0.492614,0.525455,1,0
0.511537,0.492248,0.525699,1,0
0.511537,0.492003,0.525943,1,0
0.511415,0.492492,0.525821,1,0
0.510927,0.492126,0.526798,1,0
0.509828,0.491149,0.529484,1,0
0.511781,0.491759,0.539983,1,0
0.511537,0.494323,0.538274,1,0
0.511659,0.493346,0.533024,1,0
0.511171,0.496643,0.525088,1,0
0.509706,0.495178,0.520083,1,0
0.507752,0.494689,0.517153,1,0
0.504578,0.498108,0.513613,1,0
0.502381,0.495788,0.514833,1,0
0.502991,0.4953,0.516909,1,0
0.505311,0.496887,0.518618,1,0
0.508729,0.49005,0.532536,1,0
0.510438,0.488219,0.536076,1,0
0.509584,0.489928,0.531681,1,0
0.509217,0.492492,0.524234,1,0
0.509706,0.493468,0.519717,1,0
0.511171,0.492736,0.521304,1,0
0.513002,0.488951,0.524722,1,0
0.513735,0.4848,0.532169,1,0
0.512392,0.487608,0.533512,1,0
0.509095,0.487608,0.528263,1,0
0.508119,0.489562,0.525943,1,0
0.508241,0.489195,0.524966,1,0
0.509217,0.489562,0.52399,1,0
0.511537,0.488585,0.524356,1,0
0.514467,0.487853,0.524722,1,0
0.515688,0.48773,0.523135,1,0
0.51642,0.488463,0.521426,1,0
0.516298,0.486754,0.522281,1,0
0.514101,0.484922,0.524112,1,0
0.511537,0.486387,0.526554,1,0
0.510072,0.488707,0.52692,1,0
0.509462,0.49005,0.525333,1,0
0.510438,0.489318,0.524844,1,0
0.511415,0.490294,0.524478,1,0
0.510194,0.489806,0.521426,1,0
0.509828,0.487975,0.521304,1,0
0.50995,0.486265,0.523379,1,0
0.510316,0.485167,0.526309,1,0
0.51227,0.484678,0.530704,1,0
0.514467,0.485533,0.532047,1,0
0.512147,0.485411,0.526309,1,0
0.511293,0.48419,0.525699,1,0
0.511903,0.482359,0.528629,1,0
0.509584,0.480894,0.527042,1,0
0.506776,0.483335,0.525211,1,0
0.503479,0.482847,0.523623,1,0
0.501282,0.481992,0.521914,1,0
0.499817,0.482847,0.520938,1,0
0.499206,0.48419,0.520938,1,0
0.496887,0.482481,0.51813,1,0
0.493957,0.482725,0.518618,1,0
0.491027,0.484312,0.522769,1,0
0.490294,0.480772,0.523257,1,0
0.488951,0.481626,0.520205,1,0
0.488585,0.482725,0.517763,1,0
0.489562,0.48065,0.518252,1,0
0.490538,0.478574,0.517641,1,0
0.488707,0.481016,0.516054,1,0
0.485655,0.481992,0.520205,1,0
0.48358,0.484678,0.520938,1,0
0.480527,0.485777,0.519961,1,0
0.477842,0.4848,0.522403,1,0
0.477597,0.48187,0.522158,1,0
0.476377,0.486021,0.51813,1,0
0.477842,0.486632,0.517886,1,0
0.480039,0.484678,0.515932,1,0
0.48126,0.485899,0.516298,1,0
0.481748,0.48187,0.515078,1,0
0.480772,0.483457,0.51227,1,0
0.481382,0.481748,0.51349,1,0
0.482237,0.480161,0.512025,1,0
0.482237,0.479795,0.510072,1,0
0.482115,0.481016,0.509462,1,0
0.480283,0.482237,0.509095,1,0
0.479795,0.484434,0.507997,1,0
0.480161,0.486265,0.508607,1,0
0.480772,0.489928,0.511293,1,0
0.48126,0.49005,0.513857,1,0
0.482847,0.494689,0.509217,1,0
0.486754,0.494445,0.516298,1,0
0.489318,0.498962,0.516054,1,0
0.492492,0.505311,0.516787,1,0
0.497009,0.505433,0.518496,1,0
0.500305,0.514833,0.521304,1,0
0.499939,0.528873,0.517153,1,0
0.496643,0.541082,0.512758,1,0
0.494933,0.53632,0.517031,1,0
0.494079,0.52985,0.513613,1,0
0.492492,0.514223,0.514711,1,0
0.492492,0.494933,0.522281,1,0
0.490538,0.488585,0.523746,1,0
0.482115,0.487975,0.519106,1,0
0.477475,0.48419,0.522525,1,0
0.481382,0.480772,0.528507,1,0
0.475156,0.487975,0.522769,1,0
0.480527,0.485167,0.528141,1,0
0.480527,0.487486,0.525943,1,0
0.48065,0.48651,0.526065,1,0
0.481382,0.489073,0.529484,1,0
0.482237,0.491271,0.526554,1,0
0.48358,0.491271,0.52692,1,0
0.485045,0.492492,0.527774,1,0
0.486387,0.494567,0.527286,1,0
0.48712,0.495056,0.526798,1,0
0.48773,0.496032,0.525821,1,0
0.488097,0.497253,0.525699,1,0
0.487608,0.498352,0.525088,1,0
0.487486,0.496643,0.525211,1,0
0.487486,0.497497,0.524478,1,0
0.48712,0.496032,0.525943,1,0
0.487364,0.493346,0.525699,1,0
0.487364,0.491637,0.524966,1,0
0.486998,0.491881,0.524722,1,0
0.48651,0.49066,0.525088,1,0
0.486876,0.492736,0.523868,1,0
0.486876,0.493468,0.523379,1,0
0.487364,0.492003,0.523135,1,0
0.48712,0.493468,0.522036,1,0
0.486876,0.495178,0.521304,1,0
0.48651,0.495056,0.52106,1,0
0.486754,0.494689,0.521304,1,0
0.486754,0.495422,0.522281,1,0
0.486632,0.494323,0.523379,1,0
0.485899,0.494933,0.523746,1,0
0.485533,0.495178,0.52399,1,0
0.485411,0.495056,0.524844,1,0
0.485533,0.495666,0.524722,1,0
0.485777,0.495666,0.5246,1,0
0.485777,0.496032,0.524722,1,0
0.486021,0.495788,0.523868,1,0
0.485655,0.496154,0.523868,1,0
0.485899,0.495544,0.523501,1,0
0.485899,0.4953,0.523257,1,0
0.485411,0.495056,0.523379,1,0
0.485411,0.494811,0.523501,1,0
0.485655,0.494933,0.523868,1,0
0.485045,0.494811,0.523868,1,0
0.485289,0.494811,0.524234,1,0
0.485411,0.4953,0.524234,1,0
0.485411,0.494689,0.524234,1,0
0.485655,0.495422,0.524112,1,0
0.485655,0.495544,0.52399,1,0
0.485777,0.494811,0.52399,1,0
0.485777,0.495056,0.523746,1,0
0.485899,0.495056,0.523746,1,0
0.486021,0.494933,0.523623,1,0
0.485899,0.4953,0.523746,1,0
0.485655,0.495666,0.523868,1,0
0.485167,0.495666,0.524356,1,0
0.484922,0.495788,0.5246,1,0
0.484556,0.495788,0.524844,1,0
0.484556,0.496521,0.524234,1,0
0.485045,0.49591,0.524478,1,0
0.485167,0.496154,0.524356,1,0
0.484556,0.496521,0.524966,1,0
0.4848,0.497009,0.525455,1,0
0.484922,0.495666,0.525333,1,0
0.48419,0.495666,0.524112,1,0
0.482847,0.495788,0.523746,1,0
0.482237,0.494933,0.524112,1,0
0.481382,0.495788,0.523135,1,0
0.479429,0.4953,0.522403,1,0
0.47833,0.493713,0.523257,1,0
0.476987,0.495544,0.520083,1,0
0.47601,0.493957,0.520083,1,0
0.476254,0.491393,0.519106,1,0
0.476499,0.491271,0.516909,1,0
0.477231,0.487975,0.51642,1,0
0.477719,0.485777,0.514711,1,0
0.477842,0.485533,0.514101,1,0
0.478696,0.4848,0.514223,1,0
0.478574,0.484556,0.512636,1,0
0.479429,0.484556,0.511171,1,0
0.478818,0.484312,0.509706,1,0
0.479551,0.48419,0.507997,1,0
0.480039,0.484312,0.507997,1,0
0.479307,0.484922,0.508851,1,0
0.477719,0.485777,0.507142,1,0
0.479184,0.485777,0.513002,1,0
0.48065,0.488219,0.512636,1,0
0.480039,0.491515,0.506287,1,0
0.485533,0.492126,0.516176,1,0
0.487975,0.498108,0.516909,1,0
0.487608,0.508607,0.514223,1,0
0.490905,0.512025,0.520693,1,0
0.487975,0.523868,0.514589,1,0
0.486021,0.527652,0.517763,1,0
0.486265,0.527408,0.518984,1,0
0.4848,0.528751,0.517275,1,0
0.485167,0.52106,0.520449,1,0
0.485045,0.516054,0.521426,1,0
0.486387,0.513002,0.521548,1,0
0.487364,0.509095,0.52399,1,0
0.486998,0.504334,0.522281,1,0
0.485411,0.502869,0.520449,1,0
0.486143,0.499817,0.519961,1,0
0.485289,0.4953,0.519351,1,0
0.485411,0.493102,0.519839,1,0
0.482359,0.492003,0.517275,1,0
0.480527,0.489318,0.518374,1,0
0.478574,0.485777,0.517886,1,0
0.477353,0.47894,0.518618,1,0
0.481382,0.477597,0.527042,1,0
0.478452,0.486876,0.52106,1,0
0.483091,0.488585,0.526187,1,0
0.484434,0.49298,0.533024,1,0
0.484434,0.504578,0.526676,1,0
0.486265,0.501892,0.530582,1,0
0.487853,0.501526,0.528751,1,0
0.487853,0.502869,0.525088,1,0
0.488463,0.500427,0.527042,1,0
0.48944,0.49823,0.52753,1,0
0.489806,0.497619,0.526554,1,0
0.489684,0.495788,0.527896,1,0
0.488097,0.496032,0.527652,1,0
0.48712,0.495788,0.528385,1,0
0.486876,0.497131,0.530338,1,0
0.485045,0.497253,0.530094,1,0
0.48358,0.497009,0.530827,1,0
0.481992,0.49591,0.530704,1,0
0.480405,0.492614,0.531437,1,0
0.478818,0.48944,0.529361,1,0
0.479551,0.488097,0.528995,1,0
0.479062,0.485533,0.527896,1,0
0.477842,0.487975,0.523868,1,0
0.477964,0.490172,0.520938,1,0
0.477231,0.491027,0.516787,1,0
0.477719,0.49237,0.513002,1,0
0.478452,0.494201,0.511049,1,0
0.479062,0.492736,0.509584,1,0
0.480527,0.487608,0.50934,1,0
0.483946,0.486754,0.507752,1,0
0.487242,0.481138,0.50702,1,0
0.488463,0.483335,0.509095,1,0
0.485899,0.489684,0.509217,1,0
0.482847,0.501526,0.507874,1,0
0.482725,0.506165,0.511171,1,0
0.482847,0.508729,0.5152,1,0
0.481382,0.514345,0.514101,1,0
0.483457,0.51642,0.518252,1,0
0.482847,0.518618,0.519961,1,0
0.481992,0.517275,0.519595,1,0
0.484312,0.517519,0.521548,1,0
0.483335,0.519106,0.518008,1,0
0.483702,0.515688,0.518374,1,0
0.484556,0.514101,0.51581,1,0
0.482969,0.50934,0.514345,1,0
0.485045,0.502014,0.517031,1,0
0.485289,0.498474,0.515322,1,0
0.48065,0.492614,0.515688,1,0
0.482969,0.489073,0.520693,1,0
0.481016,0.491637,0.517641,1,0
0.479429,0.489073,0.517397,1,0
0.479917,0.486265,0.52106,1,0
0.478086,0.484678,0.520205,1,0
0.477231,0.481138,0.521792,1,0
0.480405,0.483335,0.526554,1,0
0.479307,0.485899,0.524966,1,0
0.483213,0.48712,0.52985,1,0
0.484068,0.493713,0.528385,1,0
0.486021,0.499817,0.528385,1,0
0.486754,0.500794,0.52985,1,0
0.48712,0.502503,0.526431,1,0
0.487853,0.502014,0.527774,1,0
0.488219,0.500427,0.526065,1,0
0.488341,0.498108,0.525699,1,0
0.488097,0.496398,0.525088,1,0
0.488219,0.495422,0.525943,1,0
0.487975,0.496032,0.526554,1,0
0.486265,0.497375,0.527042,1,0
0.485289,0.497619,0.529728,1,0
0.483824,0.498718,0.529972,1,0
0.481138,0.496398,0.53046,1,0
0.480527,0.492736,0.53046,1,0
0.478086,0.490172,0.530338,1,0
0.477597,0.486998,0.530216,1,0
0.479062,0.487242,0.527286,1,0
0.479551,0.489195,0.523135,1,0
0.479551,0.488707,0.521426,1,0
0.479429,0.489073,0.51813,1,0
0.479917,0.490783,0.513979,1,0
0.482237,0.489684,0.513979,1,0
0.482359,0.490538,0.511659,1,0
0.482115,0.492126,0.508485,1,0
0.482237,0.492614,0.508607,1,0
0.482969,0.491515,0.509217,1,0
0.484922,0.491393,0.51288,1,0
0.484678,0.493468,0.513368,1,0
0.482237,0.496032,0.513246,1,0
0.48187,0.497986,0.516298,1,0
0.481016,0.50116,0.515322,1,0
0.479795,0.502747,0.51642,1,0
0.481138,0.505311,0.519595,1,0
0.479184,0.509095,0.5152,1,0
0.479551,0.508729,0.519473,1,0
0.480527,0.511049,0.518984,1,0
0.479917,0.512025,0.518008,1,0
0.481626,0.511171,0.519351,1,0
0.481382,0.513246,0.518618,1,0
0.481382,0.515322,0.517641,1,0
0.482481,0.516543,0.516909,1,0
0.481382,0.513857,0.516298,1,0
0.48187,0.511537,0.516787,1,0
0.482969,0.508485,0.516787,1,0
0.482481,0.505555,0.517153,1,0
0.480894,0.500671,0.518008,1,0
0.483213,0.497375,0.517886,1,0
0.48065,0.496276,0.516665,1,0
0.481138,0.492248,0.519595,1,0
0.481626,0.491637,0.518252,1,0
0.477964,0.489195,0.520571,1,0
0.480283,0.486021,0.522891,1,0
0.47894,0.490294,0.526431,1,0
0.482237,0.495788,0.527164,1,0
0.483091,0.497741,0.527896,1,0
0.485289,0.497619,0.525211,1,0
0.486632,0.499573,0.529117,1,0
0.485899,0.505189,0.528507,1,0
0.486754,0.508729,0.528751,1,0
0.486387,0.507752,0.528873,1,1
0.487364,0.505921,0.529484,1,0
0.487364,0.5047,0.528995,1,0
0.487608,0.502259,0.529972,1,0
0.486021,0.499939,0.530338,1,0
0.482115,0.496154,0.528263,1,0
0.481504,0.494445,0.530827,1,0
0.478208,0.491393,0.527286,1,0
0.479429,0.487853,0.525821,1,0
0.47894,0.487242,0.523746,1,0
0.479551,0.486387,0.520938,1,0
0.480161,0.48773,0.518862,1,0
0.479429,0.487975,0.517153,1,0
0.479673,0.48944,0.515566,1,0
0.479307,0.491149,0.514467,1,0
0.480527,0.491759,0.513857,1,0
0.481992,0.491637,0.513246,1,0
0.484068,0.491149,0.513002,1,0
0.48358,0.494323,0.514101,1,0
0.483702,0.49884,0.512025,1,0
0.483335,0.505677,0.514101,1,0
0.482359,0.506287,0.515322,1,0
0.481748,0.510927,0.514589,1,0
0.482603,0.510438,0.515932,1,0
0.480283,0.513368,0.515566,1,0
0.481748,0.512514,0.517641,1,0
0.480283,0.51056,0.517763,1,0
0.481138,0.509584,0.516176,1,0
0.480772,0.507386,0.515688,1,0
0.482847,0.505067,0.516665,1,0
0.481504,0.502625,0.515688,1,0
0.481382,0.500549,0.517153,1,0
0.483213,0.499084,0.517641,1,0
0.480283,0.49823,0.516054,1,0
0.481626,0.494445,0.518984,1,0
0.484434,0.491149,0.519106,1,0
0.479917,0.488463,0.517519,1,0
0.480039,0.484312,0.520449,1,0
0.478574,0.484434,0.521304,1,0
0.479062,0.482481,0.522403,1,0
0.482603,0.481382,0.523868,1,0
0.481626,0.486021,0.526554,1,0
0.481504,0.490416,0.521182,1,0
0.485777,0.491515,0.528995,1,0
0.485899,0.499695,0.528019,1,0
0.485045,0.502747,0.527774,1,0
0.486021,0.501892,0.530949,1,0
0.486387,0.50409,0.528873,1,0
0.486387,0.501648,0.529606,1,1
0.48651,0.497986,0.530216,1,0
0.4848,0.498108,0.528385,1,0
0.483213,0.494811,0.52985,1,0
0.482603,0.492614,0.529972,1,0
0.480405,0.492736,0.528385,1,0
0.47833,0.488829,0.529117,1,0
0.475644,0.48944,0.526431,1,0
0.475766,0.491271,0.523501,1,0
0.476743,0.489562,0.520083,1,0
0.479062,0.48773,0.517763,1,0
0.479917,0.48712,0.513857,1,0
0.482481,0.484312,0.512147,1,0
0.485411,0.483824,0.510682,1,0
0.486998,0.479429,0.508363,1,0
0.488829,0.477964,0.507752,1,0
0.489562,0.482481,0.511049,1,0
0.487364,0.486876,0.51349,1,0
0.487853,0.494201,0.513002,1,0
0.48651,0.499939,0.515444,1,0
0.485777,0.503846,0.516665,1,0
0.485533,0.509706,0.520816,1,0
0.4848,0.51581,0.514955,1,0
0.483702,0.522158,0.517153,1,0
0.484556,0.521182,0.519473,1,0
0.482359,0.524722,0.5152,1,0
0.48358,0.521182,0.516787,1,0
0.483213,0.519228,0.51642,1,0
0.484068,0.515688,0.516543,1,0
0.485167,0.510805,0.518008,1,0
0.4848,0.502381,0.518618,1,0
0.486754,0.49884,0.51813,1,0
0.482725,0.491515,0.51642,1,0
0.485289,0.48773,0.518374,1,0
0.480894,0.485411,0.515566,1,0
0.480161,0.481504,0.51813,1,0
0.480039,0.479795,0.518984,1,0
0.479184,0.476865,0.519595,1,0
0.480772,0.48065,0.526676,1,0
0.480405,0.487608,0.522036,1,0
0.485411,0.495178,0.529117,1,0
0.4848,0.500183,0.527164,1,0
0.485045,0.502747,0.529361,1,0
0.485899,0.504334,0.527774,1,0
0.485899,0.503113,0.527896,1,0
0.485655,0.501892,0.52753,1,0
0.485777,0.500061,0.528385,1,0
0.485289,0.498596,0.529606,1,0
0.483702,0.49823,0.531803,1,1
0.481382,0.497986,0.53278,1,0
0.478696,0.498108,0.530949,1,0
0.478696,0.493224,0.531437,1,0
0.479673,0.492126,0.529361,1,0
0.479429,0.492736,0.524478,1,0
0.478452,0.492248,0.521182,1,0
0.47894,0.489928,0.519839,1,0
0.479795,0.492736,0.51813,1,0
0.479795,0.489073,0.51288,1,0
0.482481,0.484068,0.513979,1,0
0.484922,0.479551,0.513124,1,0
0.4848,0.4754,0.511781,1,0
0.482725,0.478452,0.508607,1,0
0.485045,0.482603,0.508851,1,0
0.485411,0.480772,0.511171,1,0
0.486143,0.493102,0.509828,1,0
0.484922,0.500427,0.514223,1,0
0.484434,0.500549,0.514955,1,0
0.484678,0.512514,0.515566,1,0
0.48419,0.516054,0.515566,1,0
0.48419,0.516909,0.517153,1,0
0.485777,0.518984,0.518984,1,0
0.483946,0.524722,0.51581,1,0
0.484434,0.519351,0.517641,1,0
0.484434,0.516909,0.517763,1,0
0.484556,0.513857,0.517397,1,0
0.486143,0.508851,0.516787,1,0
0.485533,0.506776,0.516176,1,0
0.485289,0.500183,0.517886,1,0
0.48419,0.494201,0.517519,1,0
0.4848,0.492003,0.517763,1,0
0.478696,0.483824,0.516298,1,0
0.482847,0.48126,0.522036,1,0
0.477842,0.481138,0.517763,1,0
0.479062,0.476254,0.522036,1,0
0.482359,0.477842,0.523257,1,0
0.479795,0.479429,0.520571,1,0
0.483702,0.479551,0.523746,1,0
0.485411,0.487608,0.527408,1,0
0.484434,0.492736,0.522647,1,0
0.486876,0.500427,0.530094,1,0
0.485899,0.503846,0.526554,1,0
0.48651,0.501526,0.529606,1,0
0.485655,0.503113,0.52692,1,0
0.485899,0.500305,0.524234,1,0
0.486265,0.495056,0.525821,1,0
0.486632,0.493224,0.52692,1,0
0.484922,0.494689,0.525455,1,1
0.482969,0.492858,0.528019,1,0
0.482115,0.493346,0.528629,1,0
0.479917,0.493224,0.528019,1,0
0.478452,0.492126,0.529361,1,0
0.477719,0.493224,0.529484,1,0
0.47601,0.494689,0.527286,1,0
0.47601,0.494079,0.524356,1,0
0.475644,0.493468,0.520327,1,0
0.479307,0.490294,0.52106,1,0
0.47833,0.48419,0.517275,1,0
0.47833,0.48712,0.51227,1,0
0.485411,0.479673,0.5152,1,0
0.49066,0.474789,0.513979,1,0
0.490905,0.476132,0.510805,1,0
0.491515,0.482847,0.510438,1,0
0.489806,0.48773,0.511659,1,0
0.490294,0.489195,0.513368,1,0
0.48712,0.496887,0.512514,1,0
0.485045,0.501038,0.5152,1,0
0.484434,0.504456,0.518496,1,0
0.48187,0.511049,0.513124,1,0
0.483457,0.511537,0.51874,1,0
0.484312,0.514955,0.520205,1,0
0.482237,0.52106,0.516054,1,0
0.483702,0.518618,0.518496,1,0
0.481626,0.519351,0.517641,1,0
0.482481,0.519106,0.518252,1,0
0.481626,0.517153,0.517397,1,0
0.48187,0.512025,0.518008,1,0
0.484922,0.50763,0.518374,1,0
0.482725,0.505311,0.517031,1,0
0.483457,0.499084,0.519595,1,0
0.484556,0.495544,0.519351,1,0
0.483946,0.491027,0.518252,1,0
0.486387,0.484556,0.519106,1,0
0.48187,0.482725,0.516909,1,0
0.482481,0.479062,0.518862,1,0
0.481382,0.480283,0.518984,1,0
0.480039,0.480894,0.519473,1,0
0.482725,0.482725,0.524112,1,0
0.481748,0.485167,0.526309,1,0
0.482359,0.485899,0.523501,1,0
0.485411,0.490416,0.529361,1,0
0.485411,0.493591,0.528507,1,0
0.4848,0.495544,0.529606,1,0
0.486387,0.497741,0.530582,1,0
0.484434,0.499939,0.529361,1,0
0.48358,0.498108,0.531559,1,1
0.483457,0.4953,0.531193,1,0
0.482237,0.492248,0.530704,1,0
0.479551,0.491515,0.531925,1,0
0.477475,0.488585,0.529117,1,0
0.476621,0.486754,0.526431,1,0
0.477719,0.485167,0.524478,1,0
0.480772,0.482481,0.522281,1,0
0.482115,0.481016,0.518374,1,0
0.485045,0.481504,0.516054,1,0
0.485289,0.483457,0.512514,1,0
0.488707,0.483213,0.511537,1,0
0.488463,0.485655,0.510194,1,0
0.49005,0.491759,0.511049,1,0
0.48944,0.498352,0.511781,1,0
0.488463,0.500549,0.515078,1,0
0.486265,0.505921,0.515078,1,0
0.485411,0.506043,0.513857,1,0
0.485289,0.511293,0.516176,1,0
0.486876,0.514223,0.520327,1,0
0.486265,0.52106,0.520571,1,0
0.482481,0.523257,0.517031,1,0
0.483091,0.51874,0.520205,1,0
0.483091,0.519106,0.520083,1,0
0.486265,0.513368,0.521548,1,0
0.486876,0.508363,0.520327,1,0
0.486754,0.500916,0.519839,1,0
0.486632,0.497253,0.517641,1,0
0.486143,0.493713,0.516054,1,0
0.483824,0.487975,0.516543,1,0
0.487242,0.486754,0.51813,1,0
0.479551,0.483946,0.515322,1,0
0.480527,0.47833,0.519106,1,0
0.479795,0.479307,0.518374,1,0
0.478208,0.476621,0.52167,1,0
0.483457,0.47894,0.524844,1,0
0.482359,0.479673,0.52399,1,0
0.485533,0.482481,0.526676,1,0
0.485533,0.494201,0.528995,1,0
0.484068,0.501526,0.524844,1,0
0.485899,0.498474,0.530949,1,0
0.486143,0.499451,0.527164,1,0
0.485167,0.496765,0.525821,1,0
0.484922,0.494323,0.525455,1,0
0.484312,0.493835,0.525455,1,0
0.48358,0.493957,0.527286,1,0
0.481992,0.493468,0.529117,1,0
0.480772,0.492736,0.528873,1,0
0.480405,0.492248,0.52985,1,0
0.477964,0.492736,0.528141,1,1
0.477231,0.489195,0.527042,1,0
0.476987,0.487975,0.523379,1,0
0.478452,0.486632,0.520693,1,0
0.479917,0.484068,0.516665,1,0
0.482237,0.481626,0.513124,1,0
0.483702,0.478696,0.512758,1,0
0.481138,0.480161,0.508973,1,0
0.48065,0.478818,0.505677,1,0
0.483824,0.476254,0.507386,1,0
0.486876,0.478208,0.509584,1,0
0.485777,0.482237,0.507752,1,0
0.48651,0.491759,0.510194,1,0
0.486632,0.498718,0.509706,1,0
0.485167,0.505799,0.515566,1,0
0.485045,0.50763,0.51349,1,0
0.48419,0.515078,0.518984,1,0
0.483091,0.518862,0.51874,1,0
0.480894,0.519228,0.519473,1,0
0.48126,0.518496,0.520449,1,0
0.480039,0.516543,0.519106,1,0
0.481626,0.510927,0.520449,1,0
0.484922,0.505311,0.520083,1,0
0.484068,0.502014,0.516543,1,0
0.484678,0.497253,0.516543,1,0
0.484312,0.49298,0.515078,1,0
0.482481,0.489684,0.513124,1,0
0.482725,0.483457,0.514833,1,0
0.48126,0.481504,0.514345,1,0
0.48187,0.476743,0.517397,1,0
0.479795,0.478696,0.517886,1,0
0.482603,0.478208,0.518984,1,0
0.482725,0.479551,0.52167,1,0
0.483335,0.483824,0.523746,1,0
0.484678,0.488951,0.524478,1,0
0.485411,0.493102,0.52985,1,0
0.484434,0.499695,0.527164,1,0
0.485411,0.496765,0.532047,1,0
0.485655,0.499451,0.530827,1,0
0.486021,0.500305,0.529972,1,0
0.486876,0.49823,0.530094,1,0
0.487242,0.496643,0.530827,1,0
0.485289,0.496032,0.530338,1,0
0.483457,0.494567,0.532169,1,0
0.48065,0.495422,0.530827,1,0
0.479429,0.495544,0.52985,1,0
0.478452,0.494079,0.528141,1,0
0.479307,0.492736,0.525821,1,0
0.479429,0.492126,0.522281,1,1
0.479551,0.488707,0.519228,1,0
0.480772,0.489073,0.515566,1,0
0.483702,0.485777,0.514589,1,0
0.485045,0.484312,0.512758,1,0
0.485655,0.485167,0.509706,1,0
0.48773,0.480772,0.51227,1,0
0.489073,0.476987,0.51227,1,0
0.487486,0.47833,0.51056,1,0
0.48944,0.477719,0.51349,1,0
0.488219,0.480161,0.513735,1,0
0.486998,0.485167,0.514955,1,0
0.485411,0.491393,0.512636,1,0
0.485045,0.499084,0.516787,1,0
0.483946,0.505189,0.51349,1,0
0.485411,0.510682,0.520816,1,0
0.484678,0.519228,0.517031,1,0
0.483457,0.519351,0.520571,1,0
0.48419,0.520083,0.523379,1,0
0.482115,0.522769,0.519839,1,0
0.482847,0.515322,0.522036,1,0
0.4848,0.510316,0.521548,1,0
0.485655,0.504212,0.519839,1,0
0.486021,0.497619,0.519839,1,0
0.486632,0.492858,0.519106,1,0
0.483824,0.488341,0.516909,1,0
0.483824,0.485167,0.519106,1,0
0.483091,0.48419,0.518984,1,0
0.483702,0.48187,0.52106,1,0
0.481992,0.484556,0.523868,1,0
0.482725,0.486143,0.525211,1,0
0.484434,0.487608,0.526676,1,0
0.483824,0.492492,0.528751,1,0
0.485411,0.496398,0.528263,1,0
0.485777,0.497497,0.529972,1,0
0.486265,0.49884,0.529606,1,0
0.487364,0.497375,0.528019,1,0
0.488097,0.496521,0.527408,1,0
0.488585,0.497375,0.525577,1,0
0.488829,0.496032,0.525088,1,0
0.489195,0.495178,0.526309,1,0
0.487853,0.497497,0.526431,1,0
0.485533,0.498108,0.528385,1,0
0.483702,0.496521,0.531315,1,0
0.482237,0.496887,0.531803,1,0
0.480894,0.496521,0.531803,1,0
0.48065,0.49237,0.532414,1,0
0.481626,0.489684,0.529606,1,0
0.481748,0.48944,0.526309,1,0
0.482725,0.487608,0.524356,1,1
0.482359,0.486143,0.520327,1,0
0.482969,0.488585,0.518374,1,0
0.4848,0.486021,0.517641,1,0
0.486998,0.482481,0.51581,1,0
0.484678,0.480405,0.513613,1,0
0.48419,0.481382,0.511903,1,0
0.487364,0.477842,0.510927,1,0
0.489806,0.478452,0.512025,1,0
0.489806,0.485411,0.508485,1,0
0.488097,0.497253,0.511903,1,0
0.486143,0.505433,0.510805,1,0
0.483702,0.514833,0.508973,1,0
0.485411,0.522403,0.514833,1,0
0.483091,0.521304,0.513246,1,0
0.483213,0.515566,0.516054,1,0
0.484312,0.51227,0.518374,2,0
0.48419,0.509095,0.515932,2,0
0.483946,0.503235,0.519106,2,0
0.484556,0.496887,0.519839,2,0
0.484068,0.494689,0.516665,2,0
0.483335,0.48944,0.519839,2,0
0.484434,0.485289,0.521182,2,0
0.481382,0.484678,0.520938,2,0
0.48358,0.48126,0.524966,2,0
0.483213,0.481382,0.523623,2,0
0.482603,0.484556,0.526309,2,0
0.48419,0.485289,0.524966,2,0
0.487242,0.488097,0.527774,2,0
0.486265,0.490416,0.527896,2,0
0.487486,0.493957,0.525821,2,0
0.488585,0.494201,0.528385,2,0
0.489318,0.496521,0.526065,2,0
0.48944,0.49591,0.527774,2,0
0.489195,0.496032,0.527164,2,0
0.489684,0.4953,0.52753,2,0
0.489562,0.494811,0.52692,2,0
0.488829,0.493102,0.527042,2,0
0.487608,0.494201,0.528263,2,0
0.485899,0.493591,0.526554,2,0
0.485533,0.493957,0.527042,2,0
0.485167,0.493224,0.5246,2,0
0.48773,0.494079,0.526676,2,0
0.489684,0.488585,0.526431,2,0
0.492003,0.490905,0.526676,2,0
0.493835,0.492248,0.526798,2,0
0.495544,0.48944,0.527286,2,0
0.49591,0.491515,0.528385,2,0
0.496521,0.489562,0.525943,2,0
0.494567,0.493468,0.527652,2,0
0.496154,0.496276,0.524722,2,0
0.497497,0.499939,0.52753,2,0
0.499451,0.501526,0.527896,2,0
0.499939,0.502869,0.52753,2,0
0.499206,0.501526,0.526431,2,0
0.499939,0.503113,0.526309,2,0
0.500549,0.502503,0.525821,2,0
0.501282,0.50116,0.52692,2,0
0.502014,0.500183,0.528263,2,0
0.502381,0.500183,0.527774,2,0
0.502381,0.499573,0.528873,2,0
0.504578,0.498352,0.528873,2,0
0.503724,0.499939,0.528751,2,0
0.503601,0.500183,0.529972,2,0
0.502991,0.499573,0.529606,2,0
0.502014,0.499573,0.528385,2,0
0.50116,0.500061,0.528141,2,0
0.501892,0.500305,0.527408,2,0
0.502625,0.500549,0.527164,2,0
0.502869,0.501282,0.528385,2,0
0.502747,0.501526,0.528141,2,0
0.502747,0.501282,0.529361,2,0
0.502503,0.501282,0.528141,2,0
0.501892,0.501038,0.528385,2,0
0.501282,0.501282,0.528629,2,0
0.501282,0.501526,0.527652,2,0
0.50116,0.500305,0.528141,2,0
0.501282,0.501038,0.528263,2,0
0.501648,0.50116,0.528629,2,0
0.501648,0.500549,0.529117,2,0
0.501526,0.50177,0.528995,2,0
0.502136,0.501526,0.529239,2,0
0.502869,0.501038,0.529239,2,0
0.502625,0.502747,0.528385,2,0
0.505555,0.500061,0.527286,2,0
0.506165,0.500061,0.528141,2,0
0.504944,0.500427,0.529484,2,0
0.504944,0.500061,0.528629,2,0
0.503113,0.499329,0.528141,2,0
0.501892,0.501892,0.528263,2,0
0.503357,0.498474,0.528507,2,0
0.502014,0.497864,0.527408,2,0
0.501404,0.497741,0.528141,2,0
0.498596,0.502747,0.525088,2,0
0.497619,0.506287,0.526187,2,0
0.496887,0.508119,0.528751,2,0
0.497253,0.507142,0.534367,2,0
0.496154,0.505799,0.534611,2,0
0.495544,0.503601,0.532902,2,0
0.496398,0.502869,0.534001,2,0
0.494445,0.503968,0.537175,2,0
0.492858,0.507142,0.537541,2,0
0.494323,0.507508,0.539617,2,0
0.492614,0.505189,0.536442,2,0
0.49066,0.499084,0.533634,2,0
0.491637,0.498352,0.531681,2,0
0.488707,0.49823,0.526065,2,0
0.48773,0.49823,0.524356,2,0
0.486632,0.499329,0.519839,2,0
0.485777,0.499451,0.517641,2,0
0.485289,0.498352,0.517763,2,0
0.483213,0.500305,0.513735,2,0
0.482237,0.500427,0.512392,2,0
0.48187,0.498108,0.513613,2,0
0.479917,0.500305,0.510316,2,0
0.478208,0.498596,0.511171,2,0
0.476865,0.500427,0.508607,2,0
0.476254,0.50116,0.508729,2,0
0.476499,0.500061,0.510805,2,0
0.475766,0.500794,0.508485,2,0
0.476621,0.500061,0.507874,2,0
0.477719,0.498474,0.508607,2,0
0.476743,0.49884,0.506287,2,0
0.479062,0.497375,0.507264,2,0
0.479429,0.497741,0.508973,2,0
0.480039,0.499451,0.506043,2,0
0.480527,0.498596,0.511415,2,0
0.482725,0.499206,0.514345,2,0
0.483213,0.502381,0.513246,2,0
0.48358,0.499817,0.521304,2,0
0.486265,0.499206,0.520327,2,0
0.488219,0.496154,0.529117,2,0
0.488585,0.499329,0.525699,2,0
0.490538,0.500183,0.53278,2,0
0.48944,0.502747,0.529239,2,0
0.492248,0.501282,0.531193,2,0
0.49298,0.499329,0.535832,2,0
0.493346,0.502503,0.53339,2,0
0.494445,0.500061,0.537663,2,0
0.495056,0.499329,0.538762,2,0
0.496154,0.500183,0.539006,2,0
0.494933,0.500305,0.539128,2,0
0.494567,0.500061,0.539617,2,0
0.494201,0.500427,0.53803,2,0
0.494445,0.500183,0.537907,2,0
0.493957,0.500305,0.536198,2,0
0.491881,0.499573,0.535222,2,0
0.491393,0.498474,0.534611,2,0
0.489073,0.500427,0.531559,2,0
0.489318,0.499329,0.532902,2,0
0.488097,0.499573,0.528019,2,0
0.487242,0.497741,0.525088,2,0
0.486754,0.494323,0.523501,2,0
0.485655,0.496643,0.517641,2,0
0.484556,0.497131,0.515932,2,0
0.484068,0.498108,0.5152,2,0
0.483946,0.497009,0.514467,2,0
0.482725,0.495422,0.514833,2,0
0.482237,0.497864,0.514467,2,0
0.482359,0.500061,0.513124,2,0
0.481504,0.49823,0.513979,2,0
0.481504,0.49823,0.514345,2,0
0.481626,0.499695,0.512514,2,0
0.480039,0.497619,0.511537,2,0
0.48065,0.493224,0.511415,2,0
0.479551,0.493224,0.508363,2,0
0.478208,0.495666,0.509462,2,0
0.479673,0.497131,0.510927,2,0
0.479184,0.499451,0.510438,2,0
0.48065,0.498352,0.513124,2,0
0.479551,0.497497,0.514955,2,0
0.482969,0.500061,0.51813,2,0
0.477964,0.5047,0.516176,2,0
0.480283,0.502503,0.522891,2,0
0.482481,0.502625,0.523379,2,0
0.481748,0.504212,0.519717,2,0
0.483213,0.500305,0.527896,2,0
0.482603,0.503113,0.521914,2,0
0.482969,0.502869,0.527286,2,0
0.482969,0.502503,0.525455,2,0
0.484678,0.501892,0.525088,2,0
0.485411,0.498718,0.528507,2,0
0.4848,0.500549,0.526187,2,0
0.486754,0.500305,0.527774,2,0
0.486632,0.499329,0.527408,2,0
0.48773,0.49823,0.526187,2,0
0.488219,0.496643,0.527774,2,0
0.488951,0.496765,0.527774,2,0
0.490538,0.497986,0.527408,2,0
0.49066,0.496887,0.527774,2,0
0.491393,0.496154,0.527896,2,0
0.491149,0.497131,0.528019,2,0
0.491759,0.496887,0.530704,2,0
0.492492,0.498596,0.532414,2,0
0.491759,0.499329,0.533146,2,0
0.491393,0.499206,0.534855,2,0
0.49066,0.500427,0.535466,2,0
0.490172,0.499329,0.53632,2,0
0.488829,0.499206,0.536442,2,0
0.488219,0.500183,0.534001,2,0
0.488829,0.498352,0.53278,2,0
0.487853,0.497009,0.530704,2,0
0.486265,0.496398,0.527652,2,0
0.485655,0.496887,0.526554,2,0
0.484312,0.498718,0.524112,2,0
0.483335,0.498108,0.522281,2,0
0.48358,0.497253,0.522647,2,0
0.482969,0.49823,0.520083,2,0
0.483335,0.499817,0.519595,2,0
0.481748,0.499573,0.517763,2,0
0.481626,0.499329,0.515688,2,0
0.481992,0.498718,0.515688,2,0
0.48187,0.497986,0.51288,2,0
0.482359,0.495178,0.512758,2,0
0.481016,0.495666,0.509217,2,0
0.483457,0.494567,0.51056,2,0
0.48187,0.493468,0.507874,2,0
0.482237,0.494445,0.509828,2,0
0.480039,0.497131,0.51056,2,0
0.479795,0.500061,0.514345,2,0
0.478818,0.500671,0.514101,2,0
0.479673,0.499939,0.515444,2,0
0.480161,0.500183,0.518618,2,0
0.479917,0.503479,0.515078,2,0
0.479551,0.500916,0.521304,2,0
0.478696,0.500916,0.519351,2,0
0.482115,0.502625,0.519717,2,0
0.481626,0.502014,0.520938,2,0
0.48187,0.501038,0.519839,2,0
0.484068,0.501282,0.524356,2,0
0.481992,0.504212,0.521792,2,0
0.483946,0.500916,0.525088,2,0
0.484678,0.500794,0.526187,2,0
0.485533,0.50116,0.525943,2,0
0.487364,0.500427,0.528263,2,0
0.486265,0.501282,0.526676,2,0
0.487242,0.500061,0.527896,2,0
0.48773,0.500305,0.527652,2,0
0.488341,0.500305,0.527774,2,0
0.489073,0.499817,0.528141,2,1
0.488951,0.498596,0.527042,2,0
0.49005,0.496154,0.527896,2,0
0.489928,0.497131,0.527896,2,0
0.490538,0.496887,0.529361,2,0
0.490172,0.497619,0.530582,2,0
0.490294,0.498474,0.532414,2,0
0.489806,0.499573,0.535344,2,0
0.489684,0.498718,0.536198,2,0
0.488219,0.498718,0.535832,2,0
0.487364,0.499817,0.534123,2,0
0.48712,0.498108,0.53278,2,0
0.486754,0.497375,0.531437,2,0
0.486143,0.498474,0.528263,2,0
0.485899,0.497375,0.526309,2,0
0.485777,0.497864,0.524844,2,0
0.485045,0.499084,0.521914,2,0
0.48419,0.498962,0.52167,2,0
0.483946,0.498352,0.520693,2,0
0.48358,0.498596,0.520205,2,0
0.483457,0.499451,0.519717,2,0
0.482969,0.499329,0.519595,2,0
0.482969,0.50116,0.519106,2,0
0.481382,0.502014,0.51874,2,0
0.481138,0.502136,0.518618,2,0
0.48126,0.50177,0.51874,2,0
0.48126,0.50116,0.516176,2,0
0.480772,0.499329,0.514955,2,0
0.481626,0.49884,0.512514,2,0
0.479673,0.497131,0.509828,2,0
0.479917,0.494933,0.509217,2,0
0.479551,0.495544,0.509217,2,0
0.480283,0.496276,0.510682,2,0
0.479673,0.497864,0.510682,2,0
0.481138,0.498596,0.513246,2,0
0.48065,0.499939,0.514589,2,0
0.480772,0.500061,0.514955,2,0
0.48187,0.500794,0.520205,2,0
0.482237,0.502503,0.516298,2,0
0.482603,0.500183,0.52106,2,0
0.482847,0.500916,0.523135,2,0
0.483946,0.503846,0.522158,2,0
0.484434,0.50116,0.528263,2,0
0.484678,0.502503,0.525943,2,0
0.485899,0.499695,0.528873,2,0
0.486632,0.499451,0.528873,2,0
0.487608,0.499451,0.52985,2,0
0.488463,0.499451,0.529484,2,0
0.488951,0.498718,0.529361,2,1
0.49005,0.498474,0.530216,2,0
0.489806,0.499084,0.529484,2,0
0.491149,0.498474,0.530216,2,0
0.490416,0.499329,0.530949,2,0
0.49005,0.501038,0.533757,2,0
0.490538,0.502869,0.535344,2,0
0.488951,0.503113,0.537541,2,0
0.488463,0.503479,0.540349,2,0
0.488341,0.504334,0.536809,2,0
0.488829,0.499695,0.535466,2,0
0.487853,0.497986,0.531681,2,0
0.486876,0.498108,0.527652,2,0
0.48712,0.496032,0.526554,2,0
0.485289,0.497253,0.522525,2,0
0.484434,0.497009,0.52106,2,0
0.483946,0.497497,0.519473,2,0
0.482725,0.49884,0.518496,2,0
0.483702,0.499329,0.519473,2,0
0.482115,0.499939,0.517886,2,0
0.480772,0.500671,0.519961,2,0
0.479429,0.502991,0.516298,2,0
0.479184,0.500549,0.517397,2,0
0.480283,0.500061,0.516298,2,0
0.479062,0.499573,0.515444,2,0
0.480161,0.498962,0.513613,2,0
0.480039,0.498596,0.511293,2,0
0.481626,0.495056,0.509217,2,0
0.479917,0.493102,0.506776,2,0
0.480527,0.492614,0.506043,2,0
0.48065,0.493713,0.507508,2,0
0.480405,0.496765,0.507997,2,0
0.479917,0.499084,0.513857,2,0
0.479673,0.500916,0.511659,2,0
0.480527,0.500183,0.517763,2,0
0.47894,0.502381,0.517275,2,0
0.481138,0.503357,0.520816,2,0
0.47894,0.502747,0.519473,2,0
0.480894,0.498108,0.522647,2,0
0.482725,0.502625,0.526431,2,0
0.481382,0.50702,0.522036,2,0
0.483457,0.500305,0.529361,2,0
0.483702,0.500305,0.526065,2,0
0.484922,0.500916,0.528751,2,0
0.484434,0.499939,0.526431,2,0
0.485899,0.497619,0.526676,2,0
0.485899,0.497009,0.525821,2,0
0.48712,0.496398,0.526676,2,0
0.487364,0.497253,0.527774,2,1
0.487364,0.498718,0.529606,2,0
0.487608,0.500427,0.53278,2,0
0.487975,0.501892,0.534245,2,0
0.48773,0.502625,0.535466,2,0
0.48651,0.505067,0.537419,2,0
0.485655,0.504456,0.537053,2,0
0.486387,0.502625,0.537053,2,0
0.485777,0.501648,0.532658,2,0
0.485533,0.499573,0.530827,2,0
0.485045,0.498596,0.528507,2,0
0.484312,0.499329,0.524966,2,0
0.483702,0.499084,0.523501,2,0
0.483091,0.499206,0.52106,2,0
0.483335,0.498596,0.521548,2,0
0.482847,0.498352,0.520083,2,0
0.482725,0.499695,0.518496,2,0
0.482115,0.499695,0.516665,2,0
0.481748,0.499451,0.517641,2,0
0.481382,0.499817,0.515688,2,0
0.480405,0.499939,0.514833,2,0
0.479429,0.500549,0.512758,2,0
0.47894,0.500549,0.511903,2,0
0.479062,0.500549,0.512025,2,0
0.477842,0.500427,0.50995,2,0
0.477842,0.498596,0.50934,2,0
0.477719,0.496521,0.508119,2,0
0.478574,0.494933,0.508363,2,0
0.477719,0.495666,0.508241,2,0
0.478208,0.496154,0.509584,2,0
0.477353,0.496887,0.510072,2,0
0.478574,0.49823,0.51349,2,0
0.478452,0.499206,0.513246,2,0
0.479307,0.49884,0.515688,2,0
0.479307,0.502503,0.518618,2,0
0.478818,0.504456,0.5152,2,0
0.479917,0.500061,0.522403,2,0
0.479551,0.502747,0.518008,2,0
0.480772,0.500427,0.521304,2,0
0.480894,0.501038,0.520693,2,0
0.482969,0.50177,0.522891,2,0
0.483091,0.503235,0.523623,2,0
0.482969,0.500794,0.522403,2,0
0.484556,0.497986,0.528263,2,0
0.484922,0.500427,0.526309,2,0
0.486754,0.499573,0.529606,2,0
0.487364,0.498962,0.529117,2,0
0.489073,0.498352,0.529606,2,0
0.488707,0.500549,0.529972,2,0
0.488463,0.50116,0.530216,2,1
0.489073,0.501404,0.532658,2,0
0.488829,0.502381,0.533879,2,0
0.488097,0.503724,0.537053,2,0
0.487364,0.504822,0.537541,2,0
0.487242,0.502869,0.539006,2,0
0.487242,0.502503,0.53803,2,0
0.486632,0.503846,0.5351,2,0
0.486265,0.502381,0.532658,2,0
0.486265,0.500549,0.530216,2,0
0.486632,0.499695,0.526676,2,0
0.485411,0.499695,0.523013,2,0
0.485167,0.49823,0.522036,2,0
0.48419,0.498962,0.518984,2,0
0.483702,0.500061,0.517397,2,0
0.483091,0.500549,0.516787,2,0
0.481382,0.502625,0.51581,2,0
0.482481,0.502503,0.517153,2,0
0.481504,0.502747,0.518008,2,0
0.480772,0.504212,0.516054,2,0
0.478574,0.501892,0.514955,2,0
0.479429,0.501404,0.514955,2,0
0.479184,0.50116,0.513368,2,0
0.479429,0.49884,0.511659,2,0
0.480161,0.497986,0.509706,2,0
0.479429,0.496276,0.507752,2,0
0.48126,0.495178,0.508607,2,0
0.479551,0.496765,0.508119,2,0
0.478696,0.498352,0.510927,2,0
0.478086,0.501526,0.509584,2,0
0.477964,0.500183,0.515322,2,0
0.478208,0.503357,0.515932,2,0
0.477719,0.50409,0.516543,2,0
0.478452,0.502869,0.519961,2,0
0.47833,0.504334,0.518374,2,0
0.478574,0.502503,0.521426,2,0
0.479551,0.502381,0.520205,2,0
0.479795,0.500794,0.520571,2,0
0.480772,0.500061,0.522525,2,0
0.480527,0.500794,0.520816,2,0
0.481382,0.498474,0.52399,2,0
0.482115,0.500061,0.523868,2,0
0.482969,0.499573,0.523746,2,0
0.483091,0.497986,0.526431,2,0
0.483824,0.499451,0.524234,2,0
0.484922,0.498108,0.526431,2,0
0.485289,0.497986,0.525577,2,0
0.48651,0.499084,0.527652,2,0
0.486387,0.501648,0.527774,2,1
0.487242,0.500427,0.529606,2,0
0.486876,0.500427,0.531437,2,0
0.48651,0.502503,0.532169,2,0
0.486387,0.505067,0.533757,2,0
0.486632,0.505311,0.534489,2,0
0.486632,0.505189,0.534245,2,0
0.48651,0.5047,0.532902,2,0
0.486265,0.503479,0.531437,2,0
0.486021,0.501648,0.530338,2,0
0.485167,0.50116,0.527774,2,0
0.484922,0.500916,0.526554,2,0
0.484434,0.50177,0.524234,2,0
0.483213,0.500794,0.523623,2,0
0.482847,0.50116,0.523013,2,0
0.482359,0.50177,0.521182,2,0
0.481504,0.500305,0.520938,2,0
0.481138,0.500671,0.520083,2,0
0.47894,0.501648,0.517519,2,0
0.479062,0.502381,0.519228,2,0
0.477597,0.505555,0.515566,2,0
0.478208,0.502991,0.515078,2,0
0.479062,0.499939,0.515444,2,0
0.477475,0.500061,0.511659,2,0
0.478086,0.497741,0.511293,2,0
0.477353,0.496032,0.508973,2,0
0.478696,0.495178,0.507752,2,0
0.479184,0.494201,0.505067,2,0
0.479429,0.492614,0.504944,2,0
0.478818,0.494079,0.506165,2,0
0.477842,0.497375,0.504822,2,0
0.476987,0.496887,0.508607,2,0
0.478208,0.498718,0.509217,2,0
0.477353,0.500183,0.512025,2,0
0.47833,0.50116,0.515078,2,0
0.475766,0.504334,0.515078,2,0
0.478452,0.503601,0.521792,2,0
0.478086,0.507142,0.519351,2,0
0.478696,0.503357,0.519473,2,0
0.480161,0.501892,0.522891,2,0
0.480772,0.504944,0.520083,2,0
0.48126,0.503235,0.523379,2,0
0.481992,0.502869,0.522647,2,0
0.482481,0.503479,0.524234,2,0
0.482603,0.503113,0.524844,2,0
0.483702,0.500794,0.524966,2,0
0.484678,0.502136,0.527286,2,0
0.485655,0.502869,0.526798,2,0
0.486387,0.501404,0.528629,2,0
0.485899,0.503968,0.527042,2,1
0.486876,0.502991,0.527652,2,0
0.486754,0.502503,0.528751,2,0
0.48773,0.503357,0.529972,2,0
0.488463,0.506165,0.530827,2,0
0.487853,0.507508,0.531559,2,0
0.487975,0.506898,0.533757,2,0
0.487608,0.507752,0.533879,2,0
0.486754,0.50763,0.532414,2,0
0.486143,0.507264,0.531437,2,0
0.485777,0.505189,0.530094,2,0
0.485533,0.5047,0.528141,2,0
0.485167,0.503846,0.526309,2,0
0.4848,0.502503,0.525211,2,0
0.4848,0.501526,0.524234,2,0
0.483702,0.503846,0.522281,2,0
0.482969,0.502136,0.521914,2,0
0.482603,0.501892,0.520816,2,0
0.482359,0.503357,0.519839,2,0
0.482115,0.503968,0.518618,2,0
0.480772,0.503968,0.517763,2,0
0.481992,0.504944,0.519717,2,0
0.480527,0.505555,0.517275,2,0
0.479795,0.504456,0.519351,2,0
0.478574,0.506409,0.516909,2,0
0.478696,0.502747,0.515566,2,0
0.48065,0.498718,0.514955,2,0
0.479551,0.496887,0.510438,2,0
0.479184,0.49591,0.50934,2,0
0.479184,0.495788,0.507508,2,0
0.479062,0.496154,0.50934,2,0
0.479307,0.499573,0.510805,2,0
0.478452,0.501282,0.511293,2,0
0.478696,0.501892,0.515444,2,0
0.477842,0.504578,0.514467,2,0
0.477231,0.505189,0.515322,2,0
0.478452,0.505921,0.518374,2,0
0.478452,0.506776,0.516054,2,0
0.479917,0.504212,0.521304,2,0
0.481138,0.506654,0.519839,2,0
0.480772,0.504822,0.520693,2,0
0.481504,0.505311,0.522769,2,0
0.48126,0.505921,0.52167,2,0
0.482237,0.504456,0.524966,2,0
0.481504,0.504456,0.523135,2,0
0.483091,0.501526,0.524112,2,0
0.484068,0.50116,0.525577,2,0
0.4848,0.502259,0.524234,2,0
0.485533,0.500794,0.524844,2,1
0.485777,0.501038,0.525455,2,0
0.486265,0.50177,0.524966,2,0
0.487364,0.500794,0.525943,2,0
0.488341,0.502014,0.528385,2,0
0.486998,0.5047,0.529972,2,0
0.486754,0.506532,0.533634,2,0
0.486021,0.508241,0.535222,2,0
0.486143,0.506654,0.53632,2,0
0.486143,0.506898,0.5351,2,0
0.485899,0.506409,0.533024,2,0
0.485533,0.504212,0.531071,2,0
0.485899,0.502625,0.529239,2,0
0.486021,0.503113,0.52692,2,0
0.485899,0.502869,0.525211,2,0
0.485533,0.503113,0.523623,2,0
0.484922,0.503724,0.522891,2,0
0.484068,0.504456,0.522036,2,0
0.48358,0.50409,0.521426,2,0
0.483335,0.504212,0.521304,2,0
0.482237,0.505067,0.519717,2,0
0.481626,0.504578,0.519839,2,0
0.479795,0.506776,0.517641,2,0
0.479062,0.504822,0.517397,2,0
0.479062,0.504456,0.518008,2,0
0.477475,0.504212,0.515566,2,0
0.477719,0.500305,0.515566,2,0
0.477475,0.500305,0.515932,2,0
0.476987,0.500671,0.514223,2,0
0.477719,0.498108,0.51288,2,0
0.477842,0.4953,0.51056,2,0
0.478696,0.494567,0.511415,2,0
0.477597,0.497375,0.508241,2,0
0.477719,0.496032,0.507386,2,0
0.477842,0.49591,0.507874,2,0
0.478086,0.497864,0.50763,2,0
0.478208,0.499817,0.510682,2,0
0.478696,0.501526,0.50995,2,0
0.478452,0.500794,0.514711,2,0
0.478818,0.503357,0.514223,2,0
0.480039,0.502014,0.515566,2,0
0.479062,0.505677,0.518984,2,0
0.47833,0.504822,0.514345,2,0
0.478696,0.500671,0.519473,2,0
0.476621,0.502014,0.519228,2,0
0.479551,0.501038,0.521792,2,0
0.478696,0.503601,0.521914,2,0
0.480772,0.500061,0.523623,2,0
0.483946,0.500427,0.525333,2,1
0.482847,0.501282,0.523868,2,0
0.485411,0.498962,0.528019,2,0
0.48419,0.502136,0.525699,2,0
0.485167,0.499451,0.527896,2,0
0.486387,0.501282,0.527896,2,0
0.487364,0.500916,0.52753,2,0
0.488463,0.502381,0.531681,2,0
0.487486,0.505311,0.532169,2,0
0.48712,0.505433,0.535832,2,0
0.486998,0.505677,0.536076,2,0
0.48712,0.506043,0.535222,2,0
0.487364,0.504456,0.533268,2,0
0.487608,0.502503,0.531437,2,0
0.486876,0.502014,0.529728,2,0
0.486387,0.502014,0.528507,2,0
0.486387,0.501282,0.527286,3,0
0.485167,0.50116,0.525577,3,0
0.48419,0.500916,0.525088,3,0
0.483946,0.501038,0.523013,3,0
0.483457,0.500061,0.521304,3,0
0.482115,0.499817,0.520327,3,0
0.48126,0.50116,0.518374,3,0
0.480772,0.50116,0.517886,3,0
0.480405,0.501282,0.517275,3,0
0.479551,0.501526,0.516298,3,0
0.479184,0.500916,0.515444,3,0
0.479184,0.500671,0.51581,3,0
0.478696,0.502014,0.513979,3,0
0.477719,0.501526,0.512514,3,0
0.478574,0.500916,0.513735,3,0
0.477842,0.501892,0.511781,3,0
0.478208,0.501526,0.512147,3,0
0.477597,0.501038,0.513002,3,0
0.477475,0.501038,0.511537,3,0
0.477597,0.499573,0.513124,3,0
0.478452,0.499817,0.513857,3,0
0.479062,0.500183,0.514345,3,0
0.478696,0.500671,0.514833,3,0
0.478452,0.50116,0.515322,3,0
0.479551,0.502014,0.514955,3,0
0.479307,0.501648,0.5152,3,0
0.479551,0.500549,0.514467,3,0
0.480527,0.500061,0.514711,3,0
0.479307,0.498596,0.51642,3,0
0.479551,0.499329,0.516054,3,0
0.482481,0.49591,0.520205,3,0
0.483946,0.496032,0.520327,3,0
0.484556,0.489195,0.521548,3,0
0.485533,0.480894,0.522647,3,0
0.489195,0.477475,0.523013,3,0
0.492492,0.465877,0.524356,3,0
0.492248,0.469662,0.523623,3,0
0.49066,0.481138,0.524356,3,0
0.489928,0.483213,0.524722,3,0
0.490783,0.486265,0.525088,3,0
0.495056,0.49237,0.526798,3,0
0.496887,0.494323,0.526676,3,0
0.497986,0.496398,0.528141,3,0
0.500183,0.496521,0.528019,3,0
0.501526,0.495544,0.528751,3,0
0.502259,0.496276,0.528995,3,0
0.502747,0.498596,0.529606,3,0
0.502747,0.497375,0.529117,3,0
0.502136,0.49884,0.530216,3,0
0.50177,0.499206,0.529484,3,0
0.501038,0.499939,0.528507,3,0
0.500305,0.500061,0.527408,3,0
0.500794,0.501282,0.529606,3,0
0.500061,0.49884,0.528995,3,0
0.500427,0.500183,0.529606,3,0
0.500061,0.501282,0.529239,3,0
0.500061,0.500916,0.528873,3,0
0.499695,0.499817,0.528263,3,0
0.498596,0.498962,0.52753,3,0
0.499206,0.497741,0.52753,3,0
0.498718,0.498596,0.527774,3,0
0.49884,0.498718,0.529361,3,0
0.498352,0.499573,0.528995,3,0
0.497619,0.499084,0.529361,3,0
0.497497,0.499817,0.528629,3,0
0.497986,0.49823,0.527896,3,0
0.497986,0.498108,0.527652,3,0
0.498596,0.49884,0.52753,3,0
0.498596,0.49884,0.528019,3,0
0.497864,0.499206,0.528019,3,0
0.497497,0.499573,0.527042,3,0
0.497131,0.49823,0.527042,3,0
0.497619,0.498352,0.527408,3,0
0.497619,0.498596,0.528141,3,0
0.497131,0.500061,0.528385,3,0
0.497253,0.499451,0.528385,3,0
0.496521,0.498108,0.528019,3,0
0.496765,0.497986,0.528141,3,0
0.496887,0.49823,0.527774,3,0
0.496032,0.497986,0.527408,3,0
0.496521,0.49823,0.528019,3,0
0.496032,0.498474,0.527774,3,0
0.496765,0.498108,0.52753,3,0
0.496398,0.497986,0.528141,3,0
0.496032,0.498596,0.528385,3,0
0.497375,0.498352,0.529728,3,0
0.496643,0.499573,0.529117,3,0
0.496276,0.500183,0.528263,3,0
0.497009,0.499329,0.52753,3,0
0.497375,0.498352,0.526676,3,0
0.497986,0.498474,0.529972,3,0
0.497253,0.497619,0.529728,3,0
0.496032,0.497619,0.527774,3,0
0.495056,0.499329,0.526798,3,0
0.495422,0.498474,0.52692,3,0
0.496154,0.49823,0.527164,3,0
0.496032,0.499206,0.528385,3,0
0.496643,0.501038,0.528507,3,0
0.498718,0.501038,0.52985,3,0
0.498474,0.49884,0.527896,3,0
0.501892,0.493468,0.525943,3,0
0.507997,0.486754,0.530216,3,0
0.503601,0.49298,0.52753,3,0
0.500671,0.492736,0.528385,3,0
0.499939,0.496521,0.527652,3,0
0.497619,0.492492,0.52692,3,0
0.492614,0.493835,0.523257,3,0
0.492126,0.493591,0.523501,3,0
0.490783,0.492248,0.523135,3,0
0.488097,0.491271,0.523868,3,0
0.488219,0.490294,0.524478,3,0
0.487364,0.48773,0.523501,3,0
0.486998,0.488585,0.523868,3,0
0.485899,0.488951,0.52399,3,0
0.484678,0.490416,0.523135,3,0
0.48419,0.493102,0.521914,3,0
0.484068,0.491393,0.524234,3,0
0.484678,0.488829,0.525088,3,0
0.485289,0.489562,0.52399,3,0
0.486265,0.48773,0.527408,3,0
0.487975,0.487364,0.531315,3,0
0.487486,0.488097,0.529972,3,0
0.486632,0.487242,0.530094,3,0
0.48712,0.489684,0.532047,3,0
0.486387,0.49066,0.532536,3,0
0.487486,0.489318,0.533024,3,0
0.48773,0.493102,0.531071,3,0
0.48773,0.495788,0.53046,3,0
0.489684,0.497986,0.529361,3,0
0.488463,0.500671,0.526065,3,0
0.488585,0.501404,0.524844,3,0
0.488707,0.500671,0.524722,3,0
0.486387,0.50177,0.525211,3,0
0.485411,0.500305,0.526431,3,0
0.485899,0.501404,0.524722,3,0
0.485899,0.50409,0.522891,3,0
0.48651,0.504212,0.522525,3,0
0.485655,0.505311,0.520205,3,0
0.485411,0.507874,0.517763,3,0
0.484556,0.509828,0.515444,3,0
0.484556,0.511293,0.514345,3,0
0.4848,0.512636,0.513368,3,0
0.485289,0.512758,0.511293,3,0
0.486265,0.513002,0.508851,3,0
0.486021,0.51349,0.507142,3,0
0.486021,0.512758,0.506043,3,0
0.484068,0.512392,0.505311,3,0
0.484068,0.511903,0.506409,3,0
0.482725,0.51227,0.509217,3,0
0.482969,0.51056,0.511659,3,0
0.482847,0.508485,0.51288,3,0
0.479917,0.505799,0.514833,3,0
0.482481,0.503724,0.517275,3,0
0.481016,0.503724,0.518618,3,0
0.482603,0.503235,0.519839,3,0
0.481504,0.502625,0.522525,3,0
0.482847,0.501648,0.523135,3,0
0.48358,0.501404,0.526187,3,0
0.48358,0.500794,0.526676,3,0
0.485777,0.500183,0.528141,3,0
0.48419,0.499817,0.529117,3,0
0.486021,0.49884,0.529484,3,0
0.485533,0.497741,0.52985,3,0
0.485899,0.497497,0.530094,3,0
0.484922,0.497009,0.530582,3,0
0.485045,0.494689,0.531559,3,0
0.484312,0.4953,0.531559,3,0
0.484068,0.494201,0.532047,3,0
0.484312,0.493835,0.534001,3,0
0.483946,0.493346,0.533512,3,0
0.483946,0.495056,0.532536,3,0
0.483946,0.496032,0.532536,3,0
0.484556,0.496276,0.531315,3,0
0.4848,0.497497,0.531193,3,0
0.485411,0.500061,0.529728,3,0
0.485899,0.500794,0.527774,3,0
0.486265,0.501892,0.526676,3,0
0.486754,0.504212,0.525088,3,0
0.485655,0.5047,0.524112,3,0
0.485533,0.506043,0.523501,3,0
0.483824,0.506654,0.522403,3,0
0.484312,0.507386,0.521792,3,0
0.483702,0.507508,0.52106,3,0
0.4848,0.508241,0.520938,3,0
0.485655,0.509828,0.519961,3,0
0.485655,0.508729,0.51813,3,0
0.48419,0.509706,0.517153,3,0
0.485533,0.511537,0.514955,3,0
0.483824,0.511049,0.513613,3,0
0.484678,0.511049,0.51288,3,0
0.484556,0.512025,0.51056,3,0
0.483824,0.511049,0.509462,3,0
0.485777,0.51288,0.508241,3,0
0.484556,0.513368,0.507508,3,0
0.485045,0.513735,0.508851,3,0
0.4848,0.513857,0.509217,3,0
0.48712,0.511415,0.510805,3,0
0.483824,0.510072,0.512758,3,0
0.484922,0.508973,0.51642,3,0
0.484556,0.509706,0.516543,3,0
0.481992,0.504212,0.51874,3,0
0.483702,0.504578,0.523868,3,0
0.481748,0.505921,0.523013,3,0
0.4848,0.503724,0.52753,3,0
0.484678,0.503479,0.52692,3,0
0.485167,0.500671,0.526065,3,0
0.485167,0.49884,0.530582,3,0
0.485289,0.501892,0.528019,3,0
0.486265,0.497986,0.528995,3,0
0.48651,0.49823,0.53046,3,0
0.48773,0.500061,0.528141,3,0
0.488097,0.496765,0.529361,3,0
0.488341,0.496765,0.529728,3,0
0.488341,0.497619,0.529117,3,0
0.487608,0.495666,0.529239,3,0
0.487364,0.494201,0.529728,3,0
0.48651,0.495544,0.529361,3,0
0.486265,0.494933,0.530094,3,0
0.48651,0.494445,0.531193,3,0
0.485899,0.493713,0.531681,3,0
0.486387,0.493591,0.533146,3,0
0.485777,0.493102,0.532536,3,0
0.485411,0.494201,0.53278,3,0
0.485289,0.494689,0.532169,3,0
0.485533,0.496643,0.531315,3,0
0.485655,0.497009,0.53046,3,0
0.486021,0.497497,0.529728,3,0
0.486143,0.499206,0.528385,3,0
0.486143,0.500427,0.527164,3,0
0.486998,0.501892,0.526676,3,0
0.486754,0.503357,0.525211,3,0
0.485045,0.504334,0.524478,3,0
0.486143,0.506287,0.524112,3,0
0.488585,0.507508,0.523623,3,0
0.488219,0.507264,0.522158,3,0
0.488097,0.508363,0.520205,3,0
0.488341,0.511049,0.51642,3,0
0.484434,0.511049,0.514711,3,0
0.488219,0.511781,0.513735,3,0
0.484068,0.514955,0.509706,3,0
0.485899,0.51288,0.50995,3,0
0.48419,0.514223,0.507752,3,0
0.482725,0.514955,0.507874,3,0
0.485655,0.515688,0.507997,3,0
0.481748,0.514955,0.507508,3,0
0.485289,0.511171,0.511293,3,0
0.484922,0.512636,0.512025,3,0
0.484678,0.511049,0.514101,3,0
0.48712,0.50995,0.516054,3,0
0.480527,0.507508,0.513979,3,0
0.48419,0.505555,0.520083,3,0
0.483213,0.508241,0.518618,3,0
0.483335,0.504944,0.519351,3,0
0.482969,0.503846,0.523379,3,0
0.483335,0.503235,0.521182,3,0
0.48358,0.500183,0.524234,3,0
0.482847,0.499695,0.526798,3,0
0.484312,0.500061,0.526309,3,0
0.486021,0.498596,0.529606,3,0
0.486021,0.499451,0.528995,3,0
0.487242,0.497619,0.529117,3,0
0.486998,0.497009,0.529484,3,0
0.487486,0.497009,0.529606,3,0
0.488829,0.498108,0.530338,3,0
0.488219,0.497986,0.53046,3,0
0.48944,0.497741,0.529361,3,0
0.488707,0.496276,0.529484,3,0
0.488341,0.497131,0.529728,3,0
0.487975,0.497131,0.530582,3,1
0.487853,0.49591,0.531559,3,0
0.487486,0.49591,0.531681,3,0
0.486754,0.495788,0.532169,3,0
0.485777,0.496643,0.531925,3,0
0.485777,0.497131,0.53278,3,0
0.485899,0.497619,0.53339,3,0
0.485777,0.497619,0.533634,3,0
0.48651,0.498352,0.532414,3,0
0.48712,0.498718,0.531803,3,0
0.487853,0.499084,0.530827,3,0
0.488707,0.50116,0.527286,3,0
0.488463,0.502869,0.525699,3,0
0.487853,0.505433,0.52399,3,0
0.488097,0.506898,0.522036,3,0
0.487486,0.506776,0.521304,3,0
0.488341,0.508729,0.520693,3,0
0.487853,0.509217,0.518252,3,0
0.486998,0.509095,0.51813,3,0
0.487853,0.511537,0.51642,3,0
0.486387,0.513368,0.514223,3,0
0.486021,0.512025,0.514467,3,0
0.488829,0.514223,0.512636,3,0
0.48712,0.514467,0.51056,3,0
0.488219,0.513246,0.509706,3,0
0.484678,0.513735,0.508729,3,0
0.485655,0.513124,0.510072,3,0
0.485411,0.513246,0.511903,3,0
0.4848,0.512025,0.51349,3,0
0.485899,0.51056,0.515444,3,0
0.484434,0.509095,0.516543,3,0
0.483946,0.506409,0.520571,3,0
0.483335,0.506898,0.521426,3,0
0.484556,0.505677,0.522891,3,0
0.484922,0.503113,0.522036,3,0
0.484556,0.501526,0.525088,3,0
0.485655,0.503724,0.5246,3,0
0.485045,0.502381,0.524112,3,0
0.485289,0.499817,0.527652,3,0
0.486021,0.501648,0.526798,3,0
0.486876,0.500794,0.529117,3,0
0.486021,0.499573,0.529484,3,0
0.487242,0.499084,0.530094,3,0
0.488097,0.497619,0.530216,3,0
0.487364,0.497375,0.530704,3,0
0.488097,0.496521,0.530949,3,0
0.488829,0.496643,0.52985,3,0
0.488463,0.496521,0.52985,3,1
0.488463,0.497375,0.529361,3,0
0.488219,0.496643,0.52985,3,0
0.487975,0.496643,0.529606,3,0
0.487242,0.496887,0.530216,3,0
0.485655,0.496765,0.531315,3,0
0.486021,0.495666,0.531925,3,0
0.485167,0.495422,0.532658,3,0
0.483946,0.495788,0.53339,3,0
0.485655,0.496276,0.533146,3,0
0.486632,0.496765,0.531925,3,0
0.486754,0.497741,0.530338,3,0
0.487608,0.499817,0.528629,3,0
0.488463,0.500916,0.526554,3,0
0.489073,0.502747,0.525333,3,0
0.489073,0.504578,0.522769,3,0
0.489073,0.5047,0.522525,3,0
0.488097,0.506532,0.522403,3,0
0.488341,0.508363,0.52106,3,0
0.487242,0.509462,0.520816,3,0
0.48651,0.509828,0.519717,3,0
0.486387,0.510438,0.520083,3,0
0.485899,0.510927,0.519351,3,0
0.485777,0.510805,0.51874,3,0
0.484312,0.511659,0.516787,3,0
0.484312,0.510927,0.516176,3,0
0.485777,0.512636,0.514589,3,0
0.482725,0.512636,0.51227,3,0
0.484922,0.513002,0.512025,3,0
0.485777,0.514101,0.510927,3,0
0.48419,0.51349,0.509462,3,0
0.48419,0.513002,0.510805,3,0
0.485289,0.51349,0.513002,3,0
0.485289,0.51227,0.514711,3,0
0.48419,0.51056,0.517031,3,0
0.483335,0.509095,0.518374,3,0
0.482603,0.506654,0.521182,3,0
0.484312,0.506409,0.522525,3,0
0.482237,0.504944,0.524112,3,0
0.483946,0.505067,0.5246,3,0
0.483824,0.503968,0.524966,3,0
0.484556,0.502503,0.525699,3,0
0.484678,0.502991,0.525699,3,0
0.485533,0.502259,0.525577,3,0
0.485655,0.502014,0.526431,3,0
0.48712,0.502381,0.525455,3,0
0.486387,0.500305,0.525699,3,0
0.488219,0.500305,0.526187,3,0
0.487486,0.500916,0.525577,3,1
0.487853,0.498718,0.527408,3,0
0.487486,0.498718,0.527774,3,0
0.486754,0.497131,0.528507,3,0
0.486754,0.496765,0.528751,3,0
0.484922,0.49591,0.530704,3,0
0.484068,0.494079,0.53278,3,0
0.484068,0.494201,0.534611,3,0
0.483457,0.494567,0.535832,3,0
0.484434,0.495422,0.535344,3,0
0.485289,0.495178,0.533146,3,0
0.486632,0.496398,0.531681,3,0
0.486632,0.498596,0.529117,3,0
0.48712,0.499939,0.528141,3,0
0.488097,0.502259,0.525333,3,0
0.487853,0.502503,0.5246,3,0
0.486998,0.50409,0.52399,3,0
0.486754,0.505311,0.523379,3,0
0.483946,0.5047,0.523868,3,0
0.48419,0.506287,0.523013,3,0
0.482969,0.506532,0.523379,3,0
0.484922,0.507142,0.523013,3,0
0.482359,0.508485,0.520693,3,0
0.483946,0.509095,0.520449,3,0
0.485655,0.513124,0.517641,3,0
0.486998,0.514467,0.514711,3,0
0.487242,0.513857,0.513124,3,0
0.488097,0.515078,0.509095,3,0
0.48773,0.51349,0.507997,3,0
0.490172,0.5152,0.507142,3,0
0.48419,0.515932,0.505677,3,0
0.486754,0.512025,0.509584,3,0
0.485533,0.514711,0.510438,3,0
0.483946,0.511781,0.51288,3,0
0.487242,0.510438,0.516543,3,0
0.483457,0.50934,0.515688,3,0
0.486143,0.506654,0.51874,3,0
0.482603,0.507874,0.519228,3,0
0.48419,0.506165,0.520938,3,0
0.484556,0.504456,0.523868,3,0
0.486021,0.502747,0.5246,3,0
0.485655,0.501648,0.526798,3,0
0.486754,0.502747,0.528385,3,0
0.486632,0.500305,0.530338,3,0
0.487975,0.499817,0.531071,3,0
0.486876,0.500427,0.530338,3,0
0.486998,0.499451,0.530827,3,0
0.488829,0.498474,0.53046,3,1
0.488829,0.498718,0.530216,3,0
0.488585,0.497619,0.530094,3,0
0.489195,0.497986,0.529606,3,0
0.488951,0.497864,0.529117,3,0
0.489195,0.498474,0.529728,3,0
0.487975,0.497741,0.531071,3,0
0.486998,0.496643,0.533268,3,0
0.486021,0.494323,0.53571,3,0
0.484922,0.494689,0.534977,3,0
0.485533,0.494933,0.534733,3,0
0.485289,0.495544,0.534123,3,0
0.485167,0.497253,0.533146,3,0
0.486143,0.497986,0.531681,3,0
0.487975,0.500061,0.530094,3,0
0.489073,0.501648,0.52692,3,0
0.490905,0.505067,0.523379,3,0
0.489318,0.506043,0.521182,3,0
0.489073,0.507386,0.520205,3,0
0.488951,0.50934,0.518374,3,0
0.488585,0.509706,0.518008,3,0
0.489562,0.509584,0.518984,3,0
0.484312,0.509828,0.518008,3,0
0.483702,0.508119,0.519351,3,0
0.481992,0.510316,0.518008,3,0
0.482603,0.510805,0.517275,3,0
0.481504,0.51056,0.516543,3,0
0.483702,0.511415,0.515444,3,0
0.485533,0.51227,0.513124,3,0
0.483457,0.513368,0.510682,3,0
0.484922,0.513613,0.510682,3,0
0.483946,0.514833,0.508729,3,0
0.484312,0.514101,0.510682,3,0
0.484678,0.514711,0.512025,3,0
0.486754,0.512147,0.514345,3,0
0.486265,0.509095,0.515566,3,0
0.485045,0.506287,0.518374,3,0
0.484678,0.506287,0.51874,3,0
0.483335,0.5047,0.520816,3,0
0.485777,0.504334,0.522525,3,0
0.482969,0.502625,0.52399,3,0
0.486265,0.501282,0.526187,3,0
0.486876,0.50177,0.525821,3,0
0.48712,0.498962,0.527896,3,0
0.486632,0.500794,0.528019,3,0
0.48712,0.499084,0.52985,3,0
0.489073,0.498474,0.531071,3,1
0.487364,0.498352,0.530704,3,0
0.488341,0.495544,0.533146,3,0
0.48773,0.494079,0.535222,3,0
0.488463,0.493346,0.537297,3,0
0.488829,0.494689,0.537419,3,0
0.488585,0.494933,0.536809,3,0
0.489073,0.495666,0.53632,3,0
0.488951,0.494933,0.535344,3,0
0.489073,0.496765,0.533024,3,0
0.489928,0.497864,0.531559,3,0
0.489318,0.498718,0.529361,3,0
0.489562,0.500427,0.526554,3,0
0.488463,0.502259,0.524478,3,0
0.48773,0.505311,0.522158,3,0
0.488219,0.505189,0.522403,3,0
0.488097,0.506043,0.521182,3,0
0.485777,0.505433,0.52106,3,0
0.485411,0.506409,0.521182,3,0
0.484556,0.508363,0.519473,3,0
0.484556,0.508241,0.521182,3,0
0.483946,0.509828,0.520083,3,0
0.483091,0.511659,0.517519,3,0
0.482969,0.513735,0.516054,3,0
0.484068,0.515444,0.513002,3,0
0.483702,0.51581,0.511659,3,0
0.484434,0.515444,0.50995,3,0
0.484678,0.515566,0.508485,3,0
0.485411,0.514833,0.508607,3,0
0.485289,0.514589,0.509828,3,0
0.484068,0.514467,0.511903,3,0
0.483946,0.513368,0.514101,3,0
0.484312,0.512514,0.516787,3,0
0.48419,0.511049,0.516054,3,0
0.48419,0.507508,0.518984,3,0
0.485533,0.507752,0.519106,3,0
0.48419,0.507508,0.519351,3,0
0.484312,0.505189,0.522647,3,0
0.484678,0.507142,0.522036,3,0
0.484556,0.506043,0.523013,3,0
0.48651,0.503601,0.524356,3,0
0.486632,0.503479,0.52399,3,0
0.488341,0.50177,0.525211,3,0
0.487242,0.501038,0.528141,3,0
0.487975,0.502259,0.528019,3,0
0.485899,0.499817,0.529239,3,0
0.484678,0.501648,0.527896,3,1
0.48773,0.497131,0.534367,3,0
0.490905,0.49591,0.537419,3,0
0.492126,0.497253,0.536687,3,0
0.492126,0.496887,0.538152,3,0
0.49066,0.496521,0.537175,3,0
0.489928,0.497131,0.537297,3,0
0.491759,0.497864,0.535832,3,0
0.490905,0.496276,0.535466,3,0
0.491149,0.497741,0.532169,3,0
0.489318,0.500427,0.529239,3,0
0.48944,0.50177,0.527042,3,0
0.487608,0.505067,0.522647,3,0
0.48773,0.506409,0.521914,3,0
0.486998,0.506287,0.520938,3,0
0.484922,0.5047,0.521304,3,0
0.481138,0.504944,0.521548,3,0
0.482725,0.507752,0.519351,3,0
0.482237,0.507997,0.51813,3,0
0.484556,0.506165,0.517397,3,0
0.482603,0.508241,0.513613,3,0
0.484922,0.509706,0.511415,3,0
0.484312,0.511537,0.509217,3,0
0.484068,0.511537,0.509217,3,0
0.486754,0.515566,0.509584,3,0
0.483824,0.518008,0.507142,3,0
0.482359,0.515322,0.510072,3,0
0.482481,0.515078,0.511049,3,0
0.480283,0.514955,0.511293,3,0
0.480283,0.512025,0.514711,3,0
0.481016,0.512025,0.516298,3,0
0.481626,0.508607,0.517641,3,0
0.483213,0.505555,0.519228,3,0
0.481382,0.506654,0.518862,3,0
0.482237,0.505921,0.519717,3,0
0.48126,0.505189,0.520327,3,0
0.482725,0.502625,0.521548,3,0
0.483213,0.50177,0.522891,3,0
0.483213,0.501282,0.523379,3,0
0.484068,0.500427,0.524478,3,0
0.484556,0.499817,0.525088,3,0
0.485777,0.499817,0.526065,3,0
0.484678,0.49823,0.525699,3,0
0.48651,0.498596,0.526798,3,0
0.48651,0.49823,0.526431,3,0
0.488097,0.497375,0.527774,3,0
0.48712,0.497986,0.526554,3,0
0.488463,0.495666,0.529117,3,1
0.48773,0.495544,0.530338,3,0
0.489195,0.494689,0.531803,3,0
0.490783,0.492126,0.534367,3,0
0.489928,0.492003,0.534123,3,0
0.488829,0.493346,0.53339,3,0
0.489073,0.493835,0.533512,3,0
0.489195,0.49237,0.533268,3,0
0.488219,0.495422,0.532169,3,0
0.487975,0.497375,0.530338,3,0
0.487486,0.497375,0.529606,3,0
0.487486,0.498474,0.528629,3,0
0.486876,0.501038,0.526187,3,0
0.485777,0.500427,0.527652,3,0
0.488097,0.500305,0.527652,3,0
0.487608,0.503479,0.525088,3,0
0.487975,0.503357,0.523623,3,0
0.487975,0.503235,0.524112,3,0
0.486754,0.503846,0.522403,3,0
0.486754,0.506287,0.521182,3,0
0.488463,0.507142,0.522036,3,0
0.484678,0.506654,0.519961,3,0
0.485899,0.507508,0.520205,3,0
0.487364,0.510927,0.517519,3,0
0.485411,0.512392,0.515444,3,0
0.4848,0.511659,0.515322,3,0
0.485655,0.512392,0.512636,3,0
0.484312,0.513613,0.51056,3,0
0.483213,0.511537,0.511415,3,0
0.484678,0.512758,0.512025,3,0
0.482969,0.513002,0.513246,3,0
0.48358,0.510805,0.51581,3,0
0.483213,0.510194,0.517031,3,0
0.48419,0.51056,0.517153,3,0
0.481626,0.507264,0.518862,3,0
0.48358,0.505433,0.520083,3,0
0.484678,0.507142,0.520327,3,0
0.484312,0.505433,0.520449,3,0
0.484312,0.502625,0.522525,3,0
0.486021,0.503601,0.523379,3,0
0.48651,0.502991,0.523257,3,0
0.485655,0.500427,0.524966,3,0
0.487975,0.502136,0.525821,3,0
0.48773,0.501038,0.526798,3,0
0.48944,0.499817,0.527652,3,0
0.488951,0.500061,0.528141,3,0
0.490294,0.498596,0.529239,3,0
0.488951,0.496521,0.529484,3,0
0.488585,0.495178,0.530827,3,1
0.489562,0.497375,0.530094,3,0
0.488829,0.496276,0.53046,3,0
0.489562,0.495178,0.531315,3,0
0.490294,0.495544,0.531193,3,0
0.491027,0.494079,0.532169,3,0
0.491759,0.492858,0.533757,3,0
0.490905,0.492492,0.533634,3,0
0.490783,0.494201,0.533146,3,0
0.490538,0.495422,0.532169,3,0
0.491027,0.494445,0.531315,3,0
0.491149,0.495178,0.530949,3,0
0.491149,0.498108,0.529117,3,0
0.491393,0.498474,0.527652,3,0
0.491149,0.499695,0.526676,3,0
0.49066,0.501526,0.525088,3,0
0.490172,0.501648,0.52399,4,0
0.489073,0.501404,0.524356,4,0
0.488341,0.503479,0.523013,4,0
0.487242,0.502991,0.522525,4,0
0.48712,0.504944,0.521426,4,0
0.486876,0.505799,0.520449,4,0
0.48651,0.506165,0.520083,4,0
0.485899,0.506776,0.519106,4,0
0.486387,0.507752,0.517886,4,0
0.4848,0.508363,0.518008,4,0
0.485777,0.507874,0.51874,4,0
0.484556,0.508729,0.519106,4,0
0.484068,0.510316,0.517153,4,0
0.48419,0.510316,0.519961,4,0
0.483824,0.509828,0.516543,4,0
0.4848,0.50934,0.518008,4,0
0.485289,0.50702,0.518496,4,0
0.484556,0.508729,0.518374,4,0
0.485655,0.505067,0.517641,4,0
0.486754,0.502503,0.521426,4,0
0.488219,0.502503,0.523013,4,0
0.489073,0.501282,0.523623,4,0
0.490294,0.49884,0.526798,4,0
0.491271,0.500305,0.528873,4,0
0.490783,0.50116,0.528629,4,0
0.492614,0.498718,0.528995,4,0
0.492126,0.499451,0.527896,4,0
0.492003,0.499206,0.530582,4,0
0.49237,0.499939,0.529972,4,0
0.492248,0.49823,0.529728,4,0
0.493346,0.49823,0.529361,4,0
0.49298,0.497497,0.529484,4,0
0.493591,0.497375,0.529484,4,0
0.493713,0.494689,0.528385,4,0
0.493102,0.494201,0.528751,4,0
0.491759,0.494323,0.528751,4,0
0.492126,0.493835,0.528141,4,0
0.49298,0.493957,0.528751,4,0
0.493591,0.492736,0.528385,4,0
0.493468,0.49237,0.528019,4,0
0.493713,0.491271,0.530216,4,0
0.492858,0.492003,0.529484,4,0
0.492492,0.493591,0.531193,4,0
0.492003,0.494567,0.529972,4,0
0.491515,0.49298,0.529606,4,0
0.492003,0.493102,0.529972,4,0
0.492126,0.494933,0.529239,4,0
0.492858,0.494201,0.525088,4,0
0.493224,0.493224,0.523623,4,0
0.495544,0.495544,0.521548,4,0
0.496276,0.494079,0.522891,4,0
0.500183,0.494567,0.526676,4,0
0.500916,0.494933,0.526554,4,0
0.498352,0.495056,0.52692,4,0
0.497986,0.496887,0.527286,4,0
0.497009,0.4953,0.526431,4,0
0.498718,0.496765,0.525455,4,0
0.499084,0.49591,0.526554,4,0
0.49884,0.497131,0.527164,4,0
0.49884,0.497741,0.529117,4,0
0.499206,0.496521,0.529361,4,0
0.497253,0.498108,0.530094,4,0
0.496643,0.497619,0.529484,4,0
0.496643,0.497009,0.528873,4,0
0.497253,0.49884,0.527774,4,0
0.497619,0.497497,0.527652,4,0
0.497497,0.496398,0.52692,4,0
0.498108,0.497009,0.527408,4,0
0.497986,0.497375,0.529361,4,0
0.497131,0.496398,0.528629,4,0
0.496887,0.496398,0.527774,4,0
0.496765,0.496887,0.527652,4,0
0.496765,0.497986,0.528019,4,0
0.497375,0.497497,0.52753,4,0
0.497619,0.497253,0.526187,4,0
0.498108,0.496032,0.526309,4,0
0.497619,0.494811,0.526065,4,0
0.497009,0.494933,0.527774,4,0
0.495788,0.494323,0.528629,4,0
0.494933,0.494689,0.527652,4,0
0.494323,0.492736,0.527164,4,0
0.492858,0.49237,0.525455,4,0
0.491027,0.490538,0.527652,4,0
0.49066,0.492736,0.529117,4,0
0.492003,0.493957,0.527896,4,0
0.492736,0.493468,0.526187,4,0
0.492614,0.49237,0.525211,4,0
0.492614,0.493468,0.525577,4,0
0.492736,0.493102,0.525577,4,0
0.492003,0.49298,0.525333,4,0
0.491881,0.492492,0.525455,4,0
0.491149,0.49237,0.524844,4,0
0.491759,0.493713,0.525699,4,0
0.491881,0.492858,0.526676,4,0
0.491271,0.49237,0.526065,4,0
0.491759,0.493468,0.524966,4,0
0.491637,0.492614,0.525333,4,0
0.491637,0.492248,0.525088,4,0
0.491637,0.49237,0.525333,4,0
0.491271,0.492614,0.525333,4,0
0.491393,0.493102,0.525699,4,0
0.491149,0.492492,0.525577,4,0
0.491149,0.492126,0.525455,4,0
0.491271,0.492248,0.525211,4,0
0.491271,0.492126,0.525455,4,0
0.490416,0.490783,0.524234,4,0
0.49066,0.489562,0.524722,4,0
0.491637,0.491637,0.525088,4,0
0.490416,0.491393,0.5246,4,0
0.490172,0.490905,0.524844,4,0
0.489806,0.489684,0.524722,4,0
0.489562,0.488829,0.524966,4,0
0.489928,0.489928,0.525088,4,0
0.489684,0.490294,0.524356,4,0
0.49066,0.490294,0.524234,4,0
0.49066,0.490294,0.52399,4,0
0.490294,0.489318,0.524112,4,0
0.490172,0.49005,0.524356,4,0
0.490294,0.49005,0.524722,4,0
0.490172,0.489318,0.52399,4,0
0.490538,0.489684,0.524844,4,0
0.490294,0.490294,0.524478,4,0
0.49066,0.489806,0.5246,4,0
0.490172,0.489195,0.524112,4,0
0.490538,0.489928,0.524112,4,0
0.490538,0.489562,0.524356,4,0
0.490416,0.489562,0.524966,4,0
0.49005,0.490294,0.524844,4,0
0.490538,0.489318,0.524234,4,0
0.49066,0.489806,0.5246,4,0
0.49066,0.489928,0.5246,4,0
0.490905,0.489195,0.525211,4,0
0.491271,0.490416,0.524234,4,0
0.49066,0.491393,0.525333,4,0
0.490416,0.489928,0.523868,4,0
0.491881,0.486998,0.525577,4,0
0.490783,0.492003,0.523868,4,0
0.491515,0.49066,0.525943,4,0
0.490905,0.49005,0.525211,4,0
0.491149,0.490294,0.525088,4,0
0.492003,0.490294,0.524844,4,0
0.492126,0.49005,0.524112,4,0
0.49298,0.49066,0.525088,4,0
0.492003,0.492003,0.525088,4,0
0.492126,0.491759,0.524966,4,0
0.493346,0.488829,0.527286,4,0
0.491271,0.489195,0.52692,4,0
0.492858,0.492126,0.526431,4,0
0.494323,0.491149,0.527042,4,0
0.495178,0.492614,0.525455,4,0
0.495178,0.491881,0.525943,4,0
0.496398,0.491759,0.526187,4,0
0.497253,0.493835,0.528263,4,0
0.499939,0.494567,0.528873,4,0
0.504578,0.492248,0.527286,4,0
0.508241,0.488829,0.525577,4,0
0.509828,0.484312,0.523623,4,0
0.508851,0.48773,0.526187,4,0
0.503968,0.485533,0.523623,4,0
0.504456,0.486387,0.523135,4,0
0.495788,0.48773,0.520816,4,0
0.493224,0.488341,0.522281,4,0
0.491637,0.487486,0.52167,4,0
0.490538,0.484312,0.52167,4,0
0.49005,0.482481,0.520327,4,0
0.487486,0.482359,0.519595,4,0
0.486632,0.480161,0.519473,4,0
0.486021,0.479062,0.520571,4,0
0.4848,0.477597,0.518496,4,0
0.484556,0.47601,0.517641,4,0
0.484312,0.476377,0.519717,4,0
0.486876,0.476254,0.518374,4,0
0.487975,0.4754,0.517763,4,0
0.488951,0.476499,0.519595,4,0
0.488463,0.479307,0.518862,4,0
0.487608,0.477475,0.516665,4,0
0.486265,0.479184,0.515688,4,0
0.488951,0.478208,0.514955,4,0
0.489195,0.477842,0.512758,4,0
0.489806,0.479062,0.51349,4,0
0.489562,0.479429,0.514345,4,0
0.488829,0.477719,0.516054,4,0
0.488585,0.478696,0.517153,4,0
0.486754,0.480405,0.520083,4,0
0.484312,0.478086,0.522647,4,0
0.482115,0.477353,0.523379,4,0
0.478574,0.4754,0.527286,4,0
0.477231,0.478208,0.525821,4,0
0.476254,0.477109,0.526187,4,0
0.476254,0.475522,0.52399,4,0
0.476377,0.476377,0.52106,4,0
0.476132,0.47601,0.516176,4,0
0.476132,0.478696,0.511293,4,0
0.479795,0.47833,0.511415,4,0
0.479917,0.478086,0.508241,4,0
0.481992,0.481504,0.503357,4,0
0.483824,0.484434,0.499573,4,0
0.485777,0.48712,0.500061,4,0
0.489806,0.491515,0.499206,4,0
0.491881,0.496398,0.498352,4,0
0.495056,0.499695,0.502503,4,0
0.496887,0.498718,0.503113,4,0
0.497619,0.504822,0.506776,4,0
0.496521,0.51056,0.518862,4,0
0.491515,0.516543,0.515932,4,0
0.488463,0.516787,0.525088,4,0
0.487242,0.512758,0.528629,4,0
0.485777,0.50934,0.530338,4,0
0.485533,0.504944,0.529117,4,0
0.487853,0.495666,0.531559,4,0
0.489073,0.492248,0.532047,4,0
0.487853,0.498596,0.529972,4,0
0.488829,0.499817,0.532658,4,0
0.489318,0.495056,0.534977,4,0
0.485533,0.497131,0.53339,4,0
0.485777,0.497497,0.535832,4,0
0.486143,0.48944,0.535832,4,0
0.484556,0.49298,0.531559,4,0
0.484556,0.492126,0.530338,4,0
0.484678,0.490294,0.530094,4,0
0.484068,0.493835,0.52753,4,0
0.483091,0.489806,0.526676,4,0
0.482237,0.491027,0.524478,4,0
0.482969,0.493346,0.525821,4,0
0.482237,0.4848,0.527408,4,0
0.480772,0.489562,0.524478,4,0
0.480283,0.493102,0.523501,4,0
0.480405,0.492126,0.522525,4,0
0.480405,0.493835,0.521426,4,0
0.479917,0.494567,0.519717,4,0
0.477353,0.492614,0.520083,4,0
0.478208,0.489562,0.518496,4,0
0.479795,0.488829,0.517763,4,0
0.481748,0.492736,0.514223,4,0
0.483946,0.496765,0.513368,4,0
0.485289,0.499206,0.510927,4,0
0.488097,0.502747,0.511171,4,0
0.487486,0.507874,0.509706,4,0
0.487608,0.511781,0.508607,4,0
0.486998,0.514589,0.510682,4,0
0.488219,0.515444,0.509828,4,0
0.486754,0.512758,0.515688,4,0
0.488097,0.511171,0.516176,4,0
0.488341,0.514467,0.517031,4,0
0.487242,0.513368,0.51642,4,0
0.487364,0.512392,0.519839,4,0
0.488097,0.514589,0.521548,4,0
0.488097,0.514955,0.518984,4,0
0.48712,0.50934,0.523623,4,0
0.488585,0.50934,0.524844,4,0
0.489562,0.509828,0.526554,4,0
0.488463,0.506532,0.529117,4,0
0.489928,0.504334,0.533512,4,0
0.489684,0.506409,0.531559,4,0
0.490416,0.502259,0.53278,4,0
0.491149,0.49884,0.534123,4,0
0.491515,0.497864,0.534611,4,0
0.491149,0.495178,0.536198,4,0
0.489073,0.494811,0.536565,4,0
0.487853,0.496521,0.534977,4,0
0.487242,0.495788,0.534245,4,0
0.485411,0.494323,0.533512,4,0
0.485411,0.494445,0.531071,4,0
0.486876,0.494323,0.530216,4,0
0.486021,0.49298,0.528019,4,0
0.485167,0.493468,0.526187,4,0
0.4848,0.494689,0.524844,4,0
0.48419,0.4953,0.523379,4,0
0.484312,0.495788,0.523135,4,0
0.48358,0.497253,0.522158,4,0
0.483457,0.497864,0.521792,4,0
0.481992,0.49823,0.521548,4,0
0.481748,0.499206,0.520938,4,0
0.479673,0.498596,0.520327,4,0
0.479184,0.497619,0.520327,4,0
0.477964,0.498474,0.519839,4,0
0.476254,0.498962,0.518862,4,0
0.478696,0.498962,0.518252,4,0
0.480894,0.497741,0.517031,4,0
0.482725,0.500305,0.516054,4,0
0.4848,0.501404,0.514467,4,0
0.486021,0.505067,0.51288,4,0
0.48651,0.510805,0.51227,4,0
0.486021,0.512147,0.510072,4,0
0.486876,0.513368,0.511049,4,0
0.487486,0.51642,0.510194,4,0
0.487242,0.514833,0.512758,4,0
0.488219,0.515322,0.511171,4,0
0.486876,0.5152,0.513735,4,0
0.486876,0.516176,0.513979,4,0
0.486998,0.518252,0.514467,4,0
0.485899,0.518008,0.516298,4,0
0.486632,0.516298,0.516543,4,0
0.486387,0.516054,0.518984,4,0
0.487364,0.513735,0.519717,4,0
0.48712,0.51349,0.525088,4,0
0.488219,0.51349,0.525577,4,0
0.489928,0.508607,0.52753,4,0
0.489684,0.506532,0.530094,4,0
0.489195,0.505921,0.530216,4,0
0.490783,0.504944,0.531803,4,0
0.491393,0.504822,0.532902,4,0
0.489806,0.5047,0.53278,4,0
0.489318,0.504212,0.533268,4,0
0.490294,0.502869,0.53339,4,0
0.490294,0.500794,0.533879,4,0
0.489562,0.499817,0.534123,4,0
0.49066,0.499573,0.53571,4,0
0.49005,0.500061,0.534123,4,0
0.488951,0.497131,0.532292,4,0
0.489318,0.497009,0.532414,4,0
0.488341,0.496765,0.529239,4,0
0.488585,0.494323,0.530338,4,0
0.489562,0.494811,0.53046,4,0
0.488097,0.496276,0.527286,4,0
0.487486,0.496765,0.527652,4,0
0.486387,0.498596,0.525821,4,0
0.485533,0.499206,0.525211,4,0
0.486021,0.499206,0.524966,4,0
0.484678,0.499451,0.5246,4,1
0.485289,0.499939,0.524356,4,0
0.4848,0.500061,0.523257,4,0
0.483091,0.501404,0.522769,4,0
0.483213,0.502381,0.52167,4,0
0.481382,0.50116,0.519961,4,0
0.484068,0.501526,0.520571,4,0
0.483335,0.503357,0.518252,4,0
0.4848,0.504334,0.517886,4,0
0.484922,0.505921,0.515688,4,0
0.484922,0.508363,0.5152,4,0
0.484922,0.511659,0.513613,4,0
0.484434,0.512636,0.513246,4,0
0.484678,0.515322,0.514833,4,0
0.484434,0.515322,0.513124,4,0
0.484678,0.513246,0.514345,4,0
0.484556,0.514711,0.514711,4,0
0.484556,0.514345,0.513735,4,0
0.484922,0.515932,0.51581,4,0
0.485045,0.516054,0.513735,4,0
0.484678,0.517275,0.516665,4,0
0.484434,0.51874,0.515322,4,0
0.485289,0.517886,0.516176,4,0
0.486021,0.517153,0.516176,4,0
0.486876,0.516543,0.515322,4,0
0.486632,0.517153,0.517886,4,0
0.487853,0.517275,0.516543,4,0
0.487364,0.516054,0.520083,4,0
0.488951,0.515444,0.521182,4,0
0.491393,0.51349,0.520693,4,0
0.490294,0.513002,0.523501,4,0
0.491881,0.511415,0.523746,4,0
0.492736,0.512025,0.528629,4,0
0.492858,0.511049,0.530582,4,0
0.492614,0.509217,0.532292,4,0
0.492858,0.509217,0.533634,4,0
0.492248,0.507386,0.533268,4,0
0.491759,0.504944,0.535222,4,0
0.490538,0.504456,0.534489,4,0
0.490416,0.502381,0.534977,4,0
0.489073,0.49823,0.534245,4,0
0.487975,0.497864,0.534001,4,0
0.48773,0.499084,0.533146,4,0
0.488341,0.497131,0.532169,4,0
0.488463,0.497253,0.530704,4,0
0.488341,0.497741,0.529361,4,0
0.486876,0.497253,0.527652,4,0
0.486632,0.496887,0.527042,4,0
0.486754,0.498474,0.526309,4,1
0.48651,0.498718,0.525455,4,0
0.486021,0.499206,0.525088,4,0
0.4848,0.500549,0.52399,4,0
0.4848,0.500183,0.523501,4,0
0.4848,0.501038,0.522891,4,0
0.484556,0.501892,0.521426,4,0
0.484068,0.501404,0.521548,4,0
0.484312,0.501892,0.520938,4,0
0.483824,0.503235,0.519717,4,0
0.4848,0.504334,0.519351,4,0
0.484434,0.505921,0.519228,4,0
0.485289,0.507997,0.517641,4,0
0.484312,0.509462,0.517153,4,0
0.484434,0.510438,0.516298,4,0
0.483946,0.511781,0.515688,4,0
0.483824,0.512147,0.516176,4,0
0.484556,0.51349,0.516298,4,0
0.48419,0.51288,0.516176,4,0
0.484434,0.514101,0.515566,4,0
0.484434,0.513613,0.515566,4,0
0.484556,0.514101,0.516054,4,0
0.485289,0.515566,0.51642,4,0
0.485289,0.515444,0.515078,4,0
0.484922,0.515322,0.516054,4,0
0.485899,0.515566,0.51349,4,0
0.485899,0.516176,0.515322,4,0
0.486387,0.519106,0.515932,4,0
0.487364,0.518252,0.514467,4,0
0.485899,0.516298,0.517153,4,0
0.487242,0.517397,0.516176,4,0
0.489562,0.517397,0.518862,4,0
0.489806,0.515688,0.520083,4,0
0.491881,0.512147,0.520938,4,0
0.490416,0.51288,0.524966,4,0
0.491149,0.51227,0.525333,4,0
0.492248,0.511659,0.52753,4,0
0.492248,0.510682,0.52985,4,0
0.493346,0.510438,0.531681,4,0
0.493835,0.509706,0.533024,4,0
0.494323,0.508363,0.5351,4,0
0.493713,0.508363,0.535344,4,0
0.492492,0.506776,0.535954,4,0
0.491515,0.504334,0.537663,4,0
0.490294,0.502991,0.535588,4,0
0.491271,0.500671,0.535466,4,0
0.492126,0.499573,0.535832,4,0
0.491515,0.497864,0.533634,4,0
0.490783,0.497864,0.532536,4,1
0.489806,0.497253,0.531437,4,0
0.488951,0.49884,0.531681,4,0
0.486998,0.497741,0.529606,4,0
0.486754,0.494445,0.530216,4,0
0.486143,0.495056,0.528263,4,0
0.484434,0.496765,0.52692,4,0
0.483213,0.497619,0.525943,4,0
0.482847,0.496521,0.523257,4,0
0.484434,0.497253,0.521792,4,0
0.484312,0.497619,0.518008,4,0
0.483946,0.500183,0.515444,4,0
0.485289,0.501404,0.512147,4,0
0.483946,0.502869,0.513246,4,0
0.484556,0.50763,0.511171,4,0
0.48419,0.507508,0.511171,4,0
0.4848,0.507874,0.512025,4,0
0.484312,0.511293,0.512147,4,0
0.482969,0.512392,0.511903,4,0
0.481138,0.513246,0.513979,4,0
0.482359,0.515322,0.51349,4,0
0.482115,0.513735,0.511415,4,0
0.483457,0.512147,0.515322,4,0
0.483946,0.5152,0.513246,4,0
0.483457,0.514345,0.513246,4,0
0.48358,0.516787,0.51581,4,0
0.483702,0.517886,0.513124,4,0
0.483946,0.513246,0.515078,4,0
0.4848,0.515078,0.514833,4,0
0.485411,0.514589,0.515932,4,0
0.486387,0.514223,0.51874,4,0
0.486387,0.514345,0.519106,4,0
0.487364,0.512514,0.522525,4,0
0.487242,0.513002,0.522281,4,0
0.488097,0.509706,0.525699,4,0
0.490172,0.511659,0.527896,4,0
0.489928,0.513124,0.528141,4,0
0.489928,0.51056,0.530704,4,0
0.491149,0.50934,0.531071,4,0
0.492248,0.507142,0.531071,4,0
0.492492,0.507386,0.531071,4,0
0.492248,0.507508,0.531193,4,0
0.492248,0.507386,0.530949,4,0
0.49237,0.506532,0.532414,4,0
0.492492,0.505189,0.533146,4,0
0.490905,0.504334,0.533634,4,0
0.489928,0.50409,0.533268,4,0
0.49066,0.502747,0.533146,4,0
0.490783,0.502259,0.533146,4,1
0.489928,0.50177,0.533024,4,0
0.490905,0.50116,0.533146,4,0
0.489195,0.500427,0.532658,4,0
0.489562,0.500427,0.532902,4,0
0.488707,0.500061,0.532047,4,0
0.488341,0.499206,0.531803,4,0
0.486754,0.498962,0.528507,4,0
0.486632,0.499817,0.526554,4,0
0.486387,0.500061,0.524112,4,0
0.486021,0.500671,0.52167,4,0
0.486021,0.501892,0.520327,4,0
0.485533,0.502014,0.516665,4,0
0.48419,0.506165,0.515078,4,0
0.483824,0.505677,0.514955,4,0
0.484312,0.507874,0.514101,4,0
0.483946,0.507997,0.514345,4,0
0.484678,0.510682,0.514711,4,0
0.483702,0.510194,0.514345,4,0
0.48419,0.511293,0.515688,4,0
0.48358,0.513735,0.515322,4,0
0.48358,0.511903,0.516054,4,0
0.484312,0.515444,0.516054,4,0
0.483335,0.514955,0.515566,4,0
0.484556,0.513613,0.515566,4,0
0.484922,0.514833,0.515566,4,0
0.485899,0.514101,0.5152,4,0
0.486021,0.515444,0.51581,4,0
0.486265,0.515566,0.514345,4,0
0.48773,0.516909,0.51642,4,0
0.486998,0.517519,0.517275,4,0
0.488219,0.516176,0.517397,4,0
0.487242,0.516665,0.51874,4,0
0.486998,0.515688,0.518252,4,0
0.487486,0.516054,0.522769,4,0
0.488829,0.516665,0.522525,4,0
0.488341,0.514223,0.524234,4,0
0.489195,0.512636,0.526798,4,0
0.49066,0.513613,0.526676,4,0
0.490172,0.509584,0.527286,4,0
0.491637,0.508363,0.528995,4,0
0.491515,0.509828,0.528873,4,0
0.491149,0.509217,0.529606,4,0
0.492492,0.508485,0.531925,4,0
0.492614,0.508241,0.531559,4,0
0.49237,0.507508,0.531925,4,0
0.492492,0.506409,0.533512,4,0
0.492858,0.505799,0.534855,4,0
0.490783,0.506287,0.534733,4,1
0.491393,0.505311,0.535344,4,0
0.491149,0.5047,0.534123,4,0
0.491759,0.502381,0.534367,4,0
0.492126,0.50177,0.5351,4,0
0.490294,0.502747,0.532536,4,0
0.488829,0.502625,0.531681,4,0
0.488341,0.502259,0.52985,4,0
0.487608,0.502503,0.527164,4,0
0.486998,0.502503,0.524722,4,0
0.48712,0.502747,0.522281,4,0
0.486265,0.503479,0.520938,4,0
0.485533,0.504822,0.519351,4,0
0.485289,0.505189,0.51874,4,0
0.48419,0.50702,0.517641,4,0
0.484312,0.507997,0.51642,4,0
0.483946,0.508485,0.516176,4,0
0.484068,0.509217,0.515078,4,0
0.48358,0.509462,0.514955,4,0
0.484678,0.511903,0.514711,4,0
0.482847,0.511415,0.514101,4,0
0.482969,0.513002,0.514589,4,0
0.483213,0.514589,0.514101,4,0
0.483335,0.514589,0.514101,4,0
0.484312,0.515444,0.514955,4,0
0.484434,0.51581,0.513857,4,0
0.485289,0.515566,0.5152,4,0
0.4848,0.516543,0.514223,4,0
0.485777,0.516176,0.514101,4,0
0.485167,0.518618,0.514223,4,0
0.486265,0.518618,0.514711,4,0
0.486265,0.519717,0.515932,4,0
0.486021,0.519228,0.516298,4,0
0.486876,0.519473,0.516909,4,0
0.486387,0.519595,0.517031,4,0
0.48773,0.517031,0.517886,4,0
0.487608,0.515688,0.519595,4,0
0.488341,0.517763,0.518618,4,0
0.488219,0.51581,0.521548,4,0
0.489073,0.516543,0.52167,4,0
0.489684,0.514345,0.523501,4,0
0.490416,0.514955,0.525821,4,0
0.490783,0.515688,0.525577,4,0
0.49066,0.513735,0.527896,4,0
0.491515,0.514589,0.529606,4,0
0.491393,0.513979,0.529606,4,0
0.491637,0.513368,0.532047,4,0
0.491759,0.513613,0.532414,4,0
0.490905,0.511903,0.532414,4,1
0.489928,0.509584,0.532536,4,0
0.491271,0.509462,0.532902,4,0
0.491881,0.50763,0.532902,4,0
0.490538,0.506776,0.532536,4,0
0.490905,0.507142,0.53339,4,0
0.490294,0.505311,0.532047,4,0
0.49005,0.502991,0.531803,4,0
0.490294,0.504578,0.531071,4,0
0.489073,0.505311,0.528873,4,0
0.488585,0.504456,0.52692,4,0
0.487853,0.506532,0.524844,4,0
0.486876,0.50702,0.522403,4,0
0.486876,0.506776,0.521548,4,0
0.485899,0.507874,0.520083,4,0
0.485899,0.507752,0.518618,4,0
0.485533,0.507997,0.518618,4,0
0.484556,0.509584,0.517886,4,0
0.483457,0.510194,0.517031,4,0
0.484434,0.510194,0.516543,4,0
0.483946,0.512758,0.514833,4,0
0.48419,0.512514,0.515078,4,0
0.48419,0.512025,0.514345,4,0
0.484434,0.513857,0.514345,4,0
0.484434,0.514467,0.513735,4,0
0.484556,0.514955,0.514955,4,0
0.484556,0.518496,0.513735,4,0
0.483824,0.518618,0.512147,4,0
0.484312,0.518008,0.514223,4,0
0.48358,0.52167,0.512636,4,0
0.48419,0.519839,0.513613,4,0
0.484434,0.519839,0.51581,4,0
0.484678,0.520693,0.514223,4,0
0.484922,0.518496,0.514955,4,0
0.485533,0.519473,0.514955,4,0
0.485655,0.51874,0.514589,4,0
0.485899,0.517519,0.516176,4,0
0.486387,0.519595,0.514711,4,0
0.486387,0.518252,0.516909,4,0
0.486876,0.518862,0.518008,4,0
0.487242,0.51813,0.517153,4,0
0.488341,0.515932,0.519961,4,0
0.489195,0.517275,0.519839,4,0
0.48944,0.514955,0.52106,4,0
0.49005,0.515444,0.522281,4,0
0.489684,0.51642,0.523379,4,0
0.491515,0.516543,0.525821,4,0
0.491515,0.516665,0.527164,4,0
0.491637,0.516176,0.528019,4,1
0.49298,0.515688,0.529972,4,0
0.494323,0.513368,0.531681,4,0
0.493713,0.51349,0.53278,4,0
0.494323,0.511049,0.534611,4,0
0.494689,0.508851,0.535222,4,0
0.494445,0.508485,0.534367,4,0
0.494201,0.506898,0.533024,4,0
0.492858,0.505433,0.531803,4,0
0.49237,0.505555,0.530949,4,0
0.492003,0.504578,0.530094,4,0
0.490538,0.505189,0.529484,4,0
0.489806,0.505799,0.528263,4,0
0.488585,0.505921,0.527164,4,0
0.487975,0.505921,0.526431,4,0
0.487486,0.505677,0.524234,4,0
0.485777,0.506043,0.522769,4,0
0.485167,0.506043,0.521548,4,0
0.484678,0.507142,0.519839,4,0
0.484922,0.506532,0.518984,4,0
0.483946,0.508241,0.51813,4,0
0.483213,0.508363,0.516665,4,0
0.483457,0.508973,0.51642,4,0
0.482847,0.509828,0.516054,4,0
0.482725,0.511171,0.515688,4,0
0.481748,0.51288,0.514711,4,0
0.482847,0.515078,0.513857,4,0
0.482969,0.515322,0.51349,4,0
0.483824,0.5152,0.513979,4,0
0.484312,0.517153,0.512514,4,0
0.483824,0.51642,0.512758,4,0
0.484922,0.516543,0.51288,4,0
0.485167,0.519228,0.513246,4,0
0.486021,0.519228,0.514101,4,0
0.485533,0.519961,0.513979,4,0
0.486143,0.518618,0.514589,4,0
0.486632,0.519717,0.515932,4,0
0.486265,0.520449,0.515932,4,0
0.487608,0.51813,0.516298,4,0
0.48773,0.517397,0.517397,4,0
0.488829,0.517397,0.517886,4,0
0.489684,0.517763,0.519961,4,0
0.490783,0.517763,0.520816,4,0
0.491027,0.516787,0.521182,4,0
0.490905,0.517519,0.524112,4,0
0.491759,0.519961,0.525088,4,0
0.492858,0.51813,0.527896,4,0
0.493835,0.516665,0.529972,4,1
0.494567,0.51581,0.530704,4,0
0.494811,0.513979,0.531803,4,0
0.494689,0.511903,0.531559,4,0
0.494323,0.511903,0.531193,4,0
0.495666,0.50934,0.532414,4,0
0.494811,0.509462,0.531193,4,0
0.493346,0.510072,0.531071,4,0
0.493346,0.510194,0.530827,4,0
0.492736,0.508851,0.53046,4,0
0.49237,0.509095,0.530338,4,0
0.492248,0.509217,0.529606,4,0
0.491881,0.508607,0.528995,4,0
0.491149,0.507508,0.528385,4,0
0.490905,0.507997,0.527286,4,0
0.49005,0.507142,0.526187,4,0
0.490172,0.507386,0.5246,1,0
0.488585,0.506654,0.523135,1,0
0.488097,0.507264,0.522158,1,0
0.488463,0.506532,0.521914,1,0
0.486998,0.506409,0.521548,1,0
0.485411,0.507142,0.519106,1,0
0.484434,0.507874,0.518618,1,0
0.484312,0.507874,0.518374,1,0
0.48358,0.507874,0.517519,1,0
0.48358,0.508119,0.51642,1,0
0.482603,0.507997,0.515444,1,0
0.48187,0.511537,0.513857,1,0
0.481626,0.513613,0.514101,1,0
0.481504,0.513613,0.512758,1,0
0.48358,0.512758,0.512147,1,0
0.484068,0.514101,0.511903,1,0
0.485899,0.516909,0.510927,1,0
0.488097,0.51813,0.515566,1,0
0.48773,0.521792,0.51227,1,0
0.488951,0.518862,0.513368,1,0
0.487975,0.517641,0.514833,1,0
0.488341,0.515444,0.515322,1,0
0.488951,0.512758,0.519106,1,0
0.488463,0.512025,0.519106,1,0
0.489195,0.508729,0.525211,1,0
0.488951,0.507508,0.523135,1,0
0.489073,0.501892,0.525699,1,0
0.48944,0.499817,0.527896,1,0
0.489318,0.499695,0.525088,1,0
0.489684,0.496154,0.52753,1,0
0.489562,0.49298,0.529239,1,0
0.48944,0.492003,0.527774,1,0
0.491515,0.491393,0.529606,1,0
0.492248,0.490905,0.527896,1,0
0.494079,0.48944,0.528141,1,0
0.495178,0.490172,0.528019,1,0
0.496276,0.489928,0.52753,1,0
0.499329,0.488097,0.529117,1,0
0.500183,0.486143,0.528507,1,0
0.500061,0.482847,0.528385,1,0
0.500671,0.479795,0.528385,1,0
0.500549,0.479917,0.527286,1,0
0.499573,0.478574,0.526065,1,0
0.498962,0.471737,0.529239,1,0
0.497253,0.4754,0.523746,1,0
0.498474,0.478818,0.520449,1,0
0.500183,0.481016,0.518252,1,0
0.501892,0.48126,0.520327,1,0
0.502381,0.483335,0.520205,1,0
0.502503,0.482969,0.522036,1,0
0.503601,0.48187,0.525455,1,0
0.504212,0.484556,0.526065,1,0
0.505433,0.484678,0.525943,1,0
0.504212,0.483091,0.522769,1,0
0.504456,0.481992,0.520693,1,0
0.505311,0.482725,0.520816,1,0
0.506043,0.483213,0.520816,1,0
0.505799,0.484922,0.519961,1,0
0.50763,0.483335,0.523379,1,0
0.506898,0.486998,0.522647,1,0
0.513368,0.482969,0.5246,1,0
0.523379,0.484068,0.53046,1,0
0.522036,0.491881,0.520816,1,0
0.519351,0.485167,0.518252,1,0
0.514833,0.482847,0.519473,1,0
0.511293,0.48065,0.524478,1,0
0.50702,0.48419,0.52399,1,0
0.505311,0.489318,0.525455,1,0
0.508119,0.489562,0.527774,1,0
0.509217,0.48773,0.52753,1,0
0.509462,0.48712,0.525821,1,0
0.508485,0.487364,0.524478,1,0
0.50763,0.486143,0.522281,1,0
0.509584,0.486876,0.522525,1,0
0.507508,0.48944,0.522891,1,0
0.507386,0.488829,0.523623,1,0
0.508363,0.486754,0.523379,1,0
0.509462,0.48651,0.523868,1,0
0.509706,0.487364,0.523501,1,0
0.508363,0.486143,0.523868,1,0
0.509462,0.484434,0.527408,1,0
0.508607,0.484922,0.524356,1,0
0.508607,0.485289,0.522158,1,0
0.508241,0.484678,0.523501,1,0
0.508119,0.4848,0.524234,1,0
0.507874,0.485411,0.523746,1,0
0.507874,0.486387,0.524234,1,0
0.508607,0.487608,0.525088,1,0
0.507997,0.487364,0.524112,1,0
0.508119,0.486021,0.523501,1,0
0.508241,0.485045,0.524112,1,0
0.507874,0.485411,0.524234,1,0
0.507997,0.485777,0.523746,1,0
0.508729,0.484922,0.523746,1,0
0.508485,0.485167,0.523379,1,0
0.508485,0.484922,0.523746,1,0
0.508363,0.485045,0.523501,1,0
0.507752,0.4848,0.523501,1,0
0.507874,0.4848,0.524356,1,0
0.508119,0.4848,0.523868,1,0
0.508241,0.48419,0.523623,1,0
0.508241,0.484434,0.523501,1,0
0.508363,0.484312,0.523135,1,0
0.508485,0.483702,0.523746,1,0
0.508119,0.48419,0.523379,1,0
0.508485,0.483702,0.523501,1,0
0.508607,0.48419,0.523379,1,0
0.508729,0.483702,0.522647,1,0
0.508119,0.482847,0.522647,1,0
0.508363,0.484068,0.523257,1,0
0.508485,0.483702,0.523135,1,0
0.508119,0.483457,0.522647,1,0
0.507997,0.484068,0.522891,1,0
0.507386,0.483457,0.522647,1,0
0.507142,0.483946,0.523257,1,0
0.507142,0.484556,0.522647,1,0
0.507386,0.484068,0.522525,1,0
0.507997,0.48419,0.523135,1,0
0.508607,0.484068,0.523013,1,0
0.508729,0.483213,0.523746,1,0
0.508363,0.48419,0.524356,1,0
0.508241,0.485411,0.522525,1,0
0.508119,0.484556,0.522891,1,0
0.508241,0.484068,0.523257,1,0
0.507997,0.48358,0.522769,1,0
0.507997,0.483335,0.523135,1,0
0.507997,0.483702,0.523501,1,0
0.507874,0.483946,0.523257,1,0
0.50763,0.483824,0.522769,1,0
0.507752,0.483702,0.522891,1,0
0.507752,0.483213,0.522769,1,0
0.507752,0.483457,0.522525,1,0
0.507874,0.483457,0.522769,1,0
0.507874,0.483335,0.522647,1,0
0.507997,0.483213,0.522891,1,0
0.507874,0.483457,0.522403,1,0
0.507997,0.48358,0.522525,1,0
0.508241,0.482969,0.522647,1,0
0.508119,0.483213,0.522403,1,0
0.507997,0.482603,0.522036,1,0
0.508119,0.482725,0.522158,1,0
0.507997,0.481992,0.521914,1,0
0.507997,0.482115,0.522525,1,0
0.507752,0.481992,0.52167,1,0
0.507752,0.481382,0.521426,1,0
0.508119,0.481504,0.52167,1,0
0.50763,0.48065,0.520449,1,0
0.507997,0.48065,0.521304,1,0
0.507874,0.480772,0.521182,1,0
0.507874,0.48065,0.520816,1,0
0.508119,0.480527,0.521182,1,0
0.508363,0.480405,0.521548,1,0
0.508363,0.480527,0.52106,1,0
0.508363,0.48065,0.520816,1,0
0.508363,0.480283,0.520816,1,0
0.508485,0.480283,0.520327,1,0
0.508363,0.480161,0.520205,1,0
0.508607,0.480161,0.520327,1,0
0.508363,0.479917,0.520205,1,0
0.508241,0.480039,0.520327,1,0
0.508119,0.480039,0.520449,1,0
0.508119,0.479917,0.520327,1,0
0.508241,0.479429,0.520449,1,0
0.508119,0.479673,0.520693,1,0
0.508241,0.479917,0.520083,1,0
0.508485,0.479429,0.520327,1,0
0.508485,0.480039,0.520449,1,0
0.508241,0.480161,0.519961,1,0
0.508363,0.480161,0.519961,1,0
0.508363,0.480283,0.520449,1,0
0.508241,0.480161,0.520205,1,0
0.508241,0.480283,0.520327,1,0