0.509095,0.481504,0.520938,1,0
0.508485,0.481504,0.52106,1,0
0.507997,0.481138,0.520693,1,0
0.508119,0.480527,0.521426,1,0
0.508485,0.480772,0.520693,1,0
0.508363,0.481138,0.520571,1,0
0.508119,0.480772,0.520816,1,0
0.508119,0.480527,0.520816,1,0
0.508363,0.480283,0.520938,1,0
0.508241,0.480405,0.520571,1,0
0.508485,0.480527,0.520205,1,0
0.508729,0.480283,0.520449,1,0
0.508485,0.480283,0.520693,1,0
0.508119,0.480039,0.520449,1,0
0.508119,0.480039,0.520693,1,0
0.508119,0.479917,0.520327,1,0
0.508241,0.480161,0.520449,1,0
0.507997,0.480039,0.520571,1,0
0.508119,0.480039,0.520205,1,0
0.508241,0.479917,0.520083,1,0
0.508485,0.479917,0.520327,1,0
0.508241,0.480283,0.520327,1,0
0.508363,0.480039,0.520205,1,0
0.508485,0.480039,0.520571,1,0
0.508485,0.480039,0.520327,1,0
0.508363,0.480161,0.520449,1,0
0.508363,0.480039,0.520327,1,0
0.508363,0.480161,0.520327,1,0
0.508363,0.480161,0.520449,1,0
0.508485,0.480039,0.520205,1,0
0.508607,0.480161,0.520449,1,0
0.508729,0.480161,0.520327,1,0
0.508729,0.480283,0.520327,1,0
0.508729,0.480283,0.520571,1,0
0.508485,0.480283,0.520816,1,0
0.508241,0.480527,0.520571,1,0
0.508485,0.480283,0.520571,1,0
0.508729,0.480283,0.520571,1,0
0.508607,0.48065,0.520327,1,0
0.508851,0.48065,0.520449,1,0
0.508973,0.480527,0.520327,1,0
0.509095,0.480527,0.520571,1,0
0.508973,0.480527,0.520693,1,0
0.508851,0.480772,0.520938,1,0
0.508851,0.480894,0.520693,1,0
0.508973,0.480772,0.520693,1,0
0.508851,0.481016,0.520816,1,0
0.508851,0.480894,0.520816,1,0
0.508973,0.480894,0.520816,1,0
0.509217,0.480894,0.520693,1,0
0.509095,0.480894,0.520693,1,0
0.509217,0.481016,0.520571,1,0
0.509095,0.481138,0.520449,1,0
0.509217,0.480527,0.521182,1,0
0.508851,0.480527,0.521182,1,0
0.509217,0.480894,0.520816,1,0
0.50934,0.481138,0.520205,1,0
0.509462,0.481138,0.520449,1,0
0.509462,0.480527,0.520571,1,0
0.509217,0.48065,0.520693,1,0
0.50934,0.481138,0.520693,1,0
0.50934,0.481016,0.520816,1,0
0.50934,0.480894,0.520816,1,0
0.509462,0.481016,0.520693,1,0
0.50934,0.481138,0.520938,1,0
0.50934,0.48126,0.520693,1,0
0.509462,0.48126,0.520327,1,0
0.50934,0.481016,0.520938,1,0
0.509217,0.481016,0.520938,1,0
0.50934,0.480894,0.520816,1,0
0.50934,0.481016,0.520938,1,0
0.509217,0.48126,0.520693,1,0
0.50934,0.481138,0.520816,1,0
0.50934,0.481016,0.520938,1,0
0.509217,0.481138,0.520816,1,0
0.509217,0.480894,0.520816,1,0
0.50934,0.481138,0.520816,1,0
0.50934,0.481138,0.520816,1,0
0.50934,0.481016,0.520693,1,0
0.509217,0.481016,0.520938,1,0
0.508973,0.481382,0.520449,1,0
0.509095,0.480772,0.52106,1,0
0.509095,0.481016,0.521182,0,0
0.509217,0.481992,0.520449,0,0
0.50934,0.480405,0.521792,0,0
0.509462,0.47894,0.523013,0,0
0.509095,0.481626,0.521548,0,0
0.510316,0.484678,0.52106,0,0
0.511049,0.48187,0.523257,0,0
0.511659,0.483213,0.522525,0,0
0.511781,0.483091,0.523013,0,0
0.511659,0.483335,0.522769,0,0
0.512514,0.486143,0.522403,0,0
0.51349,0.485899,0.523135,0,0
0.515078,0.486143,0.525333,0,0
0.514711,0.486387,0.521548,0,0
0.514345,0.485289,0.523623,0,0
0.513979,0.485655,0.524478,0,0
0.512392,0.48944,0.52399,1,0
0.509584,0.489318,0.525577,1,0
0.509584,0.490416,0.527408,1,0
0.509217,0.492736,0.527164,1,0
0.510927,0.496765,0.526554,1,0
0.508729,0.496154,0.523746,1,0
0.510072,0.48944,0.523501,1,0
0.507142,0.486143,0.519106,1,0
0.505067,0.487608,0.520693,1,0
0.502381,0.486876,0.523623,1,0
0.500305,0.490905,0.527896,1,0
0.498352,0.494811,0.532658,1,0
0.501038,0.496276,0.530216,1,0
0.505433,0.496276,0.523746,1,0
0.507508,0.493102,0.520816,1,0
0.508119,0.484922,0.519106,1,0
0.509584,0.472104,0.521426,1,0
0.508485,0.472226,0.515078,1,0
0.507874,0.473446,0.511049,1,0
0.507997,0.468563,0.514589,1,0
0.506654,0.470028,0.524234,1,0
0.504456,0.477719,0.523746,1,0
0.504822,0.48358,0.520938,1,0
0.506532,0.484556,0.520816,1,0
0.50763,0.480894,0.521182,1,0
0.508241,0.478208,0.521914,1,0
0.508119,0.478452,0.52106,1,0
0.508241,0.479184,0.519961,1,0
0.508241,0.479551,0.520327,1,0
0.508485,0.479673,0.521426,1,0
0.508363,0.482969,0.522158,1,0
0.508363,0.481016,0.51813,1,0
0.508851,0.4754,0.516054,1,0
0.508485,0.475156,0.513735,1,0
0.50702,0.475156,0.514345,1,0
0.506165,0.475034,0.51874,1,0
0.505799,0.47601,0.522281,1,0
0.506043,0.478208,0.520693,1,0
0.506898,0.479551,0.518252,1,0
0.508119,0.478086,0.517641,1,0
0.508973,0.477231,0.517886,1,0
0.50995,0.476377,0.518374,1,0
0.510682,0.478452,0.518984,1,0
0.511049,0.482237,0.519717,1,0
0.510927,0.484312,0.520449,1,0
0.509584,0.48419,0.522281,1,0
0.507997,0.48187,0.523501,1,0
0.50702,0.481504,0.523501,1,0
0.506776,0.479673,0.521914,1,0
0.507508,0.478818,0.51874,1,0
0.508119,0.478818,0.516298,1,0
0.508241,0.479429,0.516054,1,0
0.509095,0.480283,0.517763,1,0
0.508241,0.482847,0.519228,1,0
0.508119,0.481748,0.521304,1,0
0.507142,0.479429,0.524112,1,0
0.506043,0.480039,0.523501,1,0
0.505799,0.480894,0.52167,1,0
0.50702,0.47894,0.519717,1,0
0.506654,0.477842,0.517641,1,0
0.507386,0.480039,0.517641,1,0
0.507997,0.480283,0.518984,1,0
0.509095,0.47833,0.520327,1,0
0.509462,0.478574,0.520327,1,0
0.509095,0.479429,0.519473,1,0
0.508729,0.477842,0.518496,1,0
0.508119,0.477109,0.517519,1,0
0.50763,0.476621,0.518008,1,0
0.507508,0.477109,0.51874,1,0
0.507264,0.476499,0.51874,1,0
0.507752,0.477719,0.519473,1,0
0.507874,0.478086,0.519717,1,0
0.507752,0.478818,0.51874,1,0
0.507874,0.477475,0.519106,1,0
0.50763,0.479184,0.519106,1,0
0.508119,0.476865,0.51813,1,0
0.508119,0.474423,0.516176,1,0
0.50763,0.474301,0.513735,1,0
0.508119,0.474911,0.516909,1,0
0.507997,0.472958,0.519473,1,0
0.507386,0.477597,0.517886,1,0
0.508119,0.473935,0.520449,1,0
0.509095,0.473935,0.520693,1,0
0.511781,0.461848,0.51642,1,0
0.50934,0.466243,0.515566,1,0
0.504822,0.465999,0.517275,1,0
0.500305,0.467098,0.51581,1,0
0.495544,0.472836,0.515688,1,0
0.495544,0.471737,0.520327,1,0
0.492248,0.474301,0.519106,1,0
0.489928,0.480283,0.518252,1,0
0.490416,0.476865,0.51642,1,0
0.488097,0.480161,0.514711,1,0
0.486021,0.480527,0.514223,1,0
0.485655,0.474789,0.514101,1,0
0.485777,0.477231,0.510805,1,0
0.48419,0.479429,0.509462,1,0
0.48358,0.480894,0.50934,1,0
0.483335,0.481504,0.50763,1,0
0.484068,0.480405,0.508729,1,0
0.48419,0.483702,0.509706,1,0
0.48358,0.486387,0.509095,1,0
0.483091,0.487486,0.507386,1,0
0.482847,0.49005,0.508119,1,0
0.481748,0.491027,0.508973,1,0
0.481992,0.493591,0.50934,1,0
0.482237,0.494079,0.51288,1,0
0.480772,0.493591,0.513246,1,0
0.480161,0.492003,0.516176,1,0
0.478574,0.49237,0.516298,1,0
0.476865,0.492614,0.51642,1,0
0.476499,0.486998,0.518984,1,0
0.473813,0.490172,0.5152,1,0
0.472226,0.489684,0.50934,1,0
0.469906,0.483824,0.50763,1,0
0.470883,0.491271,0.505189,1,0
0.476499,0.492126,0.516176,1,0
0.481138,0.478574,0.520693,1,0
0.482359,0.492858,0.517519,1,0
0.487486,0.500427,0.5246,1,0
0.494201,0.496643,0.530582,1,0
0.503968,0.5047,0.53278,1,0
0.508851,0.497986,0.534489,1,0
0.50763,0.500305,0.529606,1,0
0.510072,0.508241,0.530704,1,0
0.511049,0.501892,0.530704,1,0
0.508973,0.506043,0.528873,1,0
0.508851,0.507386,0.526798,1,0
0.506532,0.505555,0.527896,1,0
0.506165,0.50409,0.528141,1,0
0.5047,0.507997,0.530949,1,0
0.502503,0.504822,0.529239,1,0
0.501282,0.506043,0.52985,1,0
0.501526,0.506287,0.529972,1,0
0.500794,0.505921,0.528263,1,0
0.50116,0.505799,0.528995,1,0
0.502136,0.506043,0.526187,1,0
0.502747,0.505311,0.527164,1,0
0.504334,0.505555,0.527164,1,0
0.503479,0.506898,0.528141,1,0
0.503357,0.50763,0.527408,1,0
0.502136,0.506532,0.528751,1,0
0.50177,0.507386,0.529972,1,0
0.501282,0.50702,0.528019,1,0
0.501648,0.505067,0.527896,1,0
0.502136,0.505433,0.527286,1,0
0.502259,0.506654,0.527164,1,0
0.502136,0.50763,0.527164,1,0
0.502747,0.50702,0.528019,1,0
0.503846,0.506043,0.528019,1,0
0.503357,0.505799,0.529117,1,0
0.502869,0.50702,0.529728,1,0
0.502503,0.507874,0.530094,1,0
0.502381,0.508241,0.528385,1,0
0.502014,0.507142,0.525943,1,0
0.504822,0.5047,0.527652,1,0
0.506287,0.503968,0.52985,1,0
0.50702,0.505067,0.528507,1,0
0.506165,0.506287,0.528019,1,0
0.506654,0.5047,0.531559,1,0
0.506409,0.505555,0.531925,1,0
0.506287,0.504578,0.532414,1,0
0.507386,0.502259,0.534001,1,0
0.505067,0.499817,0.531071,1,0
0.503601,0.493224,0.531681,1,0
0.501282,0.492003,0.531071,1,0
0.497497,0.493835,0.526798,1,0
0.492492,0.486387,0.5246,1,0
0.488463,0.488951,0.523013,1,0
0.482603,0.491881,0.519473,1,0
0.479307,0.491027,0.516298,1,0
0.477719,0.490416,0.5152,1,0
0.477109,0.489928,0.512514,1,0
0.477353,0.49066,0.510682,1,0
0.478818,0.489318,0.51056,1,0
0.479429,0.490294,0.508241,1,0
0.479062,0.491759,0.505311,1,0
0.477231,0.493224,0.505067,1,0
0.478696,0.492858,0.506287,1,0
0.48065,0.493346,0.507874,1,0
0.480772,0.49298,0.507264,1,0
0.479062,0.490905,0.505067,1,0
0.477597,0.491271,0.508241,1,0
0.475156,0.492126,0.508119,1,0
0.469418,0.492003,0.509217,1,0
0.467098,0.490538,0.511659,1,0
0.465145,0.48651,0.51349,1,0
0.466976,0.483946,0.515078,1,0
0.469296,0.483457,0.513613,1,0
0.472836,0.481626,0.511537,1,0
0.475766,0.483457,0.510682,1,0
0.477719,0.482603,0.508973,1,0
0.479307,0.48419,0.509095,1,0
0.479551,0.485899,0.508119,1,0
0.479673,0.484922,0.508241,1,0
0.477475,0.484434,0.509828,1,0
0.475034,0.485533,0.509095,1,0
0.472104,0.484556,0.510927,1,0
0.470028,0.482359,0.513246,1,0
0.468929,0.483702,0.513124,1,0
0.46954,0.483824,0.51349,1,0
0.470883,0.483824,0.513368,1,0
0.47247,0.483824,0.512392,1,0
0.472958,0.484678,0.512636,1,0
0.473324,0.486632,0.512392,1,0
0.473813,0.4848,0.512758,1,0
0.472592,0.486632,0.51056,1,0
0.471371,0.488829,0.510682,1,0
0.472958,0.489318,0.510438,1,0
0.474545,0.485289,0.51056,1,0
0.475278,0.486754,0.509706,1,0
0.476254,0.485655,0.510316,1,0
0.476254,0.484312,0.50934,1,0
0.477964,0.486998,0.508973,1,0
0.478086,0.49005,0.508607,1,0
0.47894,0.492003,0.507508,1,0
0.479062,0.491759,0.509217,1,0
0.47894,0.493591,0.508485,1,0
0.47894,0.496887,0.508485,1,0
0.479429,0.491271,0.511537,1,0
0.478086,0.49237,0.51056,1,0
0.477475,0.493102,0.511903,1,0
0.476132,0.493591,0.511903,1,0
0.475034,0.492736,0.511415,1,0
0.473446,0.493102,0.51056,1,0
0.472836,0.492126,0.510682,1,0
0.472348,0.49066,0.508973,1,0
0.472714,0.489806,0.509095,1,0
0.47247,0.488707,0.507752,1,0
0.471737,0.488585,0.506898,1,0
0.471981,0.487486,0.507142,1,0
0.471737,0.488463,0.507997,1,0
0.472226,0.489073,0.507997,1,0
0.473691,0.488585,0.508607,1,0
0.475156,0.488951,0.508729,1,0
0.476621,0.491515,0.511293,1,0
0.477353,0.493713,0.51056,1,0
0.47833,0.495422,0.51349,1,0
0.480039,0.497375,0.514833,1,0
0.481504,0.498962,0.516787,1,0
0.483213,0.500549,0.517153,1,0
0.485167,0.5047,0.519473,1,0
0.485777,0.507142,0.518862,1,0
0.48712,0.51056,0.520693,1,0
0.488341,0.511659,0.527042,1,0
0.486387,0.517153,0.522891,1,0
0.485411,0.517641,0.521792,1,0
0.486632,0.513124,0.523623,1,0
0.488707,0.513979,0.521426,1,0
0.487975,0.516298,0.520083,1,0
0.487608,0.519961,0.517886,1,0
0.486998,0.513368,0.52106,1,0
0.485777,0.508119,0.520205,1,0
0.485167,0.508363,0.517763,1,0
0.485655,0.498718,0.52106,1,0
0.484922,0.490783,0.520938,1,0
0.484434,0.48944,0.520571,1,0
0.484922,0.483091,0.521548,1,0
0.482481,0.479917,0.519351,1,0
0.481382,0.478452,0.520449,1,0
0.481992,0.477231,0.522158,1,0
0.481748,0.477719,0.52106,1,0
0.482969,0.478574,0.522281,1,0
0.483702,0.482237,0.5246,1,0
0.482847,0.484678,0.523013,1,0
0.485289,0.485167,0.528019,1,0
0.484556,0.487242,0.526798,1,0
0.485289,0.489806,0.522769,1,0
0.487486,0.490416,0.528507,1,0
0.487242,0.494811,0.5246,1,0
0.488341,0.49591,0.524478,1,0
0.488951,0.496521,0.526676,1,0
0.489073,0.499573,0.525211,1,0
0.488951,0.497741,0.52753,1,0
0.487853,0.496398,0.528019,1,0
0.486632,0.4953,0.52985,1,0
0.483824,0.493835,0.532536,1,0
0.479917,0.49237,0.532658,1,0
0.479429,0.489928,0.533024,1,0
0.477231,0.488463,0.532047,1,0
0.477842,0.48773,0.532047,1,0
0.477231,0.489562,0.52753,1,0
0.477231,0.490416,0.523623,1,0
0.477475,0.49066,0.519228,1,0
0.479184,0.487853,0.516176,1,0
0.479184,0.49066,0.510316,1,0
0.481138,0.492736,0.508973,1,0
0.48126,0.486387,0.507508,1,0
0.481626,0.488463,0.506165,1,0
0.482481,0.487853,0.506654,1,0
0.482481,0.487242,0.505311,1,0
0.483946,0.487975,0.506532,1,0
0.484312,0.489928,0.51056,1,0
0.482115,0.4953,0.508119,1,0
0.484068,0.497497,0.507386,1,0
0.484678,0.494567,0.510805,1,0
0.483702,0.493713,0.513735,1,0
0.483824,0.505677,0.511415,1,0
0.482725,0.511171,0.51642,1,0
0.485167,0.511537,0.521914,1,0
0.48419,0.519351,0.518374,1,0
0.487242,0.519595,0.523379,1,0
0.486143,0.520449,0.520693,1,0
0.485777,0.516787,0.522281,1,0
0.486021,0.513124,0.522647,1,0
0.486754,0.509217,0.519717,1,0
0.48358,0.502869,0.520327,1,0
0.484068,0.498474,0.520938,1,0
0.482725,0.498474,0.518374,1,0
0.479917,0.493591,0.517763,1,0
0.482115,0.485289,0.522281,1,0
0.478208,0.488341,0.517153,1,0
0.478818,0.484434,0.520449,1,0
0.478818,0.481504,0.524356,1,0
0.478818,0.487486,0.519961,1,0
0.48065,0.484556,0.524234,1,0
0.479795,0.486143,0.523623,1,0
0.481626,0.488585,0.523868,1,0
0.482969,0.488829,0.525943,1,0
0.483824,0.491515,0.525088,1,0
0.486021,0.492248,0.528873,1,0
0.485167,0.496154,0.526676,1,0
0.485655,0.497619,0.525211,1,0
0.486265,0.497131,0.527896,1,0
0.48651,0.49823,0.526431,1,0
0.486265,0.498596,0.527652,1,0
0.484678,0.496765,0.528141,1,0
0.484068,0.494689,0.527408,1,0
0.483702,0.493957,0.528141,1,0
0.48358,0.494079,0.527652,1,0
0.481626,0.494323,0.52753,1,0
0.479307,0.494933,0.528263,1,0
0.477842,0.496521,0.526798,1,0
0.476621,0.492126,0.528019,1,0
0.476132,0.491271,0.526431,1,0
0.475522,0.49298,0.524234,1,0
0.475766,0.492003,0.525577,1,0
0.476621,0.494811,0.522403,1,1
0.476743,0.496276,0.51642,1,0
0.478452,0.494933,0.512147,1,0
0.481504,0.493591,0.512392,1,0
0.483824,0.492492,0.513735,1,0
0.48358,0.489195,0.510316,1,0
0.484312,0.487364,0.508119,1,0
0.485167,0.482969,0.507874,1,0
0.484068,0.481626,0.505799,1,0
0.484922,0.488219,0.508729,1,0
0.482115,0.493346,0.50934,1,0
0.481504,0.49237,0.511537,1,0
0.481016,0.502503,0.512758,1,0
0.479551,0.511171,0.514223,1,0
0.481626,0.51288,0.515688,1,0
0.481138,0.517519,0.514467,1,0
0.483702,0.517397,0.519839,1,0
0.483091,0.519595,0.517397,1,0
0.482481,0.519961,0.516665,1,0
0.482847,0.516909,0.51874,1,0
0.481504,0.518008,0.516909,1,0
0.482115,0.515688,0.517641,1,0
0.480894,0.514955,0.517397,1,0
0.48126,0.50934,0.519351,1,0
0.482359,0.507264,0.519106,1,0
0.481016,0.503846,0.517763,1,0
0.482725,0.499084,0.519228,1,0
0.481504,0.496643,0.517397,1,0
0.482237,0.491881,0.517886,1,0
0.480405,0.488951,0.518618,1,0
0.48126,0.486754,0.518008,1,0
0.481626,0.486143,0.519961,1,0
0.480894,0.48712,0.519106,1,0
0.482481,0.489928,0.524844,1,0
0.481748,0.496765,0.524478,1,0
0.482359,0.499573,0.528385,1,0
0.482725,0.502869,0.528629,1,0
0.482847,0.502503,0.530338,1,0
0.483702,0.503357,0.529484,1,0
0.485045,0.500916,0.529606,1,0
0.485899,0.49884,0.528873,1,0
0.486998,0.497741,0.529117,1,0
0.485777,0.496398,0.528629,1,0
0.485411,0.496276,0.52985,1,0
0.482115,0.496032,0.531193,1,0
0.479673,0.494567,0.532047,1,0
0.478208,0.497253,0.531193,1,0
0.47833,0.495422,0.529606,1,0
0.478086,0.49237,0.527774,1,0
0.478452,0.493468,0.524844,1,1
0.47833,0.494811,0.52167,1,0
0.477719,0.494445,0.519717,1,0
0.479429,0.492614,0.518618,1,0
0.47833,0.494933,0.514467,1,0
0.47894,0.493957,0.510682,1,0
0.481626,0.48651,0.513002,1,0
0.485655,0.484434,0.510682,1,0
0.486632,0.479673,0.507264,1,0
0.488097,0.480161,0.511171,1,0
0.486998,0.49066,0.508485,1,0
0.487364,0.495544,0.50995,1,0
0.486265,0.504578,0.514101,1,0
0.486387,0.508973,0.513613,1,0
0.486632,0.519839,0.516176,1,0
0.483824,0.52399,0.513124,1,0
0.483946,0.522158,0.517763,1,0
0.482359,0.521304,0.517153,1,0
0.482725,0.521182,0.517031,1,0
0.482847,0.51813,0.518008,1,0
0.48358,0.512636,0.518984,1,0
0.48358,0.507508,0.519228,1,0
0.484312,0.502136,0.519839,1,0
0.4848,0.498596,0.520938,1,0
0.481504,0.496154,0.519106,1,0
0.482847,0.493102,0.521792,1,0
0.482115,0.493468,0.520083,1,0
0.482725,0.490783,0.520938,1,0
0.482359,0.488219,0.522403,1,0
0.482115,0.487242,0.52167,1,0
0.482359,0.48712,0.523868,1,0
0.483335,0.485289,0.525577,1,0
0.484068,0.487975,0.525577,1,0
0.484434,0.491881,0.525821,1,0
0.485899,0.495178,0.531193,1,0
0.484068,0.499939,0.528263,1,0
0.48651,0.499451,0.529972,1,0
0.487608,0.496887,0.52985,1,0
0.488951,0.496887,0.529117,1,0
0.489684,0.497986,0.530094,1,0
0.489928,0.497253,0.530216,1,0
0.488585,0.495178,0.530827,1,0
0.486754,0.49591,0.531315,1,0
0.483213,0.495422,0.532169,1,0
0.48187,0.493346,0.535588,1,0
0.480039,0.497375,0.530704,1,0
0.479184,0.4953,0.530704,1,0
0.478574,0.494201,0.52753,1,0
0.478818,0.495544,0.524356,1,0
0.47833,0.496643,0.521304,1,1
0.478452,0.495056,0.518252,1,0
0.479795,0.493591,0.516665,1,0
0.482237,0.489806,0.514833,1,0
0.483213,0.487242,0.509828,1,0
0.4848,0.484556,0.50995,1,0
0.488829,0.484068,0.509462,1,0
0.489562,0.486876,0.510316,1,0
0.487608,0.492492,0.50995,1,0
0.486754,0.503601,0.513124,1,0
0.485533,0.508363,0.515322,1,0
0.484068,0.514101,0.511293,1,0
0.4848,0.51349,0.517275,1,0
0.483457,0.516787,0.514833,1,0
0.483824,0.517519,0.51642,1,0
0.482725,0.51642,0.516298,1,0
0.48358,0.519106,0.517519,1,0
0.481626,0.520571,0.517153,1,0
0.483213,0.515566,0.519473,1,0
0.4848,0.510927,0.520327,1,0
0.484922,0.506043,0.518984,1,0
0.484312,0.500916,0.520693,1,0
0.484312,0.496765,0.519717,1,0
0.48358,0.491881,0.519595,1,0
0.48358,0.488097,0.522281,1,0
0.480894,0.488585,0.52106,1,0
0.482847,0.487608,0.524112,1,0
0.482115,0.488951,0.525821,1,0
0.482359,0.491149,0.525211,1,0
0.484922,0.494567,0.531071,1,0
0.48358,0.499451,0.527408,1,0
0.484678,0.498962,0.529972,1,0
0.486021,0.500427,0.530704,1,0
0.48651,0.501892,0.527774,1,0
0.48712,0.500061,0.529239,1,0
0.486754,0.500183,0.528141,1,0
0.486143,0.500794,0.528507,1,0
0.486876,0.499084,0.530949,1,0
0.485777,0.499084,0.530338,1,0
0.48419,0.497741,0.531193,1,0
0.481992,0.497864,0.532292,1,0
0.479795,0.498962,0.531315,1,0
0.479429,0.497253,0.532047,1,0
0.479795,0.496521,0.530216,1,0
0.479307,0.494689,0.528019,1,0
0.479429,0.493713,0.525577,1,0
0.478818,0.4953,0.522769,1,0
0.479917,0.494689,0.522036,1,0
0.480283,0.494323,0.518374,1,0
0.47894,0.495422,0.514223,1,1
0.481626,0.490172,0.5152,1,0
0.484312,0.488951,0.511415,1,0
0.483702,0.488951,0.508485,1,0
0.486998,0.488829,0.508607,1,0
0.490538,0.491149,0.509706,1,0
0.488585,0.494811,0.510194,1,0
0.48651,0.502014,0.508729,1,0
0.486143,0.511293,0.514345,1,0
0.483457,0.517031,0.512392,1,0
0.480283,0.522403,0.508973,1,0
0.482115,0.517153,0.517031,1,0
0.480527,0.517886,0.515078,1,0
0.480772,0.516787,0.51642,1,0
0.482237,0.514223,0.516787,1,0
0.482481,0.511659,0.517886,1,0
0.483213,0.509095,0.519961,1,0
0.482603,0.507142,0.518618,1,0
0.48419,0.503113,0.520083,1,0
0.483091,0.499573,0.519961,1,0
0.481504,0.496276,0.519228,1,0
0.48065,0.493468,0.520571,1,0
0.48358,0.491759,0.522158,1,0
0.480405,0.49237,0.522036,1,0
0.482115,0.487608,0.522525,1,0
0.482237,0.490783,0.528751,1,0
0.481016,0.493346,0.524966,1,0
0.484922,0.497986,0.531193,1,0
0.483946,0.500183,0.531193,1,0
0.485045,0.502747,0.530216,1,0
0.486387,0.502747,0.531071,1,0
0.486021,0.504212,0.527286,1,0
0.48712,0.500916,0.527164,1,0
0.488341,0.49823,0.526554,1,0
0.488097,0.496765,0.52692,1,0
0.487486,0.495666,0.527164,1,0
0.485533,0.496154,0.528385,1,0
0.484434,0.497009,0.528751,1,0
0.48358,0.496032,0.530582,1,0
0.482725,0.496398,0.531315,1,0
0.480772,0.499084,0.531559,1,0
0.479551,0.498352,0.533634,1,0
0.47894,0.499939,0.530949,1,0
0.478818,0.499573,0.530094,1,0
0.478452,0.499939,0.527652,1,0
0.477719,0.500916,0.523501,1,0
0.48065,0.499817,0.522281,1,0
0.482603,0.497131,0.519351,1,0
0.484678,0.495788,0.517031,1,1
0.48419,0.495666,0.513246,1,0
0.485045,0.494323,0.513368,1,0
0.488463,0.48944,0.513735,1,0
0.489684,0.486876,0.511415,1,0
0.488707,0.49005,0.512636,1,0
0.489195,0.494323,0.513979,1,0
0.485655,0.499573,0.514467,1,0
0.484434,0.507142,0.514345,1,0
0.481016,0.513124,0.513002,1,0
0.483213,0.519228,0.515566,1,0
0.481382,0.523379,0.51349,1,0
0.480039,0.521182,0.514223,1,0
0.482359,0.518252,0.517031,1,0
0.480405,0.515688,0.515078,1,0
0.480283,0.512392,0.516787,1,0
0.482969,0.508363,0.518374,1,0
0.482603,0.506287,0.517886,1,0
0.485289,0.501526,0.519961,1,0
0.482847,0.499206,0.516787,1,0
0.483335,0.494689,0.518862,1,0
0.483824,0.493102,0.522647,1,0
0.482725,0.491515,0.519717,1,0
0.48065,0.48773,0.524112,1,0
0.483457,0.489684,0.527896,1,0
0.48187,0.491149,0.523868,1,0
0.48419,0.490294,0.532414,1,0
0.484678,0.50116,0.528141,1,0
0.484434,0.502136,0.532414,1,0
0.485289,0.505311,0.528629,1,0
0.485777,0.503846,0.528629,1,0
0.48651,0.501404,0.52753,1,0
0.48712,0.500916,0.526554,1,0
0.487242,0.500183,0.524844,1,0
0.488341,0.497131,0.526065,1,0
0.488097,0.497619,0.525333,1,0
0.48712,0.497131,0.525455,1,0
0.485899,0.496887,0.526431,1,0
0.484434,0.498474,0.527896,1,0
0.483457,0.499206,0.530338,1,0
0.482237,0.497986,0.531925,1,0
0.48187,0.497375,0.532658,1,0
0.481138,0.499817,0.532292,1,0
0.481138,0.500794,0.531193,1,0
0.481382,0.501038,0.529728,1,0
0.480894,0.502869,0.526431,1,0
0.48187,0.503235,0.524722,1,0
0.483702,0.501648,0.524234,1,0
0.482847,0.502747,0.522403,1,1
0.484068,0.500061,0.521426,1,0
0.482725,0.500549,0.519717,1,0
0.484068,0.49884,0.517886,1,0
0.483946,0.497253,0.51642,1,0
0.488341,0.493713,0.515566,1,0
0.490783,0.491759,0.514223,1,0
0.49237,0.492126,0.512758,1,0
0.489073,0.497253,0.511049,1,0
0.486876,0.502014,0.512636,1,0
0.484068,0.508363,0.512147,1,0
0.482847,0.51349,0.514101,1,0
0.482481,0.524112,0.511415,1,0
0.48126,0.524234,0.517519,1,0
0.482847,0.521426,0.517397,1,0
0.482481,0.519839,0.517275,1,0
0.483824,0.511415,0.520938,1,0
0.484434,0.508607,0.520205,1,0
0.484068,0.501892,0.520327,1,0
0.484556,0.497131,0.520449,1,0
0.482481,0.495422,0.519595,1,0
0.481748,0.492126,0.521792,1,0
0.483457,0.490905,0.524234,1,0
0.481382,0.492248,0.523746,1,0
0.48187,0.491881,0.527408,1,0
0.483091,0.494689,0.526431,1,0
0.483457,0.498596,0.528507,1,0
0.484312,0.500671,0.529728,1,0
0.485045,0.505799,0.527164,1,0
0.485045,0.501526,0.529972,1,0
0.485777,0.504822,0.526798,1,0
0.484922,0.503846,0.525211,1,0
0.48651,0.499329,0.527408,1,0
0.486998,0.499939,0.526676,1,0
0.486998,0.499939,0.52692,1,0
0.486143,0.496765,0.526309,1,0
0.485411,0.496887,0.526676,1,0
0.485411,0.497253,0.525821,1,0
0.484922,0.496765,0.526676,1,0
0.484556,0.497986,0.526554,1,0
0.483946,0.498474,0.527896,1,0
0.483091,0.499329,0.527652,1,0
0.48065,0.499939,0.529117,1,0
0.479184,0.500305,0.529484,1,0
0.479429,0.499206,0.529606,1,0
0.478818,0.499451,0.52985,1,0
0.477597,0.500183,0.528507,1,0
0.477719,0.502014,0.526798,1,0
0.479429,0.500305,0.526187,1,0
0.480772,0.499206,0.523623,1,1
0.482847,0.49884,0.520938,1,0
0.48651,0.497741,0.520449,1,0
0.489684,0.494323,0.520693,1,0
0.489318,0.493957,0.51642,1,0
0.489318,0.493468,0.5152,1,0
0.490783,0.493346,0.513124,1,0
0.489928,0.492248,0.513002,1,0
0.488707,0.494933,0.511781,1,0
0.487853,0.496398,0.514101,1,0
0.485167,0.49823,0.516054,1,0
0.482969,0.499695,0.515078,1,0
0.48419,0.503113,0.519595,1,0
0.483335,0.509462,0.514345,1,0
0.480405,0.510194,0.519106,1,0
0.483335,0.516787,0.519473,1,0
0.479917,0.527286,0.516054,1,0
0.479062,0.525577,0.520205,1,0
0.480161,0.527164,0.517397,1,0
0.481626,0.52106,0.518008,1,0
0.485655,0.509584,0.520938,1,0
0.487853,0.501526,0.520938,1,0
0.486876,0.495422,0.522647,1,0
0.48712,0.494811,0.522036,1,0
0.485411,0.492003,0.522281,1,0
0.48651,0.490783,0.525088,1,0
0.48419,0.4953,0.525577,1,0
0.485655,0.497009,0.525333,1,0
0.484556,0.497741,0.528507,1,0
0.484556,0.500427,0.528629,1,0
0.485899,0.501282,0.531193,1,0
0.485167,0.502625,0.528507,1,0
0.486998,0.501892,0.529239,1,0
0.486876,0.50177,0.528263,1,0
0.487364,0.50409,0.52692,1,0
0.48773,0.502991,0.52753,1,0
0.48773,0.502136,0.52753,1,0
0.488097,0.500671,0.528629,1,0
0.487608,0.500061,0.528629,1,0
0.487486,0.499451,0.528995,1,0
0.486632,0.499451,0.529606,1,0
0.486387,0.499939,0.530094,1,0
0.485899,0.500794,0.529606,1,0
0.485045,0.500794,0.529484,1,0
0.484678,0.500427,0.529606,1,0
0.484068,0.501038,0.529239,1,0
0.483457,0.500794,0.528995,1,0
0.482603,0.500794,0.529361,1,0
0.482237,0.501892,0.528507,1,0
0.481138,0.503601,0.526431,1,1
0.480772,0.503846,0.525088,1,0
0.481504,0.503968,0.523379,1,0
0.481504,0.505799,0.52106,1,0
0.482969,0.50409,0.521304,1,0
0.484434,0.502381,0.520571,1,0
0.485167,0.502747,0.519106,1,0
0.48712,0.501038,0.517397,1,0
0.488341,0.49884,0.516176,1,0
0.488585,0.497131,0.516909,1,0
0.489073,0.498474,0.514589,1,0
0.487975,0.495544,0.514833,1,0
0.48773,0.493713,0.516543,1,0
0.486387,0.496032,0.515688,1,0
0.484434,0.500671,0.515932,1,0
0.483824,0.503846,0.514467,1,0
0.485045,0.506165,0.51874,1,0
0.482237,0.510927,0.516543,2,0
0.480039,0.518618,0.514955,2,0
0.48187,0.518618,0.51813,2,0
0.480527,0.519106,0.515078,2,0
0.481138,0.517031,0.517275,2,0
0.484678,0.513246,0.517886,2,0
0.48358,0.509828,0.515932,2,0
0.484922,0.50177,0.522158,2,0
0.484434,0.500183,0.521182,2,0
0.482603,0.495788,0.521914,2,0
0.4848,0.491759,0.525577,2,0
0.483457,0.492614,0.523013,2,0
0.483946,0.491271,0.52692,2,0
0.484678,0.492492,0.525821,2,0
0.484312,0.496398,0.528385,2,0
0.484678,0.49823,0.529606,2,0
0.486143,0.497619,0.529239,2,0
0.486387,0.494323,0.531681,2,0
0.48712,0.494933,0.529728,2,0
0.48773,0.495544,0.529361,2,0
0.489318,0.49591,0.526676,2,0
0.490172,0.495544,0.526065,2,0
0.490416,0.495056,0.526187,2,0
0.490905,0.494689,0.524966,2,0
0.492003,0.493835,0.525333,2,0
0.491393,0.492614,0.524234,2,0
0.490416,0.492248,0.525455,2,0
0.48944,0.492248,0.525577,2,0
0.487486,0.495178,0.525577,2,0
0.485045,0.495056,0.528385,2,0
0.483213,0.495422,0.530216,2,0
0.483457,0.497253,0.526309,2,0
0.485045,0.494201,0.530338,2,0
0.486876,0.492248,0.528873,2,0
0.486754,0.494201,0.525821,2,0
0.487608,0.493346,0.526431,2,0
0.49005,0.493835,0.524722,2,0
0.493835,0.495544,0.526065,2,0
0.497375,0.491881,0.527164,2,0
0.49823,0.493468,0.525943,2,0
0.498718,0.498474,0.524234,2,0
0.498962,0.496887,0.524234,2,0
0.502991,0.497619,0.527652,2,0
0.504456,0.496154,0.528263,2,0
0.505921,0.497986,0.526676,2,0
0.506776,0.500549,0.526187,2,0
0.50702,0.503235,0.526431,2,0
0.5047,0.503968,0.527042,2,0
0.504822,0.503968,0.526676,2,0
0.503235,0.502991,0.527652,2,0
0.504334,0.503357,0.527408,2,0
0.504578,0.5047,0.528263,2,0
0.505799,0.50177,0.529484,2,0
0.504334,0.503601,0.52985,2,0
0.504456,0.503601,0.528507,2,0
0.502747,0.504456,0.529239,2,0
0.502259,0.50409,0.528873,2,0
0.502381,0.503724,0.529117,2,0
0.503113,0.502625,0.528507,2,0
0.503235,0.50116,0.528629,2,0
0.502991,0.502259,0.528019,2,0
0.502991,0.502381,0.527408,2,0
0.502503,0.502503,0.529361,2,0
0.503113,0.502625,0.528751,2,0
0.502503,0.502747,0.528385,2,0
0.503235,0.503479,0.528263,2,0
0.502991,0.502869,0.527896,2,0
0.502991,0.503113,0.528507,2,0
0.503235,0.502869,0.528873,2,0
0.502869,0.50177,0.529239,2,0
0.502625,0.503724,0.528263,2,0
0.503235,0.503968,0.529117,2,0
0.501892,0.502991,0.529972,2,0
0.502259,0.502869,0.530338,2,0
0.504334,0.503235,0.528873,2,0
0.506165,0.500427,0.526676,2,0
0.507264,0.501404,0.525455,2,0
0.507752,0.494323,0.528507,2,0
0.50702,0.495788,0.527286,2,0
0.507142,0.49823,0.526187,2,0
0.506165,0.497497,0.524112,2,0
0.504456,0.494689,0.524356,2,0
0.503724,0.496032,0.524356,2,0
0.503235,0.499206,0.524966,2,0
0.49884,0.495788,0.526065,2,0
0.496643,0.494689,0.527408,2,0
0.49298,0.493591,0.524722,2,0
0.493102,0.492248,0.527652,2,0
0.492858,0.492614,0.528141,2,0
0.491515,0.491149,0.526798,2,0
0.492492,0.489073,0.527774,2,0
0.492126,0.491271,0.527408,2,0
0.489318,0.490172,0.525577,2,0
0.489806,0.488219,0.527286,2,0
0.490905,0.488097,0.526554,2,0
0.488341,0.486143,0.525577,2,0
0.48944,0.487242,0.527164,2,0
0.490538,0.48773,0.527774,2,0
0.490172,0.48712,0.525455,2,0
0.489073,0.486265,0.525088,2,0
0.488829,0.486143,0.525699,2,0
0.488951,0.487608,0.525577,2,0
0.489073,0.487364,0.525455,2,0
0.49005,0.488341,0.525333,2,0
0.489928,0.49066,0.523623,2,0
0.49005,0.489195,0.523379,2,0
0.488951,0.490538,0.521914,2,0
0.488585,0.491393,0.520205,2,0
0.488707,0.492492,0.519351,2,0
0.489318,0.490172,0.519839,2,0
0.489684,0.489928,0.519473,2,0
0.490905,0.491881,0.521426,2,0
0.491393,0.48944,0.524356,2,0
0.491393,0.488951,0.524722,2,0
0.490416,0.490172,0.524966,2,0
0.49005,0.490294,0.525577,2,0
0.490172,0.489195,0.525088,2,0
0.490538,0.49005,0.525211,2,0
0.490416,0.488951,0.525455,2,0
0.490905,0.490294,0.525211,2,0
0.491759,0.489806,0.525455,2,0
0.491881,0.490905,0.525699,2,0
0.492126,0.491515,0.527164,2,0
0.492126,0.491637,0.529606,2,0
0.491637,0.493591,0.530827,2,0
0.490538,0.49591,0.531193,2,0
0.489928,0.496154,0.533634,2,0
0.489562,0.495788,0.534855,2,0
0.489195,0.495788,0.532902,2,0
0.489195,0.495056,0.534123,2,0
0.48773,0.494079,0.532292,2,0
0.487364,0.495666,0.532536,2,0
0.486387,0.497986,0.529484,2,0
0.486632,0.497253,0.530338,2,0
0.486021,0.500305,0.527286,2,0
0.484922,0.501404,0.524356,2,0
0.485899,0.499084,0.523501,2,0
0.484922,0.499817,0.518374,2,0
0.484312,0.500061,0.520083,2,0
0.482359,0.50116,0.517153,2,0
0.480161,0.501892,0.512636,2,0
0.482603,0.499206,0.51227,2,0
0.482115,0.497253,0.510805,2,0
0.482603,0.49823,0.511903,2,0
0.480772,0.500061,0.505677,2,0
0.482359,0.497009,0.504822,2,0
0.481016,0.496643,0.506532,2,0
0.47833,0.499695,0.503479,2,0
0.479307,0.498718,0.506409,2,0
0.478086,0.497253,0.50995,2,0
0.476743,0.500183,0.511659,2,0
0.478818,0.502136,0.511659,2,0
0.476377,0.501892,0.511781,2,0
0.477475,0.499451,0.519839,2,0
0.477842,0.503479,0.513979,2,0
0.476254,0.505433,0.517519,2,0
0.478452,0.502625,0.520449,2,0
0.478818,0.503601,0.517397,2,0
0.479917,0.502381,0.521914,2,0
0.481016,0.503113,0.51874,2,0
0.482115,0.501892,0.520938,2,0
0.481138,0.501282,0.521914,2,0
0.483091,0.503113,0.524234,2,0
0.48187,0.503601,0.52399,2,0
0.482847,0.50409,0.522158,2,0
0.483702,0.500183,0.526187,2,0
0.484678,0.500427,0.525699,2,0
0.486021,0.503113,0.527774,2,0
0.485655,0.503113,0.526187,2,0
0.486876,0.500305,0.529117,2,0
0.486876,0.501526,0.527652,2,0
0.488463,0.500916,0.527408,2,0
0.488829,0.499573,0.528019,2,0
0.488707,0.498474,0.52753,2,0
0.489806,0.497986,0.527896,2,0
0.489073,0.499329,0.528873,2,0
0.48944,0.498718,0.531071,2,0
0.489562,0.500183,0.531193,2,0
0.48944,0.500061,0.533879,2,0
0.489073,0.501526,0.534611,2,0
0.48773,0.501648,0.536198,2,0
0.48773,0.502136,0.5351,2,0
0.486998,0.501648,0.532536,2,0
0.487486,0.499329,0.530949,2,0
0.487486,0.498596,0.528141,2,0
0.486265,0.49884,0.525943,2,0
0.486265,0.49823,0.524722,2,0
0.485167,0.499939,0.523013,2,0
0.4848,0.498718,0.522158,2,0
0.484312,0.499695,0.520938,2,0
0.483946,0.499817,0.52167,2,0
0.482847,0.500671,0.521426,2,0
0.481504,0.503357,0.520449,2,0
0.481138,0.503357,0.519228,2,0
0.479917,0.50409,0.519595,2,0
0.480039,0.5047,0.519228,2,0
0.478574,0.505311,0.517641,2,0
0.478574,0.504334,0.51813,2,0
0.478086,0.504456,0.51581,2,0
0.47894,0.503601,0.515932,2,0
0.479917,0.501404,0.514467,2,0
0.480283,0.500671,0.512025,2,0
0.480405,0.49884,0.509462,2,0
0.481748,0.497619,0.510194,2,0
0.480283,0.498962,0.50702,2,0
0.480039,0.497741,0.508729,2,0
0.480283,0.498962,0.509828,2,0
0.477842,0.499817,0.510682,2,0
0.479184,0.500183,0.51288,2,0
0.477597,0.501648,0.51349,2,0
0.479184,0.50177,0.51642,2,0
0.479184,0.503846,0.517763,2,0
0.478818,0.506409,0.515932,2,0
0.479307,0.504456,0.522525,2,0
0.478086,0.507874,0.517519,2,0
0.47894,0.506287,0.521304,2,0
0.479795,0.503846,0.521304,2,0
0.481016,0.505799,0.521792,2,0
0.480527,0.50702,0.521548,2,0
0.481504,0.504944,0.522403,2,0
0.482237,0.505189,0.52399,2,0
0.481626,0.506043,0.523135,2,0
0.483457,0.504334,0.525943,2,1
0.483702,0.504578,0.523746,2,0
0.484312,0.502747,0.525821,2,0
0.484678,0.50116,0.524966,2,0
0.485289,0.500183,0.526065,2,0
0.485411,0.500427,0.524722,2,0
0.485411,0.499451,0.524234,2,0
0.485533,0.498596,0.526309,2,0
0.485899,0.500794,0.528629,2,0
0.486021,0.503357,0.529239,2,0
0.486021,0.504456,0.531437,2,0
0.485289,0.506532,0.532047,2,0
0.484312,0.506654,0.533146,2,0
0.484556,0.505067,0.533268,2,0
0.4848,0.505555,0.531681,2,0
0.484434,0.503724,0.530216,2,0
0.484678,0.502869,0.528629,2,0
0.484312,0.503601,0.525943,2,0
0.483946,0.502259,0.5246,2,0
0.483946,0.501404,0.523746,2,0
0.483824,0.502625,0.522769,2,0
0.483213,0.501892,0.522403,2,0
0.482969,0.502259,0.52167,2,0
0.482847,0.502625,0.520693,2,0
0.482115,0.502869,0.520816,2,0
0.481748,0.504334,0.520449,2,0
0.481504,0.505433,0.520083,2,0
0.480039,0.506287,0.518374,2,0
0.479551,0.505433,0.518984,2,0
0.479551,0.506287,0.518374,2,0
0.478696,0.506532,0.51813,2,0
0.479184,0.506898,0.518618,2,0
0.477719,0.506654,0.516665,2,0
0.477964,0.505311,0.516665,2,0
0.478086,0.504944,0.514711,2,0
0.479551,0.501526,0.51349,2,0
0.479307,0.500061,0.51056,2,0
0.481016,0.497497,0.507997,2,0
0.48065,0.495544,0.506776,2,0
0.480527,0.495666,0.506776,2,0
0.480283,0.497619,0.508363,2,0
0.480039,0.500794,0.508729,2,0
0.477842,0.501038,0.513613,2,0
0.478208,0.501892,0.513613,2,0
0.477964,0.504822,0.517763,2,0
0.478086,0.505799,0.518252,2,0
0.478574,0.50702,0.519228,2,0
0.478818,0.5047,0.523013,2,0
0.479429,0.508363,0.519961,2,1
0.47894,0.507142,0.522769,2,0
0.48065,0.504334,0.523501,2,0
0.482359,0.505921,0.521914,2,0
0.482237,0.504822,0.524356,2,0
0.482847,0.505433,0.523135,2,0
0.483824,0.505677,0.524722,2,0
0.482725,0.505799,0.524356,2,0
0.484434,0.505311,0.526187,2,0
0.484434,0.506898,0.528141,2,0
0.485533,0.506776,0.528751,2,0
0.485533,0.507386,0.530582,2,0
0.485533,0.509095,0.531437,2,0
0.485411,0.511415,0.532047,2,0
0.485655,0.510927,0.532292,2,0
0.484922,0.509462,0.532902,2,0
0.484434,0.509706,0.53046,2,0
0.48419,0.507997,0.529117,2,0
0.484678,0.505799,0.528751,2,0
0.483824,0.506898,0.525821,2,0
0.483457,0.506409,0.524112,2,0
0.48358,0.504822,0.525088,2,0
0.482847,0.505799,0.522281,2,0
0.482115,0.504944,0.522036,2,0
0.481748,0.504456,0.519717,2,0
0.480772,0.505067,0.519351,2,0
0.479917,0.506532,0.518008,2,0
0.479062,0.508363,0.515932,2,0
0.479917,0.505311,0.517275,2,0
0.480039,0.5047,0.516543,2,0
0.47833,0.505555,0.514589,2,0
0.479917,0.502381,0.517031,2,0
0.479429,0.502259,0.51349,2,0
0.478574,0.500549,0.513613,2,0
0.479307,0.500671,0.510805,2,0
0.478574,0.499329,0.509462,2,0
0.479429,0.496276,0.508729,2,0
0.477719,0.496887,0.508729,2,0
0.477719,0.497375,0.508241,2,0
0.478818,0.497864,0.509462,2,0
0.477719,0.499939,0.511293,2,0
0.477475,0.501282,0.511537,2,0
0.47833,0.502747,0.515688,2,0
0.478574,0.504578,0.514101,2,0
0.480283,0.503235,0.51642,2,0
0.478574,0.502136,0.517886,2,0
0.482237,0.504456,0.518984,2,0
0.48065,0.505555,0.516787,2,0
0.483213,0.503235,0.520083,2,0
0.482603,0.504578,0.523257,2,1
0.482359,0.507752,0.520083,2,0
0.483335,0.505311,0.526065,2,0
0.483824,0.504944,0.524844,2,0
0.48651,0.504822,0.529484,2,0
0.486265,0.504944,0.52985,2,0
0.486876,0.504456,0.534977,2,0
0.487608,0.508119,0.536076,2,0
0.486754,0.512514,0.53803,2,0
0.486876,0.512392,0.538884,2,0
0.486876,0.511049,0.536442,2,0
0.487486,0.507264,0.533757,2,0
0.486998,0.505311,0.531437,2,0
0.48651,0.505067,0.529606,2,0
0.486021,0.504334,0.527652,2,0
0.485289,0.503724,0.525699,2,0
0.4848,0.502991,0.524844,2,0
0.483946,0.504212,0.522525,2,0
0.483335,0.503968,0.523013,2,0
0.482481,0.504212,0.520571,2,0
0.481626,0.503601,0.520449,2,0
0.481626,0.502869,0.519839,2,0
0.480161,0.503357,0.518252,2,0
0.48065,0.504822,0.51874,2,0
0.478574,0.507386,0.516298,2,0
0.478696,0.50702,0.515444,2,0
0.477231,0.505433,0.514955,2,0
0.477231,0.506654,0.512392,2,0
0.477719,0.505555,0.512514,2,0
0.477964,0.502381,0.512392,2,0
0.479184,0.499939,0.512025,2,0
0.479795,0.498596,0.508851,2,0
0.481016,0.495422,0.509095,2,0
0.480405,0.494201,0.507264,2,0
0.479551,0.496398,0.507874,2,0
0.478818,0.499084,0.508607,2,0
0.478452,0.499939,0.512392,2,0
0.478208,0.502503,0.513124,2,0
0.476499,0.504456,0.512514,2,0
0.477719,0.501648,0.519717,2,0
0.477353,0.507874,0.515078,2,0
0.476743,0.50763,0.521792,2,0
0.477231,0.507997,0.520693,2,0
0.477964,0.507752,0.51874,2,0
0.479673,0.504212,0.523135,2,0
0.480772,0.506409,0.519595,2,0
0.481992,0.505067,0.521792,2,0
0.482481,0.505555,0.522891,2,1
0.482725,0.506898,0.519961,2,0
0.483824,0.50409,0.524234,2,0
0.484312,0.504944,0.52399,2,0
0.485533,0.505433,0.523257,2,0
0.486998,0.502136,0.525577,2,0
0.486998,0.50409,0.527408,2,0
0.487608,0.50763,0.532292,2,0
0.488219,0.511903,0.534611,2,0
0.488219,0.511415,0.537907,2,0
0.48773,0.512392,0.537297,2,0
0.486632,0.510805,0.534611,2,0
0.486754,0.506898,0.532536,2,0
0.486632,0.505311,0.530704,2,0
0.485411,0.506043,0.527652,2,0
0.485899,0.504578,0.527652,2,0
0.484922,0.505067,0.525211,2,0
0.484434,0.504822,0.523746,2,0
0.483946,0.503357,0.524234,2,0
0.483091,0.504822,0.522891,2,0
0.482481,0.505189,0.523013,2,0
0.481504,0.506409,0.52106,2,0
0.480527,0.506043,0.519961,2,0
0.48187,0.505189,0.521182,2,0
0.48065,0.506043,0.519717,2,0
0.479795,0.505311,0.517886,2,0
0.479429,0.504456,0.5152,2,0
0.480039,0.502136,0.513979,2,0
0.479429,0.500305,0.513002,2,0
0.479673,0.500549,0.511293,2,0
0.479307,0.498962,0.511903,2,0
0.480283,0.498962,0.510682,2,0
0.478208,0.498718,0.508729,2,0
0.478452,0.496765,0.509217,2,0
0.478208,0.496887,0.509462,2,0
0.477842,0.498474,0.510438,2,0
0.477353,0.499206,0.511659,2,0
0.478208,0.500061,0.513735,2,0
0.477475,0.50177,0.515078,2,0
0.478452,0.503479,0.514955,2,0
0.477842,0.500916,0.517153,2,0
0.479795,0.502259,0.516909,2,0
0.479795,0.504456,0.519717,2,0
0.479307,0.505677,0.517763,2,0
0.482115,0.503601,0.521304,2,0
0.481504,0.504822,0.519961,2,0
0.48358,0.505555,0.525211,2,0
0.482969,0.509462,0.522036,2,0
0.483335,0.505921,0.523257,2,1
0.4848,0.50177,0.526431,2,0
0.485533,0.5047,0.523379,2,0
0.48712,0.502503,0.52753,2,0
0.48773,0.502625,0.527042,2,0
0.489195,0.506165,0.529117,2,0
0.489073,0.507386,0.531925,2,0
0.489684,0.508119,0.533634,2,0
0.488341,0.509095,0.536442,2,0
0.488097,0.509095,0.537785,2,0
0.48712,0.509217,0.537541,2,0
0.486998,0.508363,0.535954,2,0
0.487364,0.506898,0.534001,2,0
0.48712,0.506409,0.531437,2,0
0.486876,0.505555,0.529606,2,0
0.486143,0.504822,0.52692,2,0
0.485533,0.504212,0.525333,2,0
0.485167,0.503357,0.523746,2,0
0.484312,0.5047,0.521792,2,0
0.483457,0.5047,0.522281,2,0
0.482237,0.506654,0.519961,2,0
0.481016,0.507752,0.519351,2,0
0.48126,0.506776,0.518862,2,0
0.48126,0.505921,0.518618,2,0
0.480772,0.503479,0.517886,2,0
0.479795,0.503968,0.515566,2,0
0.479184,0.503235,0.515688,2,0
0.479062,0.504578,0.513002,2,0
0.479551,0.501648,0.512636,2,0
0.480527,0.499573,0.513124,2,0
0.481016,0.498108,0.511293,2,0
0.480527,0.496765,0.50995,2,0
0.480039,0.496032,0.510805,2,0
0.478818,0.498718,0.508973,2,0
0.478086,0.499206,0.511903,2,0
0.478086,0.501526,0.514101,2,0
0.477109,0.503846,0.511781,2,0
0.478086,0.500671,0.51874,2,0
0.477353,0.505921,0.5152,2,0
0.476621,0.506287,0.517519,2,0
0.477231,0.505799,0.517275,2,0
0.477109,0.504822,0.515688,2,0
0.477109,0.503479,0.518008,2,0
0.478574,0.504334,0.516665,2,0
0.479184,0.503357,0.517641,2,0
0.480039,0.503479,0.517886,2,0
0.479795,0.502381,0.515322,2,0
0.480527,0.500916,0.521304,2,0
0.480405,0.503846,0.518252,2,0
0.481992,0.502869,0.519228,2,1
0.482847,0.500671,0.522158,2,0
0.484068,0.500427,0.521304,2,0
0.485533,0.502136,0.526554,2,0
0.485167,0.504334,0.524234,2,0
0.485045,0.500794,0.529239,2,0
0.485655,0.501404,0.529484,2,0
0.486632,0.503968,0.532414,2,0
0.486998,0.5047,0.534855,2,0
0.48651,0.505311,0.536565,2,0
0.487608,0.503357,0.537053,2,0
0.487975,0.503601,0.5351,2,0
0.487486,0.502136,0.533024,2,0
0.486754,0.50116,0.531559,2,0
0.485899,0.501648,0.529972,2,0
0.485167,0.50177,0.529239,2,0
0.484922,0.502136,0.527774,2,0
0.484556,0.500671,0.527774,2,0
0.484556,0.500061,0.527042,2,0
0.483824,0.501282,0.524966,2,0
0.483457,0.500916,0.524722,2,0
0.482359,0.503113,0.523868,2,0
0.480772,0.50409,0.520693,2,0
0.481382,0.502014,0.520083,2,0
0.481138,0.501038,0.518618,2,0
0.480772,0.503113,0.517153,2,0
0.479917,0.503479,0.516298,2,0
0.481748,0.501648,0.514467,2,0
0.482603,0.498718,0.514589,2,0
0.481138,0.498718,0.513368,2,0
0.479795,0.499573,0.513002,2,0
0.478086,0.500427,0.511415,2,0
0.479307,0.499939,0.513124,2,0
0.479062,0.499817,0.512392,2,0
0.479184,0.499329,0.51349,2,0
0.478818,0.498718,0.512636,2,0
0.479062,0.498108,0.513368,2,0
0.479184,0.498474,0.513613,2,0
0.478208,0.499695,0.512636,2,0
0.479062,0.501038,0.515322,2,0
0.478208,0.502991,0.514345,2,0
0.480161,0.502136,0.517153,2,0
0.478086,0.503235,0.517519,2,0
0.479795,0.50409,0.517519,2,0
0.480039,0.5047,0.520938,2,0
0.479551,0.504944,0.518252,2,0
0.481138,0.502259,0.521426,2,0
0.480405,0.502747,0.520327,2,0
0.482725,0.502381,0.521426,2,1
0.484312,0.502136,0.523135,2,0
0.484922,0.50177,0.521914,2,0
0.485167,0.50116,0.525699,2,0
0.485411,0.502503,0.524356,2,0
0.48712,0.501038,0.528629,2,0
0.487242,0.502136,0.529117,2,0
0.488463,0.502503,0.531315,2,0
0.487975,0.504334,0.532658,2,0
0.487853,0.50409,0.533757,2,0
0.488341,0.503601,0.535588,2,0
0.488097,0.503724,0.534855,2,0
0.488097,0.502381,0.534245,2,0
0.48773,0.50177,0.533024,2,0
0.48773,0.502136,0.531437,2,0
0.486998,0.500794,0.530094,2,0
0.48651,0.500061,0.529361,2,0
0.486021,0.501038,0.528385,2,0
0.486143,0.500305,0.526187,2,0
0.485289,0.499084,0.525333,2,0
0.482969,0.501648,0.523868,2,0
0.481382,0.501282,0.523135,2,0
0.480527,0.499817,0.523135,2,0
0.480772,0.500183,0.52167,2,0
0.48065,0.500061,0.520693,2,0
0.479062,0.500549,0.518496,2,0
0.480039,0.502381,0.517763,2,0
0.479551,0.502503,0.51581,2,0
0.480405,0.501526,0.516665,2,0
0.480161,0.502503,0.515078,2,0
0.479673,0.501892,0.514467,2,0
0.48065,0.501038,0.514345,2,0
0.479551,0.500305,0.513124,2,0
0.48187,0.498474,0.51581,2,0
0.482481,0.496398,0.516787,2,0
0.482481,0.4953,0.515932,2,0
0.480527,0.496887,0.515932,2,0
0.479551,0.497741,0.515688,2,0
0.479184,0.496887,0.516054,2,0
0.479307,0.497009,0.515322,2,0
0.481138,0.498108,0.516665,2,0
0.481382,0.498596,0.516176,2,0
0.479429,0.499084,0.515322,2,0
0.48065,0.500061,0.518252,2,0
0.479307,0.501526,0.515688,2,0
0.479307,0.498962,0.517153,2,0
0.480894,0.499939,0.520083,2,0
0.479551,0.500794,0.514711,2,0
0.482237,0.499329,0.520327,2,0
0.480527,0.502014,0.517397,2,1
0.481504,0.501526,0.517763,2,0
0.482603,0.501038,0.522281,2,0
0.482237,0.503724,0.519351,2,0
0.483091,0.502869,0.524844,2,0
0.483824,0.503235,0.524722,2,0
0.487364,0.501526,0.530949,2,0
0.485655,0.505799,0.529972,2,0
0.486265,0.502136,0.533879,2,0
0.486754,0.503479,0.534733,2,0
0.486876,0.502747,0.534245,2,0
0.487486,0.501526,0.535222,2,0
0.487853,0.502259,0.533512,2,0
0.486998,0.501892,0.531559,2,0
0.485899,0.501038,0.530949,2,0
0.485167,0.500427,0.529972,2,0
0.485655,0.499206,0.528385,3,0
0.484922,0.498474,0.528507,3,0
0.482847,0.499817,0.526309,3,0
0.482603,0.498962,0.525577,3,0
0.483824,0.499573,0.525821,3,0
0.483702,0.500916,0.52399,3,0
0.48358,0.50116,0.523501,3,0
0.482847,0.502625,0.522403,3,0
0.482359,0.503113,0.520938,3,0
0.482969,0.50177,0.521182,3,0
0.481748,0.503601,0.520205,3,0
0.480894,0.503235,0.518496,3,0
0.480894,0.501892,0.518008,3,0
0.480161,0.500061,0.517763,3,0
0.479551,0.500671,0.516298,3,0
0.477964,0.500427,0.516054,3,0
0.479551,0.498474,0.516543,3,0
0.478696,0.498474,0.516298,3,0
0.477964,0.500183,0.516054,3,0
0.477475,0.500549,0.514467,3,0
0.477964,0.499817,0.515078,3,0
0.47833,0.500061,0.513368,3,0
0.47833,0.499695,0.51349,3,0
0.479551,0.49823,0.512514,3,0
0.480161,0.497131,0.511415,3,0
0.480039,0.497253,0.511537,3,0
0.479551,0.499329,0.511293,3,0
0.481382,0.498596,0.508851,3,0
0.482847,0.496276,0.512514,3,0
0.479795,0.499817,0.510805,3,0
0.479307,0.502381,0.514955,3,0
0.477231,0.502381,0.5152,3,0
0.477231,0.498108,0.520205,3,0
0.478086,0.499939,0.520205,3,0
0.477842,0.498962,0.519351,3,0
0.479307,0.495056,0.519717,3,0
0.480527,0.496398,0.520571,3,0
0.479184,0.498718,0.518496,3,0
0.480161,0.495666,0.523135,3,0
0.482359,0.496887,0.523257,3,0
0.48358,0.497619,0.525943,3,0
0.484678,0.49884,0.528019,3,0
0.486387,0.500916,0.530216,3,0
0.485777,0.502503,0.530827,3,0
0.487242,0.502747,0.531559,3,0
0.486876,0.503846,0.532536,3,0
0.487608,0.503113,0.532658,3,0
0.487608,0.502381,0.533757,3,0
0.486754,0.502747,0.533512,3,0
0.486143,0.502625,0.532414,3,0
0.486143,0.501404,0.531925,3,0
0.485533,0.500305,0.530949,3,0
0.485167,0.499817,0.529728,3,0
0.484556,0.499939,0.527896,3,0
0.484434,0.500061,0.526065,3,0
0.484678,0.500061,0.526309,3,0
0.484434,0.501648,0.523746,3,0
0.484312,0.500671,0.523379,3,0
0.484312,0.499695,0.522647,3,0
0.483824,0.500427,0.521914,3,0
0.482969,0.501648,0.521792,3,0
0.481504,0.502381,0.518862,3,0
0.480161,0.500794,0.519106,3,0
0.479551,0.502381,0.517641,3,0
0.47894,0.502381,0.516298,3,0
0.479551,0.500427,0.516665,3,0
0.47894,0.500794,0.514711,3,0
0.478208,0.500183,0.513735,3,0
0.477597,0.500427,0.513735,3,0
0.477719,0.500794,0.511659,3,0
0.476865,0.499451,0.510927,3,0
0.477353,0.498352,0.50995,3,0
0.476743,0.499695,0.511659,3,0
0.476132,0.50116,0.509584,3,0
0.476987,0.499573,0.511049,3,0
0.477109,0.499573,0.510438,3,0
0.476865,0.498962,0.510438,3,0
0.477842,0.500061,0.512758,3,0
0.477842,0.500061,0.511903,3,0
0.477109,0.500305,0.514589,3,0
0.477109,0.501648,0.514467,3,0
0.478208,0.500671,0.512514,3,0
0.479307,0.500061,0.517641,3,0
0.479184,0.502991,0.516054,3,0
0.479673,0.503113,0.517519,3,0
0.480039,0.50116,0.518618,3,0
0.481992,0.499206,0.518862,3,0
0.48187,0.500183,0.523501,3,0
0.483457,0.502014,0.521182,3,0
0.484678,0.500549,0.52692,3,0
0.485411,0.503724,0.528263,3,0
0.48651,0.505189,0.529117,3,0
0.486265,0.506043,0.531193,3,0
0.486876,0.505433,0.52985,3,0
0.486998,0.504212,0.533879,3,0
0.486754,0.507264,0.533634,3,0
0.486265,0.506898,0.534245,3,0
0.486143,0.505067,0.5351,3,0
0.48651,0.504822,0.533024,3,0
0.48651,0.503846,0.530949,3,0
0.486387,0.502625,0.530094,3,0
0.486143,0.503113,0.528507,3,0
0.4848,0.503357,0.527164,3,0
0.485289,0.502991,0.526554,3,0
0.484556,0.502625,0.525333,3,0
0.484556,0.502625,0.525455,3,0
0.484556,0.503846,0.52399,3,0
0.48358,0.503846,0.521182,3,0
0.483213,0.501648,0.520571,3,0
0.482847,0.500305,0.519473,3,0
0.48187,0.50116,0.516543,3,0
0.481626,0.500305,0.515932,3,0
0.481138,0.500183,0.515444,3,0
0.480283,0.499817,0.513857,3,0
0.480894,0.500061,0.514345,3,0
0.480161,0.500916,0.513613,3,0
0.479184,0.500549,0.512147,3,0
0.479673,0.499817,0.512758,3,0
0.479673,0.49884,0.513368,3,0
0.478818,0.500794,0.51056,3,0
0.477353,0.500916,0.511537,3,0
0.476987,0.501648,0.511415,3,0
0.476499,0.502869,0.511537,3,0
0.476254,0.503601,0.511171,3,0
0.476987,0.502014,0.511293,3,0
0.477475,0.500916,0.511049,3,0
0.47833,0.49884,0.512147,3,0
0.479307,0.498596,0.513124,3,0
0.480772,0.498596,0.515688,3,0
0.485655,0.488341,0.523257,3,0
0.486387,0.488585,0.525821,3,0
0.489562,0.495422,0.528995,3,0
0.491881,0.48944,0.534733,3,0
0.491759,0.494811,0.532536,3,0
0.491881,0.503601,0.530216,3,0
0.495178,0.493224,0.53571,3,0
0.497497,0.499939,0.534611,3,0
0.497253,0.499573,0.532292,3,0
0.499939,0.500305,0.531193,3,0
0.499573,0.497864,0.528507,3,0
0.501892,0.500305,0.528629,3,0
0.505677,0.493957,0.53046,3,0
0.5047,0.494445,0.529972,3,0
0.502381,0.496276,0.530582,3,0
0.500061,0.497619,0.528263,3,0
0.500183,0.49884,0.526187,3,0
0.500427,0.499451,0.528263,3,0
0.500671,0.496643,0.529484,3,0
0.501404,0.496887,0.528141,3,0
0.500183,0.496887,0.527164,3,0
0.500427,0.497253,0.528019,3,0
0.499206,0.494323,0.533024,3,0
0.497864,0.49237,0.529117,3,0
0.498596,0.494689,0.528263,3,0
0.499695,0.495788,0.525943,3,0
0.499451,0.494323,0.527042,3,0
0.500183,0.492492,0.52753,3,0
0.500061,0.493713,0.528629,3,0
0.499084,0.494811,0.526676,3,0
0.499695,0.493713,0.527408,3,0
0.49884,0.493957,0.528019,3,0
0.498596,0.493957,0.528141,3,0
0.498474,0.493835,0.527408,3,0
0.498108,0.495056,0.527652,3,0
0.49884,0.493102,0.527896,3,0
0.499206,0.493957,0.527164,3,0
0.499817,0.493713,0.527286,3,0
0.499451,0.493591,0.527652,3,0
0.498718,0.493591,0.527408,3,0
0.499084,0.493591,0.527774,3,0
0.49884,0.493713,0.527164,3,0
0.499084,0.494079,0.527774,3,0
0.498962,0.493713,0.527286,3,0
0.499206,0.494689,0.528507,3,0
0.498474,0.494689,0.52753,3,0
0.49884,0.493713,0.527652,3,0
0.499329,0.494323,0.527408,3,0
0.499451,0.494689,0.527652,3,0
0.499451,0.494079,0.528385,3,0
0.499695,0.494933,0.528263,3,0
0.499939,0.493957,0.52692,3,0
0.500794,0.49066,0.525455,3,0
0.500183,0.496032,0.527286,3,0
0.499939,0.494567,0.527652,3,0
0.499817,0.493591,0.528385,3,0
0.49884,0.496154,0.527652,3,0
0.499817,0.491759,0.528629,3,0
0.50116,0.497009,0.531315,3,0
0.507752,0.491271,0.531681,3,0
0.512758,0.485411,0.530827,3,0
0.51288,0.481382,0.526187,3,0
0.511537,0.479062,0.522891,3,0
0.510072,0.484556,0.522525,3,0
0.50409,0.488951,0.520816,3,0
0.499451,0.481626,0.522158,3,0
0.49298,0.486632,0.517031,3,0
0.488463,0.484678,0.516909,3,0
0.488463,0.48358,0.51581,3,0
0.484434,0.479429,0.514589,3,0
0.481626,0.479307,0.517031,3,0
0.483457,0.478696,0.518252,3,0
0.483091,0.477109,0.517031,3,0
0.48187,0.478696,0.516543,3,0
0.484678,0.480161,0.516298,3,0
0.486754,0.48419,0.515688,3,0
0.488463,0.482481,0.51642,3,0
0.49005,0.485167,0.518008,3,0
0.488341,0.483702,0.519717,3,0
0.487486,0.484068,0.52106,3,0
0.487975,0.485655,0.522281,3,0
0.488463,0.482725,0.522891,3,0
0.488463,0.482969,0.523257,3,0
0.488219,0.483702,0.523868,3,0
0.48773,0.485045,0.523257,3,0
0.487975,0.486632,0.52399,3,0
0.487486,0.484922,0.525333,3,0
0.486021,0.485045,0.525943,3,0
0.484678,0.485045,0.524966,3,0
0.4848,0.483091,0.525333,3,0
0.484922,0.482115,0.52399,3,0
0.484068,0.48126,0.523868,3,0
0.483824,0.482725,0.524112,3,0
0.483824,0.485777,0.522891,3,0
0.482725,0.485289,0.522158,3,0
0.481626,0.483702,0.523257,3,0
0.48126,0.484556,0.522281,3,0
0.482359,0.485533,0.524478,3,0
0.481016,0.487486,0.522647,3,0
0.479307,0.487853,0.524356,3,0
0.478574,0.492003,0.523746,3,0
0.481016,0.492003,0.522769,3,0
0.482847,0.494079,0.520693,3,0
0.4848,0.497864,0.51874,3,0
0.487486,0.500671,0.517153,3,0
0.48712,0.503846,0.514711,3,0
0.489195,0.507142,0.512758,3,0
0.486632,0.508607,0.511537,3,0
0.48773,0.510805,0.51056,3,0
0.486876,0.511903,0.509828,3,0
0.4848,0.510438,0.51056,3,0
0.485899,0.511293,0.510805,3,0
0.482847,0.50995,0.510682,3,0
0.482847,0.50702,0.512392,3,0
0.48358,0.505311,0.51349,3,0
0.480772,0.503724,0.514589,3,0
0.483091,0.500183,0.516787,3,0
0.481016,0.499451,0.517031,3,0
0.48126,0.497986,0.518862,3,0
0.48187,0.496276,0.520449,3,0
0.480283,0.495178,0.520327,3,0
0.483091,0.492858,0.523746,3,0
0.482603,0.494079,0.523013,3,0
0.483946,0.491759,0.524234,3,0
0.484678,0.490294,0.525943,3,0
0.483946,0.491149,0.525943,3,0
0.484922,0.490538,0.527652,3,0
0.484434,0.488097,0.527896,3,0
0.486021,0.487364,0.528263,3,0
0.48651,0.487608,0.52753,3,0
0.48773,0.489195,0.52692,3,0
0.487853,0.489562,0.526309,3,0
0.488707,0.489562,0.526309,3,0
0.489195,0.489073,0.526431,3,0
0.488341,0.488097,0.526554,3,0
0.48712,0.487364,0.527164,3,0
0.486754,0.48773,0.52753,3,0
0.486265,0.48712,0.528751,3,0
0.486387,0.486754,0.529972,3,0
0.486265,0.487364,0.529728,3,0
0.485289,0.486754,0.53046,3,0
0.485533,0.486632,0.52985,3,0
0.485655,0.48712,0.529239,3,0
0.484922,0.488951,0.528385,3,0
0.485045,0.489318,0.528019,3,0
0.485167,0.490905,0.528019,3,0
0.482969,0.491759,0.527652,3,0
0.483335,0.492248,0.527164,3,0
0.483702,0.492736,0.526065,3,0
0.48065,0.495788,0.525821,3,0
0.483702,0.496276,0.524722,3,0
0.485167,0.497253,0.523135,3,0
0.486998,0.498596,0.52167,3,0
0.48773,0.499939,0.519717,3,0
0.486632,0.503235,0.51813,3,0
0.484922,0.504944,0.51642,3,0
0.482847,0.506532,0.516054,3,0
0.484556,0.506654,0.516054,3,0
0.483335,0.507508,0.515322,3,0
0.485289,0.507874,0.514833,3,0
0.485045,0.508851,0.511903,3,0
0.482359,0.509828,0.510682,3,0
0.485289,0.509828,0.510194,3,0
0.48419,0.512025,0.507874,3,0
0.48358,0.51056,0.508851,3,0
0.483702,0.510194,0.510927,3,0
0.482603,0.50995,0.511415,3,0
0.484068,0.507386,0.513613,3,0
0.48358,0.505799,0.515688,3,0
0.480772,0.5047,0.515688,3,0
0.481138,0.500305,0.520938,3,0
0.483091,0.501404,0.520205,3,0
0.481504,0.498352,0.522158,3,0
0.482725,0.497253,0.524966,3,0
0.482725,0.499084,0.524356,3,0
0.483213,0.497375,0.526187,3,0
0.482603,0.496032,0.528263,3,0
0.484678,0.495788,0.527042,3,0
0.483702,0.492736,0.528995,3,0
0.486387,0.493224,0.528385,3,0
0.48712,0.494933,0.52692,3,0
0.48773,0.494201,0.527286,3,0
0.48773,0.493468,0.527408,3,0
0.48944,0.493346,0.52753,3,0
0.488585,0.493591,0.52753,3,0
0.488951,0.492858,0.528141,3,0
0.490783,0.492858,0.527774,3,0
0.490416,0.492736,0.528141,3,0
0.488829,0.493346,0.528263,3,0
0.486998,0.493224,0.528873,3,0
0.486998,0.493346,0.529361,3,0
0.48651,0.49237,0.53046,3,0
0.486021,0.492003,0.531315,3,0
0.485777,0.492126,0.531193,3,0
0.486021,0.493468,0.531315,3,0
0.486387,0.494079,0.530094,3,0
0.485655,0.49298,0.529606,3,0
0.485289,0.493713,0.528141,3,0
0.483335,0.493346,0.52692,3,0
0.483213,0.494689,0.526798,3,0
0.4848,0.495788,0.527042,3,0
0.4848,0.498474,0.525577,3,0
0.485411,0.498352,0.525455,3,0
0.486265,0.500427,0.524844,3,0
0.48712,0.500305,0.5246,3,0
0.487364,0.500794,0.525333,3,0
0.486143,0.502747,0.523746,3,0
0.486021,0.502991,0.522525,3,0
0.486021,0.505067,0.521426,3,0
0.486876,0.50702,0.519106,3,0
0.486876,0.508363,0.517763,3,0
0.485411,0.508851,0.516787,3,0
0.486754,0.510927,0.5152,3,0
0.483457,0.511049,0.514223,3,0
0.486632,0.511171,0.51349,3,0
0.487242,0.511903,0.512636,3,0
0.485777,0.512514,0.511781,3,0
0.486265,0.51288,0.512514,3,0
0.485655,0.512758,0.513124,3,0
0.484678,0.511171,0.513124,3,0
0.483824,0.508851,0.515078,3,0
0.48358,0.508485,0.516298,3,0
0.483702,0.50702,0.517641,3,0
0.48419,0.503846,0.520449,3,0
0.487242,0.503968,0.52106,3,0
0.485899,0.502625,0.521548,3,0
0.486265,0.500183,0.524722,3,0
0.488219,0.50177,0.525577,3,0
0.485899,0.499329,0.526431,3,0
0.486265,0.496032,0.531071,3,0
0.487608,0.498352,0.530582,3,0
0.486021,0.497131,0.53046,3,0
0.488219,0.496398,0.531559,3,0
0.487975,0.496887,0.531193,3,0
0.489195,0.495178,0.531193,3,0
0.488951,0.494689,0.530216,3,0
0.488829,0.4953,0.530582,3,0
0.488463,0.494811,0.530582,3,0
0.488585,0.493591,0.530827,3,1
0.487975,0.493468,0.531071,3,0
0.48773,0.493835,0.530704,3,0
0.487975,0.493835,0.530094,3,0
0.487486,0.494811,0.52985,3,0
0.487364,0.493835,0.530216,3,0
0.486387,0.494079,0.531071,3,0
0.485777,0.495666,0.531437,3,0
0.486265,0.496154,0.531681,3,0
0.487242,0.49591,0.530949,3,0
0.48651,0.497375,0.529361,3,0
0.486632,0.497619,0.527896,3,0
0.486265,0.499329,0.526309,3,0
0.485777,0.500671,0.524234,3,0
0.484068,0.502381,0.523501,3,0
0.4848,0.503479,0.522158,3,0
0.48651,0.505433,0.520571,3,0
0.486998,0.506165,0.518984,3,0
0.485655,0.508119,0.518374,3,0
0.487608,0.508607,0.517397,3,0
0.486998,0.508607,0.516176,3,0
0.485533,0.507874,0.517031,3,0
0.485289,0.509217,0.5152,3,0
0.483946,0.510194,0.514223,3,0
0.486265,0.510805,0.513368,3,0
0.482725,0.511659,0.511659,3,0
0.483091,0.510316,0.512025,3,0
0.481504,0.512636,0.51227,3,0
0.480772,0.511537,0.513613,3,0
0.481992,0.50995,0.51581,3,0
0.48126,0.508851,0.517153,3,0
0.483213,0.506776,0.51813,3,0
0.481382,0.506898,0.518496,3,0
0.483702,0.506043,0.519106,3,0
0.482481,0.505433,0.520083,3,0
0.481748,0.504456,0.520938,3,0
0.483335,0.504212,0.522647,3,0
0.484434,0.504456,0.523379,3,0
0.485533,0.502014,0.524112,3,0
0.485411,0.50177,0.52399,3,0
0.486632,0.502014,0.52399,3,0
0.485655,0.501526,0.525577,3,0
0.48651,0.50177,0.527164,3,0
0.485899,0.500671,0.527164,3,0
0.485777,0.499084,0.528751,3,0
0.486387,0.49884,0.528873,3,0
0.486265,0.497619,0.529239,3,0
0.487242,0.496276,0.529361,3,0
0.487364,0.496765,0.528995,3,0
0.487853,0.496765,0.528141,3,1
0.487608,0.497131,0.527896,3,0
0.488463,0.497131,0.527408,3,0
0.488707,0.497375,0.527286,3,0
0.488463,0.497497,0.528019,3,0
0.487853,0.495666,0.528995,3,0
0.486265,0.493224,0.531803,3,0
0.484922,0.49237,0.532658,3,0
0.485045,0.493591,0.53339,3,0
0.4848,0.494079,0.532169,3,0
0.484678,0.494689,0.531193,3,0
0.485289,0.495788,0.53046,3,0
0.485411,0.499573,0.527896,3,0
0.485411,0.499817,0.526798,3,0
0.486021,0.501038,0.525211,3,0
0.4848,0.502136,0.523868,3,0
0.486265,0.502869,0.523623,3,0
0.485655,0.50409,0.52167,3,0
0.485289,0.504944,0.520449,3,0
0.485045,0.505555,0.520205,3,0
0.485899,0.506532,0.51874,3,0
0.484922,0.507508,0.519351,3,0
0.484312,0.507508,0.518496,3,0
0.483457,0.508241,0.518008,3,0
0.484678,0.508607,0.51642,3,0
0.482359,0.508973,0.514833,3,0
0.483824,0.508363,0.514955,3,0
0.4848,0.510805,0.512147,3,0
0.483946,0.51227,0.510927,3,0
0.483824,0.512025,0.51056,3,0
0.481016,0.512514,0.510072,3,0
0.48187,0.511537,0.512514,3,0
0.482847,0.510438,0.514589,3,0
0.482847,0.50763,0.51642,3,0
0.482969,0.505555,0.518618,3,0
0.482237,0.504212,0.519228,3,0
0.481748,0.502869,0.521548,3,0
0.480772,0.503846,0.522647,3,0
0.482969,0.502991,0.522769,3,0
0.482115,0.500916,0.524844,3,0
0.484434,0.50177,0.524478,3,0
0.483946,0.502259,0.523746,3,0
0.485411,0.500183,0.525333,3,0
0.485533,0.501404,0.525333,3,0
0.486632,0.500061,0.525455,3,0
0.486143,0.500427,0.52692,3,0
0.486876,0.500183,0.526676,3,0
0.488829,0.498962,0.527042,3,1
0.488463,0.499329,0.526798,3,0
0.488951,0.498108,0.528507,3,0
0.488097,0.497619,0.529484,3,0
0.487975,0.497619,0.53046,3,0
0.488097,0.496398,0.531071,3,0
0.486998,0.4953,0.532169,3,0
0.487853,0.495178,0.533146,3,0
0.48712,0.494201,0.533879,3,0
0.487608,0.494323,0.534489,3,0
0.487853,0.4953,0.53278,3,0
0.488097,0.496765,0.531681,3,0
0.488219,0.498474,0.530338,3,0
0.488219,0.500305,0.528263,3,0
0.488707,0.500794,0.527408,3,0
0.488463,0.500794,0.526676,3,0
0.488097,0.501404,0.527042,3,0
0.485777,0.503479,0.525821,3,0
0.484922,0.503357,0.525455,3,0
0.485533,0.503235,0.524966,3,0
0.485655,0.504578,0.52399,3,0
0.486143,0.505799,0.522036,3,0
0.484434,0.505921,0.521182,3,0
0.484556,0.50702,0.519228,3,0
0.48419,0.509462,0.517153,3,0
0.485167,0.50934,0.51642,3,0
0.4848,0.509828,0.514345,3,0
0.485899,0.510316,0.512758,3,0
0.485045,0.510927,0.510805,3,0
0.484556,0.512147,0.510316,3,0
0.483946,0.513979,0.508729,3,0
0.480894,0.513857,0.509095,3,0
0.482603,0.513857,0.511049,3,0
0.482115,0.513246,0.512392,3,0
0.484312,0.509706,0.514833,3,0
0.484678,0.508363,0.516543,3,0
0.484312,0.507752,0.517519,3,0
0.484434,0.505677,0.520205,3,0
0.484312,0.50409,0.522891,3,0
0.484434,0.503601,0.523868,3,0
0.483335,0.502136,0.526676,3,0
0.483335,0.50116,0.526676,3,0
0.48419,0.500549,0.527408,3,0
0.484068,0.49884,0.527774,3,0
0.485167,0.497864,0.527286,3,0
0.484922,0.498474,0.52692,3,0
0.486387,0.500183,0.526431,3,0
0.485411,0.497986,0.52692,3,0
0.48651,0.497619,0.528263,3,1
0.487608,0.500061,0.527408,3,0
0.487975,0.498352,0.527164,3,0
0.487486,0.498596,0.528019,3,0
0.48712,0.499939,0.527408,3,0
0.485533,0.497009,0.530827,3,0
0.485533,0.494201,0.534489,3,0
0.484556,0.49298,0.534977,3,0
0.484678,0.494079,0.535832,3,0
0.485167,0.495178,0.533512,3,0
0.486632,0.496521,0.531315,3,0
0.486754,0.497131,0.529484,3,0
0.486998,0.499206,0.527774,3,0
0.487608,0.501038,0.526431,3,0
0.487364,0.502869,0.524112,3,0
0.486876,0.50409,0.522891,3,0
0.485167,0.504456,0.521548,3,0
0.485411,0.506043,0.52167,3,0
0.485289,0.507752,0.521792,3,0
0.483702,0.506898,0.521304,3,0
0.484312,0.506654,0.521914,3,0
0.484556,0.508241,0.520571,3,0
0.482603,0.507264,0.520571,3,0
0.483702,0.507386,0.519595,3,0
0.482237,0.508607,0.517763,3,0
0.483702,0.508241,0.517031,3,0
0.484312,0.509584,0.51581,3,0
0.48187,0.509706,0.514345,3,0
0.486021,0.511049,0.512758,3,0
0.48419,0.510927,0.511537,3,0
0.484312,0.511049,0.511415,3,0
0.482969,0.513124,0.511049,3,0
0.482115,0.513735,0.512147,3,0
0.482359,0.512392,0.514223,3,0
0.483091,0.508119,0.517641,3,0
0.481748,0.508241,0.517153,3,0
0.481626,0.505433,0.519961,3,0
0.482359,0.505555,0.519717,3,0
0.482237,0.503479,0.522525,3,0
0.483946,0.505067,0.522769,3,0
0.483213,0.504944,0.523257,3,0
0.484556,0.503357,0.523868,3,0
0.483946,0.503357,0.524844,3,0
0.485411,0.504822,0.524478,3,0
0.486387,0.501892,0.525577,3,0
0.486265,0.501892,0.525821,3,0
0.486876,0.50116,0.525821,3,0
0.486998,0.499817,0.527286,3,1
0.487853,0.501282,0.527408,3,0
0.486021,0.499084,0.528629,3,0
0.486632,0.498108,0.529361,3,0
0.487853,0.499695,0.528019,3,0
0.487853,0.49591,0.529606,3,0
0.487975,0.495178,0.532414,3,0
0.488341,0.494567,0.534733,3,0
0.489684,0.492858,0.537175,3,0
0.488951,0.493957,0.53571,3,0
0.488585,0.496765,0.533634,3,0
0.488707,0.497131,0.532292,3,0
0.488829,0.498718,0.530582,3,0
0.489318,0.500916,0.529606,3,0
0.48944,0.50116,0.528141,3,0
0.489318,0.502014,0.526676,3,0
0.488707,0.502625,0.525577,3,0
0.487486,0.503357,0.525211,3,0
0.486998,0.5047,0.524722,3,0
0.48651,0.505067,0.524234,3,0
0.486143,0.505677,0.523746,3,0
0.486387,0.506532,0.522525,3,0
0.485777,0.506654,0.522281,3,0
0.485167,0.507997,0.52167,3,0
0.484434,0.507997,0.521548,3,0
0.486876,0.506165,0.521914,3,0
0.485899,0.508119,0.519595,3,0
0.485289,0.508363,0.517641,3,0
0.484068,0.511171,0.51642,3,0
0.483457,0.511659,0.513368,3,0
0.483335,0.513735,0.512025,3,0
0.482725,0.513368,0.511049,3,0
0.483457,0.515444,0.510438,3,0
0.482603,0.51581,0.510927,3,0
0.483091,0.514467,0.51288,3,0
0.48187,0.513613,0.514223,3,0
0.483213,0.511171,0.516176,3,0
0.482969,0.508973,0.517886,3,0
0.484068,0.507508,0.519228,3,0
0.483702,0.506776,0.519473,3,0
0.483702,0.504334,0.522281,3,0
0.484556,0.506165,0.52167,3,0
0.484678,0.503968,0.522891,3,0
0.486876,0.50409,0.523623,3,0
0.48651,0.504334,0.523868,3,0
0.487853,0.502625,0.525211,3,0
0.486387,0.502014,0.52692,3,0
0.486632,0.502014,0.526676,3,0
0.487853,0.500061,0.527652,3,1
0.487608,0.499817,0.527652,3,0
0.488219,0.500549,0.527164,3,0
0.487853,0.498352,0.528873,3,0
0.489073,0.500916,0.529484,3,0
0.488097,0.500549,0.529239,3,0
0.489073,0.498596,0.530338,3,0
0.488219,0.49884,0.531071,3,0
0.489562,0.495666,0.533512,3,0
0.488585,0.494933,0.533879,3,0
0.486876,0.496887,0.533146,3,0
0.48773,0.497131,0.532902,3,0
0.488341,0.498108,0.531559,3,0
0.488707,0.498718,0.530582,3,0
0.489562,0.498596,0.531193,3,0
0.489684,0.499573,0.530216,3,0
0.488707,0.500549,0.528507,3,0
0.48773,0.501892,0.528141,3,0
0.486876,0.503846,0.527164,3,0
0.487242,0.502991,0.525577,3,0
0.48712,0.503235,0.525333,3,0
0.486876,0.505433,0.523379,3,0
0.485899,0.506409,0.522525,3,0
0.483335,0.506165,0.52167,3,0
0.484678,0.507508,0.520205,3,0
0.477353,0.507264,0.520938,3,0
0.482115,0.50702,0.523135,3,0
0.484678,0.507752,0.520816,3,0
0.488097,0.508119,0.519473,3,0
0.485289,0.510682,0.516176,3,0
0.484678,0.510927,0.5152,3,0
0.485411,0.512514,0.513735,3,0
0.484312,0.513735,0.512636,3,0
0.486387,0.513735,0.513002,3,0
0.483457,0.514589,0.512025,3,0
0.485167,0.513002,0.513368,3,0
0.486998,0.513613,0.513246,3,0
0.48419,0.513246,0.513979,3,0
0.485289,0.510805,0.515078,3,0
0.485655,0.510194,0.515688,3,0
0.484922,0.509828,0.517031,3,0
0.485533,0.508485,0.51874,3,0
0.48358,0.506898,0.520693,3,0
0.482725,0.504822,0.523501,3,0
0.486021,0.504456,0.524234,3,0
0.487242,0.502136,0.523013,3,0
0.487486,0.501892,0.524112,3,0
0.485411,0.502747,0.524478,3,0
0.487486,0.501038,0.526554,3,1
0.485777,0.501282,0.529728,3,0
0.488097,0.500183,0.530094,3,0
0.487364,0.49823,0.533024,3,0
0.488951,0.497375,0.533634,3,0
0.48773,0.495788,0.534489,3,0
0.488463,0.495056,0.534123,3,0
0.489073,0.49591,0.533757,3,0
0.488829,0.496643,0.531925,3,0
0.488585,0.497864,0.531437,3,0
0.488951,0.498352,0.531071,3,0
0.49005,0.498352,0.530338,3,0
0.489684,0.498352,0.529728,3,0
0.489562,0.499695,0.529117,3,0
0.489684,0.500061,0.529117,3,0
0.489318,0.501404,0.528385,3,0
0.489195,0.500671,0.528385,3,0
0.488707,0.501526,0.528141,3,0
0.488219,0.502991,0.526798,3,0
0.486754,0.502259,0.526798,3,0
0.48651,0.503846,0.525088,3,0
0.485655,0.50409,0.524478,3,0
0.485777,0.504334,0.523623,3,0
0.485289,0.505433,0.522769,3,0
0.4848,0.506532,0.522036,3,0
0.484922,0.507386,0.521182,3,0
0.485045,0.508241,0.519595,3,0
0.484556,0.508485,0.518618,3,0
0.485533,0.510316,0.517275,3,0
0.486387,0.511659,0.5152,3,0
0.486387,0.511781,0.51349,3,0
0.48358,0.512636,0.512514,3,0
0.483457,0.513002,0.51349,3,0
0.480894,0.515078,0.51349,3,0
0.480283,0.513857,0.513857,3,0
0.480161,0.51288,0.514589,3,0
0.48187,0.512758,0.514223,3,0
0.48126,0.511537,0.515078,3,0
0.482115,0.509828,0.516298,3,0
0.483457,0.509828,0.517397,3,0
0.48419,0.50763,0.519106,3,0
0.484312,0.506532,0.519961,3,0
0.483946,0.505799,0.520938,3,0
0.486387,0.504334,0.523501,3,0
0.48651,0.504456,0.523746,3,0
0.486998,0.502869,0.52399,3,0
0.486998,0.502747,0.52399,3,0
0.488219,0.502991,0.524478,3,0
0.489806,0.500427,0.527774,3,1
0.49005,0.501404,0.528629,3,0
0.488951,0.502014,0.528873,3,0
0.489928,0.500061,0.530704,3,0
0.490783,0.499573,0.52985,3,0
0.490905,0.498596,0.530704,3,0
0.491759,0.498474,0.531071,3,0
0.490538,0.497741,0.531925,3,0
0.490172,0.496276,0.534367,3,0
0.488951,0.496276,0.534123,3,0
0.488463,0.496887,0.533634,3,0
0.490172,0.497009,0.532047,3,0
0.491515,0.498108,0.530949,3,0
0.49237,0.500183,0.528751,3,0
0.493591,0.501038,0.526554,3,0
0.494445,0.501404,0.524966,3,0
0.49591,0.502136,0.524234,4,0
0.494811,0.502503,0.523501,4,0
0.494445,0.502747,0.523257,4,0
0.494445,0.500916,0.523501,4,0
0.492248,0.501892,0.522891,4,0
0.490294,0.502259,0.523013,4,0
0.488463,0.501648,0.52106,4,0
0.487608,0.501404,0.520938,4,0
0.487608,0.500305,0.522158,4,0
0.488341,0.500916,0.523013,4,0
0.488951,0.500061,0.524356,4,0
0.491149,0.500427,0.525333,4,0
0.49237,0.500305,0.525577,4,0
0.492858,0.500305,0.528629,4,0
0.492614,0.500305,0.526798,4,0
0.494445,0.50116,0.526431,4,0
0.4953,0.501892,0.529117,4,0
0.494933,0.502014,0.528751,4,0
0.495544,0.500671,0.529239,4,0
0.495666,0.500549,0.531071,4,0
0.495788,0.499817,0.530704,4,0
0.494933,0.500183,0.530704,4,0
0.494567,0.499206,0.529606,4,0
0.494811,0.497864,0.529728,4,0
0.494201,0.497741,0.529606,4,0
0.493957,0.498352,0.529361,4,0
0.494445,0.497619,0.529484,4,0
0.494933,0.498352,0.529239,4,0
0.495056,0.498108,0.527774,4,0
0.496154,0.497986,0.529361,4,0
0.496887,0.496643,0.531925,4,0
0.496398,0.493591,0.530704,4,0
0.496154,0.496398,0.52753,4,0
0.497131,0.492858,0.529117,4,0
0.496643,0.491515,0.528995,4,0
0.494567,0.494323,0.52753,4,0
0.49298,0.493713,0.527286,4,0
0.493102,0.494079,0.527286,4,0
0.492003,0.496032,0.525088,4,0
0.492248,0.497741,0.526676,4,0
0.495544,0.494323,0.527774,4,0
0.499573,0.495666,0.523135,4,0
0.501282,0.496398,0.526554,4,0
0.503235,0.494323,0.527164,4,0
0.50409,0.495178,0.524478,4,0
0.502991,0.497009,0.524234,4,0
0.502381,0.496154,0.526187,4,0
0.502625,0.496032,0.531437,4,0
0.498718,0.497741,0.530704,4,0
0.496398,0.495422,0.529239,4,0
0.497009,0.499329,0.530582,4,0
0.499451,0.494689,0.531315,4,0
0.499817,0.496887,0.529728,4,0
0.500061,0.495544,0.526554,4,0
0.500427,0.496765,0.525943,4,0
0.500549,0.497009,0.526676,4,0
0.50116,0.497131,0.528751,4,0
0.500427,0.497619,0.528141,4,0
0.499206,0.496521,0.528019,4,0
0.49884,0.497497,0.529117,4,0
0.499206,0.496643,0.528141,4,0
0.499939,0.496521,0.527164,4,0
0.499817,0.497009,0.527896,4,0
0.499451,0.496887,0.528507,4,0
0.499329,0.496276,0.52692,4,0
0.499939,0.496032,0.527408,4,0
0.499573,0.496521,0.528263,4,0
0.499206,0.497864,0.527042,4,0
0.499206,0.495178,0.528873,4,0
0.499695,0.495422,0.528751,4,0
0.499695,0.495666,0.527164,4,0
0.499573,0.495544,0.527286,4,0
0.499939,0.495056,0.528995,4,0
0.498474,0.496154,0.527774,4,0
0.499206,0.49591,0.528751,4,0
0.499573,0.496032,0.527408,4,0
0.499206,0.496398,0.527774,4,0
0.500061,0.496276,0.529117,4,0
0.499695,0.496887,0.527652,4,0
0.500061,0.496521,0.528141,4,0
0.500549,0.496521,0.527774,4,0
0.499939,0.496154,0.528263,4,0
0.500305,0.497131,0.527896,4,0
0.499451,0.497375,0.527042,4,0
0.500794,0.498352,0.528629,4,0
0.500183,0.496032,0.52692,4,0
0.500549,0.496765,0.529239,4,0
0.500305,0.496765,0.527774,4,0
0.499695,0.495788,0.528507,4,0
0.500183,0.496643,0.528019,4,0
0.501038,0.497131,0.527652,4,0
0.500305,0.495056,0.530827,4,0
0.500916,0.498718,0.528141,4,0
0.500549,0.499451,0.526431,4,0
0.501648,0.497375,0.526065,4,0
0.499939,0.491027,0.526065,4,0
0.498962,0.492492,0.528873,4,0
0.49884,0.496765,0.526676,4,0
0.497619,0.493468,0.527042,4,0
0.499939,0.491637,0.528385,4,0
0.495544,0.493468,0.525577,4,0
0.496032,0.492003,0.529606,4,0
0.497009,0.493835,0.526554,4,0
0.4953,0.492003,0.525699,4,0
0.496521,0.490905,0.527164,4,0
0.496032,0.493224,0.525088,4,0
0.494567,0.492126,0.527042,4,0
0.496765,0.493224,0.528629,4,0
0.496154,0.496643,0.527042,4,0
0.497619,0.495666,0.528873,4,0
0.49884,0.493468,0.527286,4,0
0.497131,0.493224,0.528019,4,0
0.496032,0.494079,0.526676,4,0
0.494323,0.493468,0.526676,4,0
0.493957,0.493224,0.527408,4,0
0.493591,0.491515,0.527164,4,0
0.493835,0.491027,0.527164,4,0
0.494689,0.491393,0.527286,4,0
0.495544,0.493346,0.526065,4,0
0.497009,0.492248,0.527286,4,0
0.498352,0.49066,0.527408,4,0
0.499451,0.491637,0.527774,4,0
0.500305,0.49005,0.527042,4,0
0.500794,0.493713,0.526554,4,0
0.501648,0.494933,0.526798,4,0
0.502136,0.492003,0.526431,4,0
0.502259,0.491149,0.526187,4,0
0.501404,0.492248,0.526676,4,0
0.501404,0.493346,0.52753,4,0
0.50116,0.49237,0.526798,4,0
0.499817,0.490783,0.526309,4,0
0.497864,0.490783,0.527164,4,0
0.496398,0.491027,0.528141,4,0
0.497131,0.487853,0.529484,4,0
0.498718,0.481382,0.527652,4,0
0.503601,0.474423,0.533757,4,0
0.504822,0.481138,0.535954,4,0
0.499695,0.483824,0.531193,4,0
0.494079,0.489195,0.527408,4,0
0.491881,0.488829,0.527164,4,0
0.49066,0.494689,0.522647,4,0
0.490294,0.495056,0.521426,4,0
0.490416,0.495422,0.520816,4,0
0.489806,0.4953,0.518008,4,0
0.488585,0.493835,0.52106,4,0
0.48712,0.493346,0.523746,4,0
0.484312,0.493102,0.522403,4,0
0.484312,0.490172,0.523623,4,0
0.48419,0.486632,0.522281,4,0
0.48358,0.486143,0.520816,4,0
0.483213,0.48651,0.520693,4,0
0.483457,0.484678,0.519351,4,0
0.48358,0.485045,0.518984,4,0
0.48358,0.48712,0.517153,4,0
0.48358,0.487608,0.517519,4,0
0.48358,0.488463,0.518252,4,0
0.48187,0.49005,0.519473,4,0
0.482481,0.492126,0.519961,4,0
0.484312,0.49066,0.519595,4,0
0.484434,0.492492,0.519351,4,0
0.483213,0.492492,0.519961,4,0
0.482725,0.493346,0.519839,4,0
0.482481,0.494079,0.520449,4,0
0.482237,0.49298,0.521792,4,0
0.482481,0.493346,0.52167,4,0
0.482237,0.493224,0.522158,4,0
0.481626,0.493224,0.522525,4,0
0.481748,0.493346,0.523257,4,0
0.481992,0.494933,0.523379,4,0
0.482481,0.493713,0.524112,4,0
0.482481,0.492248,0.524112,4,0
0.482481,0.493102,0.523623,4,0
0.482115,0.494079,0.522036,4,0
0.482359,0.494811,0.520693,4,0
0.482481,0.49591,0.520083,4,0
0.483213,0.497009,0.520571,4,0
0.482481,0.500183,0.518862,4,0
0.483091,0.499206,0.519961,4,0
0.482725,0.498108,0.520327,4,0
0.482481,0.499084,0.519717,4,0
0.481992,0.499329,0.520205,4,0
0.481626,0.499206,0.518984,4,0
0.481504,0.498962,0.520083,4,0
0.480527,0.498108,0.520816,4,0
0.47894,0.496643,0.520571,4,0
0.477353,0.496887,0.519961,4,0
0.477597,0.494079,0.520449,4,0
0.478086,0.49298,0.520449,4,0
0.479184,0.494079,0.519839,4,0
0.479795,0.493957,0.520938,4,0
0.480405,0.495422,0.520693,4,0
0.479917,0.496276,0.520571,4,0
0.479307,0.495422,0.521182,4,0
0.477842,0.495666,0.519839,4,0
0.476254,0.494445,0.518252,4,0
0.476865,0.489562,0.516787,4,0
0.480283,0.486021,0.517519,4,0
0.482115,0.489806,0.515444,4,0
0.482603,0.494933,0.51581,4,0
0.484434,0.496398,0.514223,4,0
0.488463,0.498108,0.514711,4,0
0.489928,0.500305,0.515322,4,0
0.490905,0.503479,0.512514,4,0
0.492736,0.505677,0.520205,4,0
0.492126,0.509584,0.518496,4,0
0.492248,0.509828,0.520938,4,0
0.492614,0.505311,0.529361,4,0
0.493468,0.507142,0.530338,4,0
0.491881,0.506287,0.534489,4,0
0.492736,0.498596,0.53925,4,0
0.491515,0.496887,0.539495,4,0
0.492126,0.493835,0.541204,4,0
0.490416,0.483091,0.53864,4,0
0.488097,0.491393,0.533757,4,0
0.488951,0.492126,0.534123,4,0
0.488829,0.488829,0.531803,4,0
0.488463,0.490538,0.529606,4,0
0.487853,0.489928,0.529606,4,0
0.487975,0.48712,0.528629,4,0
0.487242,0.489195,0.526309,4,0
0.48712,0.489928,0.526187,4,0
0.486021,0.489073,0.525211,4,0
0.484922,0.491759,0.525455,4,0
0.484312,0.489318,0.524234,4,0
0.481992,0.491637,0.522281,4,0
0.48187,0.492003,0.520449,4,0
0.48126,0.493468,0.517641,4,0
0.48065,0.494567,0.516543,4,0
0.482725,0.496154,0.516176,4,0
0.482847,0.499084,0.513613,4,0
0.485045,0.500305,0.513124,4,0
0.488097,0.50116,0.513002,4,0
0.488341,0.506776,0.511171,4,0
0.490172,0.509706,0.511659,4,0
0.490172,0.511781,0.514345,4,0
0.49005,0.512147,0.51642,4,0
0.488219,0.513735,0.516298,4,0
0.48773,0.512514,0.519839,4,0
0.485655,0.513124,0.520327,4,0
0.486265,0.511415,0.519228,4,0
0.485655,0.508363,0.523257,4,0
0.485655,0.507874,0.522403,4,0
0.48712,0.507508,0.526187,4,0
0.487486,0.507264,0.524478,4,0
0.487242,0.505311,0.525699,4,0
0.489073,0.505799,0.526554,4,0
0.489073,0.505921,0.526676,4,0
0.489318,0.502136,0.530704,4,0
0.490294,0.50409,0.530827,4,0
0.489928,0.502991,0.531071,4,0
0.491393,0.499939,0.53278,4,0
0.491637,0.499939,0.532902,4,0
0.491271,0.499939,0.531437,4,0
0.491271,0.49823,0.531681,4,0
0.490416,0.498352,0.531803,4,0
0.490416,0.498108,0.532414,4,0
0.490538,0.497619,0.531559,4,0
0.49066,0.497375,0.531559,4,0
0.49066,0.497009,0.530582,4,0
0.490416,0.496887,0.529972,4,0
0.490416,0.496643,0.529606,4,0
0.49005,0.496643,0.529117,4,0
0.488829,0.495788,0.528019,4,0
0.488707,0.496521,0.527774,4,0
0.488097,0.496887,0.52692,4,0
0.487608,0.497497,0.526065,4,0
0.48651,0.497741,0.525088,4,0
0.485655,0.498718,0.524966,4,0
0.485289,0.49884,0.524722,4,0
0.484434,0.498352,0.523868,4,0
0.481992,0.497497,0.522158,4,0
0.48419,0.498352,0.525455,4,0
0.483335,0.50177,0.52167,4,1
0.484068,0.500549,0.522891,4,0
0.484678,0.50177,0.52106,4,0
0.483457,0.502991,0.519473,4,0
0.483824,0.504212,0.518984,4,0
0.484556,0.505921,0.518496,4,0
0.485533,0.507264,0.518252,4,0
0.48712,0.508241,0.516909,4,0
0.487486,0.510072,0.516054,4,0
0.487608,0.511903,0.514345,4,0
0.487364,0.512636,0.514345,4,0
0.488463,0.513124,0.514101,4,0
0.486998,0.51288,0.51581,4,0
0.486998,0.514467,0.51642,4,0
0.485899,0.514101,0.515688,4,0
0.486387,0.512758,0.519106,4,0
0.485777,0.512025,0.519106,4,0
0.485899,0.512514,0.52167,4,0
0.485045,0.512636,0.522036,4,0
0.486876,0.509706,0.523868,4,0
0.486021,0.50995,0.525088,4,0
0.488341,0.508607,0.524478,4,0
0.489684,0.507874,0.527286,4,0
0.489806,0.507386,0.528263,4,0
0.49066,0.506287,0.528629,4,0
0.490538,0.507142,0.528629,4,0
0.492126,0.504944,0.530216,4,0
0.492736,0.504212,0.530949,4,0
0.492736,0.504822,0.530704,4,0
0.492614,0.503968,0.531315,4,0
0.492614,0.502136,0.531681,4,0
0.49237,0.502014,0.531437,4,0
0.491515,0.501404,0.532414,4,0
0.490783,0.501038,0.531559,4,0
0.491271,0.498962,0.533024,4,0
0.491881,0.49823,0.533024,4,0
0.48944,0.498718,0.531437,4,0
0.489806,0.498596,0.531437,4,0
0.489073,0.497497,0.530094,4,0
0.489073,0.497009,0.529972,4,0
0.488097,0.496521,0.528751,4,0
0.487608,0.497253,0.527896,4,0
0.486632,0.498352,0.526309,4,0
0.485289,0.498596,0.525211,4,0
0.485899,0.499573,0.524478,4,0
0.484922,0.500183,0.523135,4,0
0.485777,0.501282,0.523868,4,0
0.485289,0.503601,0.522281,4,0
0.485777,0.504822,0.522036,4,1
0.486876,0.504212,0.521426,4,0
0.487486,0.504822,0.520571,4,0
0.486754,0.506654,0.520327,4,0
0.486998,0.509095,0.519717,4,0
0.488097,0.50934,0.519351,4,0
0.489318,0.510072,0.518618,4,0
0.488341,0.511415,0.517153,4,0
0.489073,0.512636,0.515688,4,0
0.489073,0.514955,0.515444,4,0
0.488585,0.516176,0.513979,4,0
0.488707,0.5152,0.515566,4,0
0.489073,0.516298,0.514833,4,0
0.48773,0.515932,0.516298,4,0
0.488341,0.51581,0.515688,4,0
0.487242,0.516298,0.518984,4,0
0.487975,0.514589,0.517275,4,0
0.48773,0.513124,0.519961,4,0
0.488341,0.512514,0.522647,4,0
0.490294,0.511415,0.522647,4,0
0.489195,0.508363,0.525943,4,0
0.489806,0.507874,0.526798,4,0
0.489928,0.509584,0.528141,4,0
0.491271,0.507997,0.528873,4,0
0.492614,0.505921,0.530216,4,0
0.492248,0.505799,0.531315,4,0
0.494445,0.505677,0.533146,4,0
0.494323,0.503235,0.534611,4,0
0.494323,0.500794,0.534001,4,0
0.493591,0.501892,0.5351,4,0
0.494567,0.49884,0.5351,4,0
0.493468,0.498352,0.534489,4,0
0.493102,0.497864,0.533879,4,0
0.49237,0.497375,0.533634,4,0
0.492003,0.496032,0.533024,4,0
0.491881,0.495422,0.531193,4,0
0.490416,0.497741,0.529361,4,0
0.489684,0.496154,0.528751,4,0
0.489684,0.495666,0.528141,4,0
0.488463,0.495422,0.527286,4,0
0.486998,0.495788,0.526431,4,0
0.487486,0.496154,0.525699,4,0
0.485899,0.497864,0.524234,4,0
0.485777,0.497375,0.523868,4,0
0.484556,0.497375,0.523013,4,0
0.484434,0.498108,0.522281,4,0
0.484068,0.498718,0.520693,4,0
0.483091,0.497009,0.519473,4,1
0.483091,0.497009,0.518496,4,0
0.484312,0.500305,0.516787,4,0
0.484678,0.50177,0.517153,4,0
0.486021,0.500427,0.51581,4,0
0.485045,0.507386,0.513246,4,0
0.485289,0.508851,0.513857,4,0
0.48419,0.510072,0.512392,4,0
0.484434,0.510438,0.514345,4,0
0.484556,0.51288,0.514711,4,0
0.484556,0.512147,0.514467,4,0
0.485289,0.50934,0.518984,4,0
0.4848,0.511903,0.515444,4,0
0.485045,0.50934,0.519106,4,0
0.485899,0.511293,0.519473,4,0
0.486021,0.509462,0.519717,4,0
0.486632,0.508607,0.523135,4,0
0.48773,0.506654,0.521426,4,0
0.488951,0.504334,0.525577,4,0
0.488097,0.506165,0.527164,4,0
0.48944,0.505921,0.528263,4,0
0.489928,0.504822,0.529606,4,0
0.492003,0.503968,0.531437,4,0
0.493591,0.50177,0.531559,4,0
0.492492,0.502136,0.531315,4,0
0.493102,0.503235,0.533757,4,0
0.493468,0.501648,0.533146,4,0
0.493713,0.499329,0.533024,4,0
0.492858,0.500183,0.532658,4,0
0.492858,0.500794,0.531559,4,0
0.493224,0.49884,0.532292,4,0
0.493468,0.499084,0.532047,4,0
0.493224,0.499206,0.532047,4,0
0.49237,0.499329,0.532292,4,0
0.492248,0.499084,0.531559,4,0
0.493591,0.495788,0.531925,4,0
0.493346,0.495056,0.531803,4,0
0.491027,0.497253,0.529972,4,0
0.491637,0.496032,0.530338,4,0
0.491149,0.497009,0.528751,4,0
0.49066,0.497619,0.528507,4,0
0.490538,0.499084,0.527286,4,0
0.488707,0.497864,0.525943,4,0
0.489073,0.498108,0.526065,4,0
0.487364,0.500061,0.525211,4,0
0.487242,0.500183,0.525333,4,0
0.486632,0.499817,0.524966,4,0
0.486754,0.499939,0.524234,4,0
0.486021,0.500671,0.523746,4,0
0.486265,0.502014,0.522158,4,1
0.484922,0.500549,0.520571,4,0
0.484678,0.502625,0.519595,4,0
0.485777,0.503357,0.518374,4,0
0.4848,0.503235,0.516665,4,0
0.484068,0.504334,0.515566,4,0
0.483946,0.508973,0.514101,4,0
0.48358,0.509462,0.514101,4,0
0.483824,0.512025,0.514101,4,0
0.482969,0.51349,0.513735,4,0
0.483702,0.513246,0.514955,4,0
0.483335,0.512514,0.515322,4,0
0.48419,0.51227,0.514101,4,0
0.483702,0.513368,0.517275,4,0
0.484678,0.511903,0.517275,4,0
0.485045,0.511659,0.518862,4,0
0.485411,0.510682,0.518862,4,0
0.485777,0.510072,0.521792,4,0
0.486265,0.511903,0.522891,4,0
0.486876,0.510438,0.522158,4,0
0.488097,0.508241,0.523868,4,0
0.488341,0.50763,0.524112,4,0
0.489806,0.506409,0.525699,4,0
0.490905,0.505677,0.527774,4,0
0.491149,0.506898,0.527774,4,0
0.491393,0.506532,0.529972,4,0
0.492614,0.505189,0.530949,4,0
0.492003,0.503968,0.531437,4,0
0.49237,0.505311,0.531681,4,0
0.493957,0.503968,0.532292,4,0
0.494079,0.501526,0.532414,4,0
0.494079,0.502869,0.531925,4,0
0.493713,0.501892,0.531315,4,0
0.494567,0.501038,0.531437,4,0
0.493835,0.502259,0.531193,4,0
0.493224,0.501404,0.531437,4,0
0.493713,0.500183,0.532658,4,0
0.493591,0.499817,0.532536,4,0
0.492858,0.499939,0.532658,4,0
0.492248,0.499573,0.532292,4,0
0.491881,0.49823,0.532414,4,0
0.491393,0.498596,0.532292,4,0
0.489318,0.498352,0.531315,4,0
0.48944,0.497131,0.531315,4,0
0.489195,0.497131,0.529728,4,0
0.486998,0.496398,0.527896,4,0
0.486021,0.497375,0.527042,4,0
0.485777,0.498474,0.524478,4,0
0.485045,0.498596,0.522891,4,1
0.484678,0.499817,0.519595,4,0
0.484922,0.500671,0.518252,4,0
0.484556,0.502259,0.516543,4,0
0.4848,0.503113,0.5152,4,0
0.485045,0.505799,0.513124,4,0
0.485533,0.507997,0.511659,4,0
0.48651,0.506776,0.512758,4,0
0.485655,0.51056,0.511537,4,0
0.485289,0.511903,0.513124,4,0
0.48419,0.512636,0.513124,4,0
0.484312,0.510682,0.515566,4,0
0.482359,0.511903,0.516543,4,0
0.480772,0.513368,0.5152,4,0
0.482725,0.512147,0.51874,4,0
0.484312,0.513002,0.517886,4,0
0.484678,0.511781,0.518374,4,0
0.484678,0.510805,0.520816,4,0
0.486265,0.513002,0.518862,4,0
0.488097,0.511415,0.522647,4,0
0.488829,0.51288,0.521914,4,0
0.489684,0.511171,0.521914,4,0
0.490538,0.510438,0.52399,4,0
0.493102,0.510805,0.525088,4,0
0.493957,0.509217,0.528141,4,0
0.49298,0.508729,0.528995,4,0
0.492736,0.508485,0.529239,4,0
0.493957,0.505921,0.531193,4,0
0.494201,0.505311,0.532047,4,0
0.493957,0.505433,0.533512,4,0
0.495178,0.504212,0.532414,4,0
0.493102,0.500549,0.532658,4,0
0.492858,0.501892,0.531437,4,0
0.49237,0.502014,0.530827,4,0
0.493468,0.500794,0.531193,4,0
0.493346,0.502747,0.530582,4,0
0.493102,0.502136,0.530827,4,0
0.493102,0.501404,0.531315,4,0
0.492614,0.501526,0.530827,4,0
0.49237,0.501404,0.530949,4,0
0.492126,0.501404,0.531315,4,0
0.492003,0.501282,0.530949,4,0
0.491271,0.499939,0.531925,4,0
0.49066,0.499329,0.532658,4,0
0.490294,0.500183,0.531315,4,0
0.490538,0.500671,0.529361,4,0
0.489073,0.50116,0.526798,4,0
0.487975,0.503235,0.524844,4,0
0.488829,0.502747,0.52399,4,0
0.487853,0.502747,0.523501,4,1
0.487242,0.50409,0.523013,4,0
0.487486,0.504944,0.522891,4,0
0.486632,0.504944,0.521792,4,0
0.486387,0.506043,0.520571,4,0
0.485533,0.506776,0.519228,4,0
0.486021,0.507752,0.518984,4,0
0.485533,0.507386,0.517641,4,0
0.485533,0.507142,0.517031,4,0
0.484922,0.509584,0.516543,4,0
0.48419,0.512025,0.514711,4,0
0.484434,0.511781,0.515566,4,0
0.48419,0.512025,0.515566,4,0
0.484312,0.51288,0.516176,4,0
0.485289,0.513368,0.516665,4,0
0.485777,0.513368,0.517397,4,0
0.486876,0.513124,0.518008,4,0
0.487242,0.514467,0.518984,4,0
0.487242,0.5152,0.51874,4,0
0.488097,0.514955,0.519717,4,0
0.489195,0.515566,0.521548,4,0
0.490294,0.515322,0.520449,4,0
0.491393,0.512392,0.522891,4,0
0.492003,0.513002,0.522281,4,0
0.49237,0.511415,0.522525,4,0
0.49298,0.510072,0.524356,4,0
0.492858,0.511903,0.526187,4,0
0.493591,0.511415,0.527774,4,0
0.494201,0.509217,0.531193,4,0
0.493957,0.508119,0.532292,4,0
0.494689,0.507264,0.532292,4,0
0.494323,0.505311,0.53278,4,0
0.495544,0.504212,0.533634,4,0
0.495666,0.502747,0.534245,4,0
0.494323,0.503235,0.534855,4,0
0.493346,0.503479,0.534245,4,0
0.493835,0.501404,0.534733,4,0
0.494079,0.500061,0.533512,4,0
0.492858,0.500794,0.532414,4,0
0.491271,0.500427,0.530827,4,0
0.491637,0.500794,0.529728,4,0
0.490783,0.501038,0.528385,4,0
0.489928,0.501404,0.527896,4,0
0.489195,0.500794,0.526309,4,0
0.488341,0.500183,0.526431,4,0
0.487242,0.50177,0.524844,4,0
0.486265,0.500794,0.524234,4,0
0.486021,0.500794,0.523501,4,1
0.483213,0.50177,0.522158,4,0
0.483702,0.50116,0.522158,4,0
0.483946,0.502136,0.52106,4,0
0.484434,0.502625,0.519106,4,0
0.483946,0.502503,0.517763,4,0
0.484922,0.504578,0.51581,4,0
0.485167,0.505433,0.516298,4,0
0.485655,0.507752,0.515322,4,0
0.485777,0.508851,0.516054,4,0
0.485045,0.511171,0.514711,4,0
0.4848,0.512758,0.515078,4,0
0.485289,0.513735,0.515322,4,0
0.485533,0.513857,0.516054,4,0
0.485655,0.515078,0.517519,4,0
0.48651,0.515444,0.517275,4,0
0.486998,0.512147,0.520083,4,0
0.487975,0.511537,0.519717,4,0
0.487853,0.511903,0.52167,4,0
0.488219,0.512636,0.521792,4,0
0.489684,0.510682,0.523013,4,0
0.489318,0.510438,0.523746,4,0
0.489928,0.50934,0.524234,4,0
0.49066,0.509828,0.526065,4,0
0.492248,0.51056,0.526187,4,0
0.493224,0.508973,0.528873,4,0
0.493713,0.509095,0.528629,4,0
0.494323,0.508729,0.53046,4,0
0.49591,0.508851,0.531559,4,0
0.496398,0.508607,0.531681,4,0
0.496521,0.508851,0.531437,4,0
0.496398,0.507997,0.531315,4,0
0.496887,0.507508,0.533024,4,0
0.496765,0.508607,0.531559,4,0
0.496398,0.504822,0.532658,4,0
0.496032,0.506654,0.53278,4,0
0.495666,0.504822,0.532169,4,0
0.49591,0.502991,0.533512,4,0
0.495544,0.505189,0.533268,4,0
0.494811,0.504334,0.532292,4,0
0.493957,0.502991,0.531925,4,0
0.493224,0.502381,0.530949,4,0
0.491759,0.501892,0.529606,4,0
0.490905,0.502014,0.528629,4,0
0.49066,0.501892,0.52753,4,0
0.488707,0.503601,0.526309,4,0
0.485167,0.503235,0.525821,4,0
0.486143,0.50116,0.525577,4,0
0.486265,0.503724,0.523135,4,1
0.486998,0.502503,0.522403,4,0
0.48712,0.501892,0.519839,4,0
0.486632,0.502747,0.518374,4,0
0.486876,0.505067,0.516909,4,0
0.487242,0.50702,0.516054,4,0
0.48712,0.50763,0.514833,4,0
0.487242,0.509095,0.515566,4,0
0.486632,0.51288,0.51581,4,0
0.486998,0.513857,0.516298,4,0
0.48712,0.514589,0.517397,4,0
0.486876,0.514589,0.515444,4,0
0.487486,0.512514,0.51813,4,0
0.487486,0.513368,0.517275,4,0
0.488219,0.512758,0.520327,4,0
0.488341,0.514589,0.519961,4,0
0.488829,0.513613,0.518984,1,0
0.489562,0.511171,0.521304,1,0
0.489806,0.513002,0.518862,1,0
0.490538,0.512147,0.522281,1,0
0.490538,0.513735,0.522647,1,0
0.492126,0.512025,0.523257,1,0
0.49237,0.511293,0.524234,1,0
0.492248,0.510927,0.524966,1,0
0.494323,0.509095,0.526798,1,0
0.4953,0.506532,0.526309,1,0
0.493102,0.502869,0.527164,1,0
0.497009,0.499329,0.531315,1,0
0.50116,0.498474,0.529117,1,0
0.504456,0.495422,0.528507,1,0
0.505677,0.490294,0.527896,1,0
0.504212,0.488097,0.525577,1,0
0.502991,0.489684,0.524966,1,0
0.499939,0.493591,0.523013,1,0
0.499206,0.494079,0.525699,1,0
0.499817,0.492736,0.528507,1,0
0.503235,0.492858,0.528751,1,0
0.506287,0.488707,0.531193,1,0
0.506287,0.489562,0.531681,1,0
0.507386,0.488829,0.532169,1,0
0.509095,0.488219,0.530216,1,0
0.513735,0.471493,0.545721,1,0
0.50934,0.482115,0.534977,1,0
0.507142,0.492858,0.531925,1,0
0.505433,0.49005,0.523379,1,0
0.508363,0.489806,0.527164,1,0
0.510927,0.486754,0.528873,1,0
0.510194,0.491637,0.526676,1,0
0.510316,0.48944,0.525943,1,0
0.510438,0.491393,0.52399,1,0
0.51056,0.492003,0.522769,1,0
0.510194,0.49237,0.522647,1,0
0.513368,0.488585,0.526187,1,0
0.511537,0.489073,0.525577,1,0
0.514223,0.487853,0.527774,1,0
0.511537,0.491393,0.524478,1,0
0.510438,0.492736,0.523013,1,0
0.512636,0.49066,0.524966,1,0
0.512025,0.49237,0.521182,1,0
0.515688,0.49237,0.520816,1,0
0.524844,0.490538,0.522525,1,0
0.524722,0.492858,0.517763,1,0
0.526309,0.49237,0.516298,1,0
0.528629,0.492736,0.521914,1,0
0.525821,0.495422,0.522281,1,0
0.519106,0.494323,0.522158,1,0
0.517397,0.489928,0.525333,1,0
0.514833,0.487853,0.521914,1,0
0.515688,0.486998,0.523135,1,0
0.515322,0.489806,0.521914,1,0
0.514833,0.488829,0.520693,1,0
0.515566,0.487364,0.525211,1,0
0.514345,0.492248,0.526187,1,0
0.516298,0.486876,0.526676,1,0
0.519228,0.487853,0.524478,1,0
0.521426,0.494201,0.523379,1,0
0.521426,0.492126,0.517886,1,0
0.522525,0.485411,0.519961,1,0
0.521426,0.489684,0.523013,1,0
0.519717,0.48712,0.519717,1,0
0.520571,0.48651,0.518984,1,0
0.522525,0.488951,0.519839,1,0
0.521914,0.491637,0.518496,1,0
0.523623,0.492248,0.520449,1,0
0.525333,0.493835,0.521426,1,0
0.523501,0.494811,0.519228,1,0
0.520571,0.495544,0.517031,1,0
0.518496,0.495178,0.520205,1,0
0.516298,0.495544,0.523379,1,0
0.514589,0.495422,0.524966,1,0
0.514467,0.492614,0.526065,1,0
0.515322,0.496398,0.52399,1,0
0.518618,0.494689,0.523135,1,0
0.518496,0.494445,0.522769,1,0
0.520327,0.493102,0.523501,1,0
0.520571,0.495422,0.523623,1,0
0.519228,0.494323,0.523379,1,0
0.518984,0.494445,0.523501,1,0
0.518252,0.495788,0.522281,1,0
0.51581,0.498596,0.520693,1,0
0.515688,0.499939,0.520205,1,0
0.51581,0.497253,0.523501,1,0
0.516909,0.494567,0.526187,1,0
0.518008,0.495788,0.526065,1,0
0.519228,0.496276,0.524844,1,0
0.518984,0.496643,0.52399,1,0
0.519106,0.4953,0.523257,1,0
0.518618,0.495422,0.522281,1,0
0.519228,0.495178,0.523746,1,0
0.523379,0.493468,0.525943,1,0
0.521304,0.493957,0.522281,1,0
0.519961,0.496398,0.521304,1,0
0.519351,0.496643,0.522769,1,0
0.51813,0.496643,0.523623,1,0
0.516787,0.497253,0.523746,1,0
0.515932,0.495056,0.523135,1,0
0.515688,0.493346,0.523379,1,0
0.515688,0.495056,0.526187,1,0
0.516543,0.495544,0.531193,1,0
0.517275,0.493346,0.531193,1,0
0.515444,0.49591,0.527774,1,0
0.514955,0.487853,0.528873,1,0
0.513124,0.484556,0.527286,1,0
0.509584,0.481626,0.522036,1,0
0.506287,0.479062,0.522158,1,0
0.505189,0.475888,0.523379,1,0
0.502503,0.477964,0.520083,1,0
0.499695,0.47894,0.521548,1,0
0.499329,0.479795,0.521548,1,0
0.496276,0.477475,0.519839,1,0
0.493835,0.478574,0.514711,1,0
0.494079,0.472592,0.509828,1,0
0.493102,0.481138,0.503235,1,0
0.493224,0.474545,0.505555,1,0
0.493102,0.475278,0.502503,1,0
0.488829,0.449884,0.491271,1,0
0.490416,0.472104,0.495422,1,0
0.492492,0.475888,0.495788,1,0
0.492126,0.504212,0.502259,1,0
0.494201,0.523257,0.516298,1,0
0.496643,0.49298,0.525821,1,0
0.495544,0.475766,0.52167,1,0
0.49298,0.481138,0.516054,1,0
0.492736,0.476254,0.511171,1,0
0.493468,0.470639,0.508851,1,0
0.496398,0.473691,0.510438,1,0
0.496521,0.474179,0.507264,1,0
0.496154,0.466854,0.502503,1,0
0.494079,0.459773,0.500061,1,0
0.493102,0.459529,0.500916,1,0
0.493346,0.455744,0.502259,1,0
0.493957,0.458186,0.500061,1,0
0.493957,0.464168,0.495788,1,0
0.49591,0.467708,0.497497,1,0
0.500794,0.465999,0.499695,1,0
0.500061,0.466488,0.496887,1,0
0.500183,0.469418,0.492858,1,0
0.499817,0.470761,0.496032,1,0
0.497741,0.469418,0.494567,1,0
0.499206,0.468685,0.496521,1,0
0.500916,0.466976,0.500916,1,0
0.499939,0.471005,0.502381,1,0
0.49823,0.468197,0.498352,1,0
0.497986,0.468319,0.499695,1,0
0.496154,0.472958,0.501404,1,0
0.496643,0.471737,0.500305,1,0
0.496887,0.465999,0.502014,1,0
0.494567,0.466976,0.503235,1,0
0.493835,0.469173,0.499084,1,0
0.494445,0.465755,0.50116,1,0
0.496398,0.466366,0.50409,1,0
0.494323,0.465999,0.498962,1,0
0.494445,0.46368,0.500305,1,0
0.495544,0.461604,0.491149,1,0
0.496032,0.468075,0.499817,1,0
0.496154,0.471737,0.50177,1,0
0.494689,0.471493,0.500794,1,0
0.493957,0.472348,0.499206,1,0
0.492248,0.469906,0.498474,1,0
0.491515,0.470883,0.498596,1,0
0.494323,0.471859,0.5047,1,0
0.493346,0.472348,0.505067,1,0
0.492248,0.471981,0.504578,1,0
0.492614,0.469784,0.506776,1,0
0.493713,0.471127,0.508363,1,0
0.496765,0.471371,0.508851,1,0
0.497986,0.472226,0.507264,1,0
0.49884,0.472836,0.504578,1,0
0.497741,0.478086,0.507752,1,0
0.49823,0.477842,0.505189,1,0
0.498474,0.470028,0.505921,1,0
0.499206,0.467464,0.509706,1,0
0.499573,0.469051,0.505311,1,0
0.500061,0.46136,0.511537,1,0
0.497986,0.467586,0.51288,1,0
0.494201,0.471371,0.5047,1,0
0.497253,0.47833,0.508119,1,0
0.504334,0.473691,0.525943,1,0
0.505677,0.464168,0.527164,1,0
0.501282,0.480039,0.511415,1,0
0.498474,0.4848,0.511171,1,0
0.499695,0.482115,0.516543,1,0
0.505189,0.470516,0.514345,1,0
0.503235,0.472836,0.512147,1,0
0.500305,0.472348,0.512636,1,0
0.501038,0.472958,0.512147,1,0
0.504456,0.462825,0.511293,1,0
0.500916,0.467464,0.5152,1,0
0.499451,0.472592,0.511293,1,0
0.500427,0.472958,0.507508,1,0
0.501526,0.465877,0.50702,1,0
0.500061,0.466976,0.506409,1,0
0.497375,0.472958,0.510682,1,0
0.499451,0.471737,0.512025,1,0
0.500305,0.467586,0.51056,1,0
0.497497,0.474789,0.510072,1,0
0.496887,0.476132,0.510682,1,0
0.498108,0.475034,0.512392,1,0
0.497741,0.47601,0.514711,1,0
0.498718,0.476499,0.511903,1,0
0.498474,0.474301,0.51349,1,0
0.49884,0.470639,0.513124,1,0
0.499695,0.471249,0.50934,1,0
0.497619,0.471493,0.506165,1,0
0.496276,0.468319,0.509217,1,0
0.497253,0.467586,0.512514,1,0
0.498474,0.471981,0.507386,1,0
0.496887,0.471737,0.509217,1,0
0.495788,0.472348,0.510682,1,0
0.498718,0.470761,0.507264,1,0
0.49823,0.470394,0.504822,1,0
0.498474,0.470516,0.503357,1,0
0.499451,0.471981,0.498108,1,0
0.500183,0.462215,0.504334,1,0
0.499939,0.462093,0.50702,1,0
0.499206,0.471249,0.503235,1,0
0.499573,0.471737,0.502136,1,0
0.500183,0.471005,0.502747,1,0
0.500916,0.468929,0.50409,1,0
0.500671,0.467708,0.503724,1,0
0.499817,0.469051,0.502991,1,0
0.499206,0.469418,0.502503,1,0