0.525211,0.484678,0.513857,1,0
0.52692,0.488219,0.513735,1,0
0.526187,0.487853,0.510805,1,0
0.525821,0.484068,0.512025,1,0
0.526431,0.484434,0.514101,1,0
0.528019,0.489195,0.511171,1,0
0.528019,0.487364,0.509584,1,0
0.52692,0.488097,0.51056,1,0
0.526065,0.485899,0.51056,1,0
0.527286,0.486021,0.511781,1,0
0.527774,0.488951,0.510805,1,0
0.52753,0.48712,0.510927,1,0
0.527408,0.487608,0.510194,1,0
0.527652,0.488463,0.509706,1,0
0.527896,0.48773,0.509828,1,0
0.527286,0.487975,0.510438,1,0
0.528019,0.487975,0.510682,1,0
0.528019,0.488097,0.50995,1,0
0.528141,0.487853,0.509584,1,0
0.528141,0.487853,0.509706,1,0
0.528141,0.488585,0.510072,1,0
0.528507,0.488219,0.51056,1,0
0.528019,0.488585,0.50995,1,0
0.528385,0.488951,0.508973,1,0
0.528507,0.488463,0.508851,1,0
0.528263,0.487975,0.510194,1,0
0.528019,0.488219,0.510805,1,0
0.528507,0.488707,0.509462,1,0
0.528263,0.48773,0.509584,1,0
0.527774,0.488829,0.508607,1,0
0.527896,0.488585,0.509462,1,0
0.528263,0.486998,0.510072,1,0
0.527774,0.486998,0.510072,1,0
0.527896,0.487975,0.509462,1,0
0.528263,0.487975,0.510194,1,0
0.52753,0.486876,0.510438,1,0
0.527408,0.487608,0.509828,1,0
0.528263,0.488097,0.510072,1,0
0.527408,0.48712,0.510927,1,0
0.527042,0.486265,0.510682,1,0
0.527774,0.487242,0.510438,1,0
0.52753,0.487853,0.510194,1,0
0.527408,0.486876,0.511293,1,0
0.527042,0.486998,0.511049,1,0
0.527164,0.486998,0.509584,1,0
0.527286,0.486265,0.510927,1,0
0.525211,0.485533,0.51227,1,0
0.527286,0.487486,0.51288,1,0
0.527042,0.488097,0.51056,1,0
0.52753,0.486021,0.51288,1,0
0.527042,0.484312,0.518496,1,0
0.528507,0.480894,0.524234,1,0
0.525699,0.476499,0.520327,1,0
0.534977,0.457087,0.531071,1,0
0.541936,0.452204,0.526798,1,0
0.538884,0.461726,0.528019,1,0
0.527286,0.480283,0.518618,1,0
0.518374,0.4848,0.514711,1,0
0.511171,0.483702,0.513002,1,0
0.506532,0.489562,0.508607,1,0
0.502625,0.493591,0.506287,1,0
0.498962,0.493713,0.505555,1,0
0.497497,0.49237,0.506043,1,0
0.497009,0.489562,0.505677,1,0
0.496887,0.49237,0.504578,1,0
0.496276,0.48944,0.506165,1,0
0.497375,0.485167,0.510805,1,0
0.498108,0.488097,0.510316,1,0
0.497009,0.483091,0.512514,1,0
0.49823,0.479184,0.518496,1,0
0.49823,0.485655,0.51642,1,0
0.501282,0.477597,0.520571,1,0
0.501282,0.477964,0.520327,1,0
0.503357,0.476865,0.523257,1,0
0.504578,0.477231,0.523135,1,0
0.50702,0.471127,0.528751,1,0
0.508485,0.468929,0.534977,1,0
0.508363,0.467586,0.5351,1,0
0.500794,0.463191,0.531925,1,0
0.498352,0.469051,0.528141,1,0
0.498596,0.471005,0.523868,1,0
0.499695,0.472958,0.519595,1,0
0.500671,0.472836,0.517886,1,0
0.502259,0.474301,0.516176,1,0
0.503601,0.476254,0.517519,1,0
0.504212,0.479429,0.518496,1,0
0.505189,0.482725,0.519473,1,0
0.5047,0.484922,0.521182,1,0
0.504212,0.488219,0.522403,1,0
0.502869,0.491271,0.523257,1,0
0.501038,0.491637,0.524356,1,0
0.498962,0.490172,0.524356,1,0
0.497497,0.489318,0.522403,1,0
0.494445,0.485655,0.520816,1,0
0.489073,0.476621,0.518252,1,0
0.49005,0.475156,0.515688,1,0
0.489806,0.469418,0.512147,1,0
0.491393,0.469051,0.511171,1,0
0.492736,0.471493,0.508851,1,0
0.493835,0.474179,0.507874,1,0
0.494689,0.477231,0.506776,1,0
0.495788,0.480039,0.507386,1,0
0.496276,0.48187,0.508607,1,0
0.499451,0.477353,0.516298,1,0
0.500427,0.475888,0.518862,1,0
0.502136,0.474423,0.520083,0,0
0.505067,0.473202,0.520816,0,0
0.507142,0.474667,0.519106,0,0
0.507264,0.47308,0.519473,0,0
0.507508,0.47308,0.518862,0,0
0.50763,0.473324,0.518252,0,0
0.507997,0.474911,0.51813,0,0
0.508485,0.476132,0.517763,0,0
0.50934,0.475156,0.517886,0,0
0.510194,0.4754,0.518252,0,0
0.510682,0.476132,0.517763,0,0
0.512636,0.473324,0.518008,0,0
0.515444,0.474545,0.516909,0,0
0.516787,0.473691,0.51813,0,0
0.516543,0.476377,0.516909,0,0
0.515566,0.477719,0.513613,0,0
0.517519,0.479184,0.513613,1,0
0.516543,0.48065,0.513002,1,0
0.516543,0.480039,0.515444,1,0
0.517763,0.482115,0.515078,1,0
0.517886,0.478086,0.514101,1,0
0.51813,0.476499,0.5152,1,0
0.518252,0.476865,0.515566,1,0
0.518618,0.477597,0.516054,1,0
0.518862,0.47833,0.51581,1,0
0.518618,0.478086,0.515444,1,0
0.51874,0.480527,0.516543,1,0
0.518618,0.480405,0.517519,1,0
0.51874,0.479062,0.515444,1,0
0.520327,0.480894,0.518252,1,0
0.522036,0.482237,0.519595,1,0
0.522158,0.483213,0.51874,1,0
0.522403,0.481626,0.518496,1,0
0.521914,0.486265,0.518984,1,0
0.518496,0.486998,0.518252,1,0
0.514467,0.486632,0.520327,1,0
0.511781,0.485777,0.520938,1,0
0.511781,0.487242,0.52167,1,0
0.512514,0.484312,0.525699,1,0
0.511781,0.486632,0.523746,1,0
0.510682,0.486143,0.524966,1,0
0.50995,0.485777,0.527164,1,0
0.508851,0.487853,0.525455,1,0
0.508485,0.48944,0.523746,1,0
0.509584,0.489318,0.523501,1,0
0.511781,0.489806,0.522525,1,0
0.513124,0.492126,0.518252,1,0
0.515932,0.48773,0.519351,1,0
0.517886,0.488219,0.519717,1,0
0.517763,0.492003,0.518618,1,0
0.51813,0.490294,0.519106,1,0
0.517153,0.489562,0.519595,1,0
0.51642,0.490783,0.519351,1,0
0.516176,0.488585,0.519473,1,0
0.518984,0.487853,0.521792,1,0
0.519961,0.485289,0.522158,1,0
0.519595,0.485411,0.522891,1,0
0.517519,0.484312,0.521426,1,0
0.517641,0.484312,0.522036,1,0
0.516909,0.483335,0.521182,1,0
0.515444,0.485655,0.521304,1,0
0.5152,0.484678,0.519961,1,0
0.516176,0.485533,0.522281,1,0
0.515322,0.485533,0.522525,1,0
0.514955,0.486021,0.522036,1,0
0.5152,0.485411,0.523013,1,0
0.514467,0.48712,0.522036,1,0
0.515566,0.486143,0.522769,1,0
0.51581,0.486143,0.522525,1,0
0.515322,0.486998,0.522647,1,0
0.514589,0.486143,0.523501,1,0
0.514589,0.485411,0.522647,1,0
0.514101,0.486998,0.521548,1,0
0.513002,0.485167,0.523501,1,0
0.512392,0.484922,0.521548,1,0
0.513002,0.484312,0.523013,1,0
0.51288,0.485289,0.522891,1,0
0.513613,0.485289,0.522647,1,0
0.51349,0.485167,0.521792,1,0
0.51349,0.486143,0.522281,1,0
0.513857,0.485777,0.522769,1,0
0.515688,0.484922,0.525211,1,0
0.516665,0.484068,0.523868,1,0
0.517153,0.485411,0.52106,1,0
0.519106,0.486265,0.517886,1,0
0.520205,0.483213,0.519473,1,0
0.522036,0.483702,0.520083,1,0
0.522769,0.483213,0.519595,1,0
0.521548,0.483824,0.517519,1,0
0.520571,0.484556,0.516176,1,0
0.519595,0.486021,0.516054,1,0
0.518496,0.485777,0.515932,1,0
0.517763,0.4848,0.514955,1,0
0.518374,0.483213,0.518252,1,0
0.518374,0.48419,0.51813,1,0
0.51642,0.481138,0.514955,1,0
0.517397,0.476621,0.517519,1,0
0.517153,0.478452,0.521914,1,0
0.515932,0.478452,0.520693,1,0
0.514833,0.48126,0.517763,1,0
0.515322,0.482847,0.521792,1,0
0.513979,0.483824,0.522281,1,0
0.51288,0.484556,0.520327,1,0
0.516054,0.483091,0.521914,1,0
0.516543,0.481626,0.519473,1,0
0.517397,0.484922,0.517153,1,0
0.516787,0.483702,0.514467,1,0
0.519839,0.485045,0.516054,1,0
0.522036,0.486265,0.515688,1,0
0.522403,0.484922,0.514467,1,0
0.523501,0.485777,0.515444,1,0
0.523257,0.486876,0.514833,1,0
0.523013,0.486754,0.513613,1,0
0.5246,0.485167,0.515444,1,0
0.523868,0.485167,0.51581,1,0
0.521182,0.486387,0.514467,1,0
0.521914,0.485045,0.516543,1,0
0.52399,0.484312,0.517519,1,0
0.524234,0.48651,0.515688,1,0
0.525455,0.485655,0.517153,1,0
0.525088,0.485411,0.517397,1,0
0.523623,0.486998,0.516176,1,0
0.523013,0.48773,0.516176,1,0
0.523135,0.487486,0.516543,1,0
0.523501,0.48944,0.515322,1,0
0.524356,0.490538,0.5152,1,0
0.524844,0.489318,0.51642,1,0
0.525333,0.49005,0.514589,1,0
0.527164,0.49005,0.513857,1,0
0.527286,0.48944,0.513979,1,0
0.525699,0.489806,0.514101,1,0
0.524844,0.490783,0.513979,1,0
0.525943,0.489562,0.515078,1,0
0.526065,0.489318,0.515566,1,0
0.526187,0.488463,0.516787,1,0
0.525577,0.488707,0.517397,1,0
0.524966,0.489073,0.517153,1,0
0.525577,0.48944,0.51642,1,0
0.526554,0.489073,0.51581,1,0
0.527042,0.488951,0.515932,1,0
0.527286,0.487608,0.516543,1,0
0.52692,0.488219,0.514955,1,0
0.525821,0.488219,0.51349,1,0
0.525211,0.487853,0.51349,1,0
0.524722,0.487853,0.513124,1,0
0.523868,0.488463,0.511049,1,0
0.524478,0.48712,0.510927,1,0
0.524966,0.488341,0.511659,1,0
0.524356,0.488219,0.511659,1,0
0.524234,0.487486,0.512514,1,0
0.524966,0.488219,0.51056,1,0
0.527164,0.485533,0.51227,1,0
0.52692,0.488341,0.51227,1,0
0.526309,0.485899,0.513124,1,0
0.526187,0.486998,0.513735,1,0
0.525577,0.487486,0.513613,1,0
0.525577,0.487486,0.51288,1,0
0.526676,0.487364,0.51349,1,0
0.526187,0.48712,0.512758,1,0
0.525821,0.48651,0.512636,1,0
0.525699,0.487242,0.511415,1,0
0.525455,0.487364,0.510316,1,0
0.525821,0.486632,0.511171,1,0
0.525821,0.48651,0.510682,1,0
0.527164,0.485899,0.510927,1,0
0.52753,0.486876,0.511049,1,0
0.52692,0.48651,0.511903,1,0
0.526554,0.487242,0.512514,1,0
0.526065,0.488463,0.51288,1,0
0.526431,0.487364,0.513368,1,0
0.526676,0.487486,0.512514,1,0
0.526798,0.486998,0.512025,1,0
0.527408,0.487242,0.511171,1,0
0.527652,0.487975,0.510194,1,0
0.528019,0.487486,0.510438,1,0
0.527774,0.48773,0.51056,1,0
0.527652,0.487364,0.511049,1,0
0.52753,0.487364,0.511415,1,0
0.527408,0.487364,0.511659,1,0
0.52692,0.487486,0.511415,1,0
0.526676,0.487364,0.511171,1,0
0.52692,0.487364,0.511049,1,0
0.52692,0.487853,0.511049,1,0
0.52692,0.487608,0.510805,1,0
0.527042,0.486998,0.511415,1,0
0.527042,0.487242,0.511171,1,0
0.527042,0.487486,0.511293,1,0
0.527042,0.486632,0.511903,1,0
0.526431,0.486876,0.511781,1,0
0.526798,0.487242,0.512025,1,0
0.52692,0.487975,0.51227,1,0
0.526798,0.487853,0.512514,1,0
0.526798,0.487975,0.51227,1,0
0.527408,0.488585,0.511659,1,0
0.527286,0.488463,0.512392,1,0
0.527286,0.487608,0.511781,1,0
0.527408,0.48773,0.511659,1,0
0.527774,0.487242,0.512147,1,0
0.52753,0.48773,0.511537,1,0
0.526676,0.488097,0.511049,1,0
0.526676,0.487975,0.510927,1,0
0.527164,0.488097,0.511171,1,0
0.526676,0.488463,0.511049,1,0
0.527164,0.488463,0.511537,1,0
0.527774,0.488585,0.512025,1,0
0.528141,0.489318,0.511903,1,0
0.527896,0.489806,0.511049,1,0
0.528141,0.489318,0.511171,1,0
0.528019,0.489073,0.511049,1,0
0.527652,0.488707,0.511049,1,0
0.527652,0.488951,0.511049,1,0
0.527408,0.488829,0.511415,1,0
0.52753,0.489195,0.511415,1,0
0.52753,0.48944,0.511537,1,0
0.528019,0.489195,0.511659,1,0
0.527774,0.489562,0.512025,1,0
0.527652,0.489195,0.511903,1,0
0.527652,0.488829,0.512147,1,0
0.527652,0.488829,0.511903,1,0
0.527896,0.488341,0.512147,1,0
0.52753,0.487975,0.512392,1,0
0.527286,0.488097,0.51349,1,0
0.527408,0.488219,0.513368,1,0
0.527164,0.488463,0.51288,1,0
0.526554,0.488707,0.51288,1,0
0.526309,0.487975,0.513124,1,0
0.525699,0.487853,0.512392,1,0
0.525577,0.48773,0.512147,1,0
0.526065,0.487608,0.51227,1,0
0.526187,0.487242,0.512514,1,0
0.525455,0.487242,0.51227,1,0
0.525211,0.487975,0.511903,1,0
0.525088,0.48773,0.512147,1,0
0.525211,0.487242,0.51288,1,0
0.525943,0.487853,0.513002,1,0
0.526065,0.487975,0.513368,1,0
0.526309,0.487364,0.513613,1,0
0.525821,0.487242,0.513613,1,0
0.525577,0.48773,0.513124,1,0
0.526065,0.48712,0.513246,1,0
0.526676,0.488341,0.512147,1,0
0.527408,0.485045,0.513613,1,0
0.52692,0.48712,0.514101,1,0
0.525455,0.486387,0.512758,1,0
0.525088,0.485655,0.513124,1,0
0.524722,0.485899,0.513979,1,0
0.523623,0.486632,0.51227,1,0
0.52399,0.486265,0.511171,1,0
0.525333,0.485045,0.513979,1,0
0.525333,0.486387,0.512758,1,0
0.52692,0.485045,0.5152,1,0
0.524844,0.4848,0.513735,1,0
0.524966,0.487364,0.510805,1,0
0.525943,0.485655,0.515566,1,0
0.525211,0.485533,0.515322,1,0
0.525577,0.486632,0.513857,1,0
0.525943,0.48651,0.516909,1,0
0.524478,0.48773,0.513735,1,0
0.525333,0.482603,0.516054,1,0
0.524478,0.482725,0.517397,1,0
0.526676,0.482237,0.519839,1,0
0.529606,0.478452,0.525577,1,0
0.527164,0.477597,0.52753,1,0
0.526798,0.472104,0.538152,1,0
0.522158,0.473935,0.539128,1,0
0.515444,0.471127,0.539495,1,0
0.511171,0.463802,0.542547,1,0
0.505555,0.468929,0.534367,1,0
0.497986,0.478574,0.525821,1,0
0.491881,0.479429,0.519717,1,0
0.489073,0.480772,0.515932,1,0
0.482725,0.494811,0.500671,1,0
0.468929,0.502259,0.496765,1,0
0.468441,0.499451,0.500061,1,0
0.47247,0.504456,0.492858,1,1
0.470883,0.502381,0.491271,1,0
0.490416,0.491637,0.503479,1,0
0.506776,0.497986,0.50116,1,0
0.520205,0.483335,0.505189,1,0
0.525943,0.47833,0.515322,1,0
0.504456,0.490416,0.500183,1,0
0.498352,0.479917,0.500427,1,0
0.493102,0.474789,0.509095,1,0
0.506776,0.485533,0.513368,1,0
0.487242,0.497375,0.497131,1,0
0.488951,0.489195,0.494323,1,0
0.484922,0.491759,0.491637,1,0
0.470516,0.493835,0.492614,1,0
0.477597,0.505067,0.486021,1,0
0.474179,0.5047,0.492492,1,0
0.489928,0.505677,0.480894,1,0
0.499695,0.480039,0.503846,1,0
0.485045,0.451105,0.522158,1,0
0.493591,0.472714,0.520449,1,0
0.512025,0.463435,0.528629,1,0
0.513735,0.460872,0.518984,1,0
0.512147,0.490294,0.508851,1,0
0.526676,0.473813,0.517397,1,0
0.546453,0.468563,0.517153,1,0
0.566475,0.482603,0.526187,1,0
0.583079,0.493102,0.539495,1,0
0.569283,0.496887,0.525577,1,0
0.554999,0.506776,0.522647,1,0
0.545721,0.500183,0.525699,1,0
0.540715,0.480039,0.525088,1,0
0.534977,0.479429,0.521914,1,0
0.533512,0.482847,0.519961,1,0
0.525333,0.484556,0.521182,1,0
0.518984,0.477597,0.521304,1,0
0.508973,0.472226,0.523257,1,0
0.502136,0.474057,0.528263,1,0
0.49823,0.478818,0.528629,1,0
0.494689,0.475156,0.530338,1,0
0.490416,0.475888,0.526554,1,0
0.48773,0.476865,0.52399,1,0
0.482359,0.474667,0.518496,1,0
0.478086,0.492736,0.506532,1,0
0.472592,0.492248,0.502625,1,0
0.468441,0.499939,0.50177,1,0
0.471981,0.491271,0.50702,1,0
0.476377,0.488829,0.500061,1,0
0.486998,0.49237,0.495178,1,0
0.500305,0.489806,0.499695,1,1
0.514101,0.480405,0.499939,1,0
0.516787,0.480527,0.500794,1,0
0.507752,0.480527,0.5047,1,0
0.499939,0.480161,0.506043,1,0
0.501282,0.48187,0.511293,1,0
0.499695,0.494567,0.50763,1,0
0.487853,0.495666,0.496398,1,0
0.482603,0.494689,0.482603,1,0
0.478208,0.490905,0.499084,1,0
0.479062,0.504456,0.487853,1,0
0.475278,0.505677,0.481626,1,0
0.488951,0.506776,0.488097,1,0
0.497864,0.493835,0.504456,1,0
0.49591,0.478086,0.511903,1,0
0.498108,0.468563,0.506654,1,0
0.524722,0.456355,0.524966,1,0
0.516176,0.450128,0.529239,1,0
0.508851,0.462703,0.514223,1,0
0.521304,0.473446,0.52106,1,0
0.530216,0.453547,0.521426,1,0
0.522647,0.466488,0.517031,1,0
0.531559,0.484556,0.517641,1,0
0.549628,0.481504,0.524112,1,0
0.555976,0.483213,0.531437,1,0
0.550482,0.489806,0.523135,1,0
0.548041,0.500549,0.516665,1,0
0.547552,0.499695,0.517641,1,0
0.543645,0.486876,0.518496,1,0
0.546331,0.483091,0.522036,1,0
0.541692,0.486021,0.513857,1,0
0.539617,0.476987,0.517763,1,0
0.533634,0.475156,0.5246,1,0
0.52399,0.481626,0.51813,1,0
0.516298,0.478452,0.526554,1,0
0.509217,0.469051,0.52985,1,0
0.503968,0.477475,0.528507,1,0
0.499206,0.476621,0.532902,1,0
0.494445,0.478452,0.527042,1,0
0.490416,0.477231,0.52399,1,0
0.485045,0.476132,0.517275,1,0
0.485167,0.479673,0.516665,1,0
0.474545,0.499206,0.498596,1,0
0.474179,0.495544,0.500427,1,0
0.48187,0.490783,0.504456,1,0
0.480405,0.49298,0.494201,1,0
0.487853,0.49005,0.497131,1,0
0.501892,0.488829,0.500549,1,0
0.514467,0.480283,0.504212,1,0
0.507997,0.48358,0.503479,1,1
0.500305,0.480405,0.506165,1,0
0.49298,0.484556,0.506776,1,0
0.490783,0.486754,0.508851,1,0
0.491515,0.488829,0.508851,1,0
0.485777,0.487364,0.510316,1,0
0.485655,0.490172,0.508241,1,0
0.483457,0.488341,0.500671,1,0
0.482603,0.482115,0.495666,1,0
0.471859,0.499695,0.481016,1,0
0.472714,0.507874,0.486998,1,0
0.473935,0.507264,0.491393,1,0
0.472226,0.511171,0.49591,1,0
0.489073,0.506043,0.500427,1,0
0.498596,0.474179,0.516665,1,0
0.501892,0.465267,0.518984,1,0
0.505189,0.474301,0.513613,1,0
0.515444,0.462825,0.519228,1,0
0.505433,0.46368,0.511415,1,0
0.508363,0.472958,0.512147,1,0
0.508851,0.47308,0.516665,1,0
0.511415,0.450861,0.512514,1,0
0.522036,0.470516,0.510194,1,0
0.554755,0.466366,0.528629,1,0
0.568917,0.484434,0.534855,1,0
0.558174,0.494567,0.522158,1,0
0.554389,0.494201,0.519961,1,0
0.542058,0.496276,0.519228,1,0
0.536809,0.488829,0.520816,1,0
0.538884,0.486021,0.519595,1,0
0.534367,0.481992,0.513979,1,0
0.534855,0.477842,0.516176,1,0
0.530949,0.474789,0.520571,1,0
0.526065,0.484068,0.519717,1,0
0.520083,0.479062,0.52167,1,0
0.514101,0.4754,0.528019,1,0
0.509217,0.472836,0.527042,1,0
0.506532,0.469784,0.531559,1,0
0.503724,0.473935,0.53803,1,0
0.501282,0.479673,0.529239,1,0
0.493957,0.474789,0.527164,1,0
0.486021,0.471981,0.521304,1,0
0.482359,0.476865,0.514711,1,0
0.474911,0.489318,0.503479,1,0
0.46722,0.500183,0.496032,1,0
0.473935,0.491637,0.503479,1,0
0.486387,0.483091,0.507264,1,0
0.494201,0.491149,0.497131,1,0
0.511049,0.487486,0.500794,1,1
0.515688,0.48358,0.500305,1,0
0.509584,0.477597,0.499206,1,0
0.503357,0.476499,0.501038,1,0
0.498474,0.479551,0.503235,1,0
0.495056,0.478574,0.507142,1,0
0.498718,0.483457,0.508729,1,0
0.492614,0.485289,0.507386,1,0
0.483335,0.49298,0.501648,1,0
0.485411,0.500549,0.495788,1,0
0.470761,0.492248,0.499329,1,0
0.471493,0.495788,0.494933,1,0
0.468929,0.504334,0.492003,1,0
0.479673,0.507264,0.497009,1,0
0.486387,0.509584,0.502991,1,0
0.493346,0.495178,0.500549,1,0
0.504212,0.465877,0.505555,1,0
0.506776,0.464168,0.514833,1,0
0.510194,0.470883,0.508973,1,0
0.517641,0.462093,0.520693,1,0
0.512636,0.465755,0.520938,1,0
0.519351,0.4754,0.51349,1,0
0.529606,0.467953,0.534123,1,0
0.542058,0.47015,0.528629,1,0
0.549139,0.480405,0.525699,1,0
0.557929,0.480772,0.528751,1,0
0.551337,0.484068,0.5246,1,0
0.546087,0.488463,0.520449,1,0
0.542058,0.489073,0.522036,1,0
0.536931,0.481748,0.520816,1,0
0.537419,0.476987,0.520938,1,0
0.538396,0.477597,0.516665,1,0
0.533146,0.479307,0.517641,1,0
0.524722,0.479307,0.522281,1,0
0.516176,0.476132,0.524722,1,0
0.510805,0.474179,0.524966,1,0
0.503601,0.472104,0.529606,1,0
0.499817,0.475156,0.532658,1,0
0.495788,0.479307,0.523746,1,0
0.489073,0.472836,0.521792,1,0
0.485777,0.471981,0.517763,1,0
0.484312,0.475156,0.512025,1,0
0.481748,0.480894,0.507508,1,0
0.473446,0.488585,0.497009,1,0
0.470516,0.497131,0.497375,1,0
0.476132,0.491515,0.501404,1,0
0.473935,0.496887,0.491271,1,0
0.481382,0.496887,0.494567,1,0
0.492736,0.49298,0.494445,1,1
0.501038,0.489562,0.496398,1,0
0.50995,0.484068,0.501404,1,0
0.512758,0.484556,0.502503,1,0
0.500427,0.477719,0.50177,1,0
0.491637,0.475156,0.504212,1,0
0.499573,0.477964,0.506532,1,0
0.487364,0.495788,0.498352,1,0
0.485045,0.49823,0.490905,1,0
0.473202,0.493102,0.496887,1,0
0.477109,0.496643,0.492736,1,0
0.465633,0.509584,0.486021,1,0
0.467831,0.506165,0.488097,1,0
0.484312,0.51581,0.48651,1,0
0.500061,0.487853,0.492614,1,0
0.501526,0.459285,0.509462,1,0
0.494201,0.470394,0.504334,1,0
0.501648,0.48126,0.50177,1,0
0.517275,0.462459,0.523501,1,0
0.510805,0.459773,0.519351,1,0
0.518252,0.466732,0.515932,1,0
0.551581,0.471615,0.523257,1,0
0.555121,0.478452,0.531315,1,0
0.560737,0.489562,0.525821,1,0
0.554023,0.476621,0.525455,1,0
0.550971,0.477719,0.529606,1,0
0.542058,0.485167,0.525577,1,0
0.537419,0.483091,0.521548,1,0
0.541082,0.482115,0.521304,1,0
0.533634,0.477842,0.519839,1,0
0.525821,0.48065,0.516665,1,0
0.520327,0.473324,0.517763,1,0
0.514223,0.468807,0.527408,1,0
0.507874,0.479062,0.525333,1,0
0.504944,0.473446,0.541326,1,0
0.503235,0.473202,0.536931,1,0
0.493835,0.474667,0.529606,1,0
0.486998,0.473935,0.529972,1,0
0.47894,0.476254,0.525088,1,0
0.472714,0.484678,0.51056,1,0
0.466243,0.494689,0.497375,1,0
0.476132,0.498474,0.499817,1,0
0.490783,0.488585,0.497864,1,0
0.506654,0.483702,0.496521,1,0
0.522525,0.477353,0.49823,1,0
0.525455,0.479917,0.498718,1,0
0.514467,0.479917,0.499329,1,0
0.503968,0.484678,0.501892,1,0
0.485777,0.489684,0.506165,1,1
0.482359,0.495178,0.504822,1,0
0.481382,0.496032,0.50177,1,0
0.47601,0.495544,0.499573,1,0
0.480894,0.499817,0.493713,1,0
0.482237,0.502747,0.49005,1,0
0.475888,0.500061,0.493468,1,0
0.471615,0.496887,0.497986,1,0
0.475034,0.515322,0.48651,1,0
0.483457,0.491393,0.503724,1,0
0.487608,0.475034,0.503357,1,0
0.494567,0.474667,0.508119,1,0
0.495056,0.466488,0.512025,1,0
0.495178,0.48419,0.503479,1,0
0.500671,0.485655,0.497253,1,0
0.509828,0.460139,0.522647,1,0
0.508851,0.476987,0.508363,1,0
0.528873,0.472226,0.509828,1,0
0.554633,0.46722,0.524478,1,0
0.563179,0.473813,0.523868,1,0
0.585765,0.474911,0.534855,1,0
0.563179,0.499451,0.523013,1,0
0.544622,0.511903,0.517397,1,0
0.542669,0.486632,0.51581,1,0
0.53571,0.482237,0.510805,1,0
0.531803,0.489562,0.510805,1,0
0.529484,0.481626,0.514711,1,0
0.525211,0.479551,0.509217,1,0
0.522525,0.471005,0.510194,1,0
0.521792,0.474667,0.520083,1,0
0.518862,0.474789,0.523623,1,0
0.513124,0.474667,0.531925,1,0
0.511903,0.477231,0.529606,1,0
0.506654,0.473202,0.528873,1,0
0.500794,0.471737,0.527774,1,0
0.496887,0.474057,0.525577,1,0
0.492492,0.474789,0.523868,1,0
0.48773,0.471493,0.522281,1,0
0.485167,0.478574,0.514223,1,0
0.484922,0.47894,0.513857,1,0
0.474789,0.489318,0.507142,1,0
0.46954,0.488829,0.505677,1,0
0.477231,0.488097,0.506287,1,0
0.481992,0.488463,0.501282,1,0
0.489073,0.486876,0.499695,1,0
0.50116,0.489562,0.500549,1,0
0.513979,0.487364,0.502381,1,0
0.510682,0.479184,0.502747,1,0
0.502014,0.481992,0.503113,1,0
0.497009,0.489195,0.499695,1,1
0.493713,0.477719,0.507142,1,0
0.499451,0.484312,0.50763,1,0
0.496398,0.483702,0.503479,1,0
0.489684,0.486265,0.510316,1,0
0.483213,0.497497,0.506898,1,0
0.475644,0.503479,0.503357,1,0
0.469296,0.49591,0.488829,1,0
0.46661,0.483213,0.493835,1,0
0.473935,0.49298,0.496276,1,0
0.477719,0.511049,0.488463,1,0
0.486387,0.473813,0.526554,1,0
0.47833,0.473691,0.531437,1,0
0.49005,0.4953,0.508729,1,0
0.501648,0.467953,0.503479,1,0
0.503846,0.462703,0.511781,1,0
0.499206,0.471737,0.513124,1,0
0.504578,0.464656,0.507997,1,0
0.512147,0.470516,0.505067,1,0
0.513857,0.480161,0.506898,1,0
0.522036,0.477842,0.514589,1,0
0.53803,0.455744,0.52167,1,0
0.546698,0.474911,0.516176,1,0
0.559272,0.494811,0.516787,1,0
0.558296,0.497986,0.520571,1,0
0.54975,0.499939,0.519839,1,0
0.544744,0.500061,0.518984,1,0
0.541814,0.488463,0.519106,1,0
0.539128,0.485411,0.515566,1,0
0.538396,0.483824,0.512392,1,0
0.534977,0.482725,0.512636,1,0
0.529484,0.478818,0.516176,1,0
0.521182,0.477475,0.520816,1,0
0.515932,0.477597,0.521426,1,0
0.512758,0.471127,0.524478,1,0
0.505799,0.475766,0.522769,1,0
0.502136,0.473324,0.523868,1,0
0.499939,0.475156,0.526065,1,0
0.496398,0.475888,0.522525,1,0
0.490538,0.473569,0.520571,1,0
0.487853,0.473569,0.517641,1,0
0.483946,0.476621,0.515444,1,0
0.48187,0.482969,0.508729,1,0
0.478452,0.484434,0.502259,1,0
0.475888,0.491027,0.501648,1,0
0.475766,0.489195,0.502136,1,0
0.468929,0.493957,0.499329,1,0
0.474911,0.496887,0.497619,1,0
0.476865,0.497253,0.496765,1,1
0.48419,0.495788,0.502136,1,0
0.493957,0.496765,0.499817,1,0
0.511171,0.48358,0.504944,1,0
0.515932,0.474301,0.511415,1,0
0.498352,0.477109,0.509828,1,0
0.494567,0.483702,0.507752,1,0
0.493468,0.480039,0.509462,1,0
0.49298,0.487486,0.509462,1,0
0.489684,0.494689,0.502136,1,0
0.486265,0.491027,0.496154,1,0
0.480405,0.488463,0.495544,1,0
0.479429,0.489684,0.500183,1,0
0.476987,0.488707,0.498596,1,0
0.470028,0.496765,0.494811,1,0
0.485167,0.500305,0.500549,1,0
0.494689,0.478086,0.519473,2,0
0.490416,0.4848,0.517519,2,0
0.498596,0.469418,0.511537,2,0
0.50763,0.471371,0.520327,2,0
0.512514,0.476865,0.520083,2,0
0.519351,0.457697,0.529117,2,0
0.517763,0.465755,0.52985,2,0
0.518618,0.471737,0.529117,2,0
0.536809,0.470272,0.539128,2,0
0.531193,0.47894,0.532658,2,0
0.522158,0.488097,0.529972,2,0
0.519961,0.481626,0.534367,2,0
0.515688,0.48419,0.531315,2,0
0.512147,0.48944,0.526798,2,0
0.50995,0.49005,0.522769,2,0
0.511293,0.486876,0.52399,2,0
0.51056,0.486876,0.52167,2,0
0.513002,0.480527,0.522036,2,0
0.515322,0.479551,0.522891,2,0
0.515078,0.486998,0.518984,2,0
0.514833,0.486632,0.517275,2,0
0.517886,0.484678,0.519961,2,0
0.519351,0.490294,0.516787,2,0
0.520816,0.489318,0.516787,2,0
0.523501,0.48651,0.522158,2,0
0.523379,0.488951,0.519228,2,0
0.524112,0.490172,0.517641,2,0
0.524112,0.487364,0.519839,2,0
0.521914,0.487975,0.518618,2,0
0.522769,0.489684,0.519595,2,0
0.520327,0.486754,0.518862,2,0
0.518618,0.487975,0.521914,2,0
0.517641,0.490783,0.522158,2,0
0.517153,0.488585,0.522036,2,0
0.517763,0.490294,0.521182,2,0
0.516054,0.488829,0.521914,2,0
0.515078,0.488463,0.524478,2,0
0.516054,0.488463,0.52399,2,0
0.515566,0.486387,0.524112,2,0
0.51581,0.485899,0.525943,2,0
0.514223,0.48773,0.523746,2,0
0.513613,0.487608,0.526187,2,0
0.512636,0.486876,0.5246,2,0
0.512025,0.489928,0.524356,2,0
0.513857,0.486265,0.524478,2,0
0.513735,0.488951,0.523257,2,0
0.513613,0.488341,0.524478,2,0
0.511293,0.486754,0.523868,2,0
0.511415,0.48773,0.522158,2,0
0.51227,0.486754,0.524844,2,0
0.511781,0.483946,0.525699,2,0
0.51288,0.486998,0.523501,2,0
0.51288,0.488951,0.520449,2,0
0.514101,0.486632,0.522403,2,0
0.514223,0.487242,0.521548,2,0
0.51581,0.489684,0.518008,2,0
0.515566,0.486632,0.521304,2,0
0.514955,0.491759,0.518496,2,0
0.515444,0.490538,0.519351,2,0
0.51349,0.489318,0.522525,2,0
0.510927,0.490172,0.524234,2,0
0.512636,0.488829,0.524966,2,0
0.513613,0.489318,0.525943,2,0
0.510805,0.488829,0.523623,2,0
0.511903,0.488463,0.524478,2,0
0.513002,0.486632,0.525943,2,0
0.511781,0.487853,0.523868,2,0
0.512392,0.485045,0.5246,2,0
0.514101,0.484922,0.525699,2,0
0.513979,0.482237,0.52692,2,0
0.513735,0.482603,0.524844,2,0
0.514711,0.485411,0.522769,2,0
0.514223,0.48773,0.520938,2,0
0.515322,0.487486,0.521426,2,0
0.515078,0.486876,0.520571,2,0
0.515078,0.485289,0.52106,2,0
0.515444,0.484068,0.522525,2,0
0.5152,0.484312,0.522158,2,0
0.514833,0.484556,0.521548,2,0
0.514589,0.484678,0.521304,2,0
0.515322,0.484312,0.521182,2,0
0.515322,0.483335,0.52106,2,0
0.515078,0.483457,0.521182,2,0
0.514101,0.483702,0.520938,2,0
0.514467,0.484922,0.52106,2,0
0.514345,0.484068,0.522036,2,0
0.513735,0.48358,0.52106,2,0
0.514589,0.48358,0.52106,2,0
0.514833,0.482969,0.522036,2,0
0.514589,0.484068,0.520693,2,0
0.515444,0.484068,0.520693,2,0
0.515322,0.484068,0.520083,2,0
0.51581,0.484434,0.519595,2,0
0.516909,0.484068,0.52106,2,0
0.517031,0.483091,0.521426,2,0
0.517397,0.484678,0.520693,2,0
0.517763,0.484312,0.519595,2,0
0.519717,0.485655,0.520816,2,0
0.52106,0.482115,0.523501,2,0
0.520816,0.479917,0.522036,2,0
0.520083,0.48187,0.519106,2,0
0.52167,0.486021,0.517763,2,0
0.518862,0.484922,0.516543,2,0
0.518374,0.48651,0.513613,2,0
0.51813,0.486143,0.514833,2,0
0.515688,0.484068,0.517886,2,0
0.516665,0.484922,0.519106,2,0
0.51349,0.48944,0.515566,2,0
0.514345,0.483335,0.518862,2,0
0.51642,0.479429,0.519228,2,0
0.515322,0.482603,0.515444,2,0
0.511903,0.478574,0.519228,2,0
0.513613,0.477964,0.521182,2,0
0.5152,0.482237,0.516909,2,0
0.516787,0.482359,0.519228,2,0
0.517031,0.483091,0.518252,2,0
0.516787,0.484068,0.518008,2,0
0.516176,0.484434,0.517153,2,0
0.517397,0.4848,0.518984,2,0
0.519351,0.487242,0.518618,2,0
0.523379,0.485777,0.520205,2,0
0.523501,0.485899,0.52167,2,0
0.520938,0.486265,0.520449,2,0
0.519351,0.491881,0.517153,2,0
0.520571,0.488341,0.517519,2,0
0.520938,0.490783,0.516543,2,0
0.523501,0.488463,0.518862,2,0
0.524112,0.49066,0.519351,2,0
0.523623,0.490905,0.521548,2,0
0.522403,0.491881,0.52167,2,0
0.522158,0.491515,0.52106,2,0
0.521426,0.488463,0.520327,2,0
0.523257,0.491515,0.515566,2,0
0.52399,0.493346,0.514101,2,0
0.523379,0.491637,0.514589,2,0
0.525455,0.492003,0.516054,2,0
0.525211,0.49237,0.516543,2,0
0.523257,0.493102,0.516543,2,0
0.522036,0.493224,0.515688,2,0
0.523135,0.49298,0.517519,2,0
0.522769,0.490783,0.520571,2,0
0.522403,0.491759,0.521426,2,0
0.521914,0.490538,0.522769,2,0
0.520816,0.488707,0.521792,2,0
0.520083,0.488707,0.524722,2,0
0.518984,0.48944,0.522769,2,0
0.519351,0.489928,0.521304,2,0
0.516909,0.489684,0.52167,2,0
0.516054,0.48712,0.522891,2,0
0.517153,0.487364,0.522158,2,0
0.518008,0.488829,0.520693,2,0
0.518618,0.489073,0.518618,2,0
0.519228,0.486876,0.519473,2,0
0.518984,0.486998,0.519839,2,0
0.518496,0.488097,0.519106,2,0
0.518984,0.486876,0.51874,2,0
0.519228,0.487364,0.519839,2,0
0.518984,0.487853,0.519717,2,0
0.518862,0.487853,0.519961,2,0
0.519228,0.487853,0.51874,2,0
0.519473,0.486876,0.519595,2,0
0.518374,0.486021,0.52106,2,0
0.51813,0.48712,0.520571,2,0
0.517763,0.487242,0.519839,2,0
0.518496,0.48651,0.52106,2,0
0.518252,0.486021,0.519717,2,0
0.51813,0.488097,0.51874,2,0
0.519106,0.485533,0.520327,2,0
0.519351,0.485289,0.519351,2,0
0.519595,0.486876,0.520083,2,0
0.519351,0.484922,0.519595,2,0
0.518496,0.483335,0.519351,2,0
0.519351,0.484312,0.520083,2,0
0.518984,0.484068,0.520449,2,0
0.516909,0.484434,0.520205,2,0
0.516665,0.482725,0.522036,2,0
0.516054,0.483091,0.521426,2,0
0.517275,0.483946,0.519961,2,0
0.516909,0.482847,0.522647,2,0
0.516176,0.48419,0.520938,2,0
0.515566,0.485045,0.521426,2,0
0.514467,0.483457,0.519351,2,0
0.514101,0.482359,0.520816,2,0
0.512392,0.481748,0.519961,2,0
0.51227,0.481626,0.519351,2,0
0.511781,0.48187,0.518496,2,0
0.512025,0.483213,0.519351,2,0
0.512758,0.484068,0.519961,2,0
0.512758,0.486021,0.519839,2,0
0.511903,0.485533,0.519839,2,0
0.511171,0.485655,0.519961,2,0
0.510805,0.486265,0.520938,2,0
0.51056,0.485289,0.519839,2,0
0.511171,0.485655,0.521792,2,0
0.50995,0.485289,0.523135,2,0
0.509217,0.485777,0.523257,2,0
0.508607,0.485533,0.524478,2,0
0.508973,0.484678,0.524356,2,0
0.510072,0.486021,0.524966,2,0
0.509706,0.486021,0.524112,2,0
0.509828,0.486021,0.524356,2,0
0.510682,0.486143,0.523501,2,0
0.511903,0.485655,0.519839,2,0
0.511659,0.482603,0.522891,2,0
0.510682,0.482969,0.523868,2,0
0.510316,0.486632,0.520938,2,0
0.510316,0.485655,0.522158,2,0
0.51056,0.485533,0.524234,2,0
0.510316,0.487975,0.523135,2,0
0.510438,0.486021,0.523746,2,0
0.511415,0.484922,0.52399,2,0
0.51227,0.485777,0.525211,2,0
0.511537,0.485533,0.524722,2,0
0.510927,0.485045,0.524844,2,0
0.511171,0.485777,0.523746,2,0
0.511293,0.48651,0.523746,2,0
0.511781,0.488219,0.523013,2,0
0.512025,0.48773,0.522525,2,0
0.51227,0.486876,0.522891,2,0
0.51227,0.487853,0.522647,2,0
0.512758,0.486876,0.523257,2,0
0.51227,0.486754,0.522281,2,0
0.511903,0.486265,0.523746,2,0
0.508729,0.48651,0.526798,2,0
0.508119,0.485533,0.531315,2,0
0.507874,0.485655,0.536687,2,0
0.505921,0.484556,0.546087,2,0
0.507386,0.486998,0.551459,2,1
0.509095,0.48944,0.548163,2,0
0.509828,0.48651,0.551093,2,0
0.511781,0.489195,0.544134,2,0
0.510316,0.487242,0.537419,2,0
0.510194,0.488097,0.533268,2,0
0.508485,0.488829,0.524966,2,0
0.505433,0.485533,0.518008,2,0
0.503601,0.480772,0.513979,2,0
0.497253,0.478574,0.502136,2,0
0.495666,0.472836,0.503724,2,0
0.494811,0.469173,0.506898,2,0
0.489318,0.473691,0.506776,2,0
0.49066,0.475888,0.512514,2,0
0.492003,0.482115,0.520083,2,0
0.49237,0.488951,0.521426,2,0
0.495178,0.496643,0.523746,2,0
0.494567,0.500671,0.526187,2,0
0.495178,0.504822,0.527164,2,0
0.494689,0.510194,0.526309,2,0
0.492736,0.51056,0.525943,2,0
0.494811,0.512758,0.523623,2,0
0.496032,0.515688,0.522036,2,0
0.497619,0.51349,0.522769,2,0
0.496643,0.517886,0.521426,2,0
0.497009,0.517031,0.520693,2,0
0.499695,0.515688,0.519351,2,0
0.500183,0.514223,0.519351,2,0
0.500183,0.508851,0.519961,2,0
0.499817,0.506654,0.521914,2,0
0.502259,0.503846,0.525211,2,0
0.500916,0.503357,0.525577,2,0
0.502503,0.49823,0.530216,2,0
0.50763,0.496643,0.533512,2,0
0.50763,0.492858,0.532414,2,0
0.513002,0.484922,0.533512,2,0
0.509584,0.483335,0.535588,2,0
0.508607,0.480772,0.534855,2,0
0.515078,0.47833,0.538518,2,0
0.508485,0.479307,0.5351,2,0
0.506898,0.475888,0.537053,2,0
0.508485,0.478818,0.537175,2,0
0.509095,0.481504,0.539617,2,0
0.507997,0.480894,0.542913,2,0
0.507997,0.485533,0.544866,2,0
0.508119,0.487853,0.549261,2,0
0.50763,0.492003,0.550482,2,0
0.509584,0.495178,0.548773,2,0
0.51056,0.497864,0.546331,2,1
0.511415,0.49884,0.540471,2,0
0.511049,0.499329,0.533634,2,0
0.508851,0.492736,0.53046,2,0
0.508241,0.493224,0.523501,2,0
0.503724,0.491881,0.517886,2,0
0.50116,0.492126,0.516543,2,0
0.49823,0.49237,0.512147,2,0
0.496276,0.492126,0.509217,2,0
0.492614,0.48773,0.508607,2,0
0.488585,0.482481,0.507508,2,0
0.488585,0.479795,0.507997,2,0
0.486998,0.475278,0.51227,2,0
0.48773,0.478086,0.516298,2,0
0.490172,0.482969,0.518374,2,0
0.489318,0.48065,0.524234,2,0
0.493591,0.485655,0.524966,2,0
0.497009,0.494079,0.524234,2,0
0.496521,0.494567,0.525211,2,0
0.496643,0.503968,0.527164,2,0
0.495666,0.508363,0.528873,2,0
0.49591,0.511659,0.531193,2,0
0.497741,0.517763,0.529239,2,0
0.4953,0.517153,0.528141,2,0
0.497741,0.521548,0.524356,2,0
0.500061,0.524356,0.520327,2,0
0.496276,0.515566,0.519473,2,0
0.499695,0.516298,0.518374,2,0
0.501648,0.5152,0.519717,2,0
0.500183,0.505311,0.521792,2,0
0.505189,0.508363,0.523868,2,0
0.503357,0.504334,0.527042,2,0
0.503113,0.496887,0.529728,2,0
0.506043,0.496276,0.531193,2,0
0.499573,0.486143,0.530949,2,0
0.509828,0.485655,0.533512,2,0
0.502014,0.483213,0.529117,2,0
0.508973,0.476377,0.536442,2,0
0.506043,0.482725,0.533146,2,0
0.506898,0.479917,0.533268,2,0
0.51227,0.483091,0.534733,2,0
0.505921,0.48187,0.538274,2,0
0.507142,0.482115,0.539739,2,0
0.510194,0.486265,0.542547,2,0
0.508485,0.486387,0.544012,2,0
0.50995,0.487975,0.545965,2,0
0.509462,0.493224,0.545965,2,0
0.509095,0.49237,0.547308,2,0
0.510805,0.498352,0.545477,2,0
0.510682,0.501038,0.54218,2,1
0.510316,0.500061,0.539373,2,0
0.510927,0.502991,0.531925,2,0
0.505067,0.500916,0.527164,2,0
0.502014,0.499573,0.524234,2,0
0.502991,0.503479,0.518496,2,0
0.501648,0.496032,0.515932,2,0
0.499817,0.489318,0.51056,2,0
0.497375,0.487608,0.507997,2,0
0.493468,0.486754,0.508973,2,0
0.49005,0.478818,0.511293,2,0
0.489806,0.479795,0.511781,2,0
0.488585,0.479307,0.514589,2,0
0.487242,0.480405,0.517031,2,0
0.490538,0.485899,0.516787,2,0
0.492003,0.486632,0.521914,2,0
0.492003,0.490538,0.524112,2,0
0.494323,0.496276,0.524844,2,0
0.492492,0.498718,0.525821,2,0
0.492858,0.501038,0.528995,2,0
0.494445,0.505799,0.528141,2,0
0.492614,0.509706,0.528751,2,0
0.49237,0.507264,0.530216,2,0
0.496032,0.51349,0.526554,2,0
0.496398,0.517886,0.525821,2,0
0.495544,0.516787,0.525333,2,0
0.497741,0.515444,0.522281,2,0
0.497619,0.515932,0.522036,2,0
0.497864,0.512147,0.520693,2,0
0.498718,0.512392,0.521304,2,0
0.498718,0.510805,0.523013,2,0
0.499817,0.507874,0.525577,2,0
0.502625,0.506654,0.527408,2,0
0.501282,0.499206,0.528751,2,0
0.506287,0.498962,0.529361,2,0
0.504578,0.492858,0.529972,2,0
0.508119,0.485289,0.534489,2,0
0.507874,0.491759,0.52985,2,0
0.507752,0.479795,0.532169,2,0
0.507997,0.483213,0.534855,2,0
0.505799,0.484312,0.532169,2,0
0.509462,0.476987,0.534245,2,0
0.507142,0.482969,0.534367,2,0
0.506409,0.483213,0.532047,2,0
0.507508,0.484312,0.533634,2,0
0.508363,0.487975,0.534245,2,0
0.507386,0.486754,0.536565,2,0
0.507874,0.489562,0.537785,2,0
0.507386,0.490294,0.540593,2,0
0.506776,0.490294,0.544622,2,1
0.506287,0.492126,0.544012,2,0
0.505799,0.489806,0.544744,2,0
0.505799,0.491393,0.541448,2,0
0.505677,0.492003,0.536687,2,0
0.505311,0.492492,0.532414,2,0
0.504212,0.48944,0.528385,2,0
0.502991,0.491637,0.522525,2,0
0.499817,0.489562,0.516665,2,0
0.497864,0.488219,0.513979,2,0
0.495422,0.487486,0.511293,2,0
0.492126,0.484434,0.509462,2,0
0.490294,0.478086,0.513979,2,0
0.488219,0.481382,0.5152,2,0
0.487486,0.479551,0.515322,2,0
0.490783,0.482481,0.516176,2,0
0.490538,0.489073,0.519228,2,0
0.494445,0.493224,0.520571,2,0
0.494323,0.499817,0.521792,2,0
0.495544,0.501282,0.524844,2,0
0.497741,0.50763,0.528141,2,0
0.497253,0.515566,0.524234,2,0
0.496032,0.514223,0.524722,2,0
0.49591,0.519595,0.5246,2,0
0.496032,0.521548,0.522525,2,0
0.493468,0.517397,0.522647,2,0
0.496398,0.520327,0.523257,2,0
0.497619,0.519228,0.522769,2,0
0.495788,0.50995,0.524112,2,0
0.499451,0.509706,0.524112,2,0
0.497375,0.505921,0.525211,2,0
0.497986,0.501892,0.524722,2,0
0.500183,0.503113,0.526187,2,0
0.500427,0.499817,0.525943,2,0
0.500061,0.497619,0.52985,2,0
0.505311,0.498474,0.52985,2,0
0.503235,0.492003,0.528995,2,0
0.505189,0.49298,0.53278,2,0
0.507142,0.493835,0.526676,2,0
0.506409,0.480894,0.530827,2,0
0.508607,0.483213,0.534977,2,0
0.507386,0.47894,0.531559,2,0
0.51227,0.472226,0.535344,2,0
0.504822,0.477475,0.533268,2,0
0.505189,0.477475,0.536565,2,0
0.507508,0.482237,0.539861,2,0
0.503724,0.480527,0.544988,2,0
0.506043,0.485411,0.545233,2,0
0.50409,0.485167,0.548529,2,1
0.506043,0.485899,0.547918,2,0
0.506043,0.489318,0.542791,2,0
0.506898,0.489684,0.539006,2,0
0.507142,0.49237,0.532902,2,0
0.506776,0.494323,0.526309,2,0
0.503479,0.494689,0.520205,2,0
0.502747,0.492736,0.518862,2,0
0.501038,0.4953,0.513735,2,0
0.496643,0.4953,0.512392,2,0
0.493713,0.493102,0.511659,2,0
0.492736,0.49066,0.509095,2,0
0.488585,0.484312,0.508485,2,0
0.485655,0.476743,0.508973,2,0
0.48651,0.481504,0.511293,2,0
0.486021,0.475278,0.515322,2,0
0.48651,0.474911,0.520571,2,0
0.490172,0.483702,0.522403,2,0
0.491271,0.48419,0.524234,2,0
0.49298,0.486876,0.525699,2,0
0.497131,0.493468,0.525333,2,0
0.496398,0.496154,0.526309,2,0
0.495788,0.501892,0.528263,2,0
0.496398,0.506776,0.528629,2,0
0.496887,0.512392,0.529972,2,0
0.4953,0.513613,0.528995,2,0
0.494811,0.516176,0.527652,2,0
0.494689,0.516543,0.526309,2,0
0.49591,0.515078,0.523746,2,0
0.497375,0.513246,0.521548,2,0
0.496154,0.511903,0.519351,2,0
0.497131,0.504212,0.521914,2,0
0.502381,0.514467,0.522036,2,0
0.502136,0.50995,0.522891,2,0
0.5047,0.500305,0.525455,2,0
0.506776,0.501282,0.525943,2,0
0.505311,0.496276,0.527164,2,0
0.50763,0.484922,0.531071,2,0
0.509706,0.486265,0.534733,2,0
0.505921,0.480039,0.534489,2,0
0.513124,0.476865,0.538884,2,0
0.509217,0.478818,0.538884,2,0
0.50702,0.477719,0.535954,2,0
0.511415,0.479673,0.536442,2,0
0.507508,0.484434,0.534977,2,0
0.507264,0.482115,0.537785,2,0
0.509706,0.48773,0.537419,2,0
0.507752,0.489562,0.541326,2,0
0.508119,0.492003,0.546942,2,1
0.508485,0.494445,0.548529,2,0
0.510194,0.49823,0.548651,2,0
0.510072,0.496643,0.544988,2,0
0.510682,0.497741,0.539495,2,0
0.509706,0.498474,0.532292,2,0
0.507752,0.49237,0.529484,2,0
0.506654,0.496521,0.520327,2,0
0.502625,0.492126,0.518374,2,0
0.501038,0.493713,0.51349,2,0
0.497986,0.493224,0.507386,2,0
0.494567,0.4848,0.508729,2,0
0.49237,0.487608,0.508363,2,0
0.489073,0.483213,0.513857,2,0
0.48651,0.481016,0.518374,2,0
0.488829,0.483091,0.51813,2,0
0.488707,0.48358,0.522281,2,0
0.491271,0.484434,0.524112,2,0
0.493468,0.490538,0.523379,2,0
0.493224,0.488585,0.524112,2,0
0.496765,0.49591,0.523746,2,0
0.498596,0.504456,0.523868,2,0
0.497009,0.505921,0.526798,2,0
0.497986,0.51349,0.526065,2,0
0.497497,0.521792,0.525211,2,0
0.494811,0.515688,0.527652,2,0
0.497864,0.524478,0.524844,2,0
0.497375,0.518374,0.523623,2,0
0.500671,0.512758,0.522891,2,0
0.503968,0.519595,0.520571,2,0
0.501404,0.509095,0.518496,2,0
0.502503,0.512514,0.520938,2,0
0.503724,0.50995,0.523501,2,0
0.502381,0.505189,0.523379,2,0
0.502625,0.500794,0.527652,2,0
0.503968,0.50177,0.528019,2,0
0.508851,0.487242,0.534123,2,0
0.512758,0.484556,0.538274,2,0
0.509706,0.482237,0.535222,2,0
0.514223,0.475522,0.539495,2,0
0.51227,0.479673,0.537297,2,0
0.510194,0.476987,0.538274,2,0
0.510805,0.479673,0.540227,2,0
0.509828,0.484922,0.535954,2,0
0.507997,0.482603,0.535588,2,0
0.50934,0.487608,0.536442,2,0
0.508973,0.489073,0.538396,2,0
0.508851,0.491515,0.541204,2,0
0.508607,0.493713,0.542913,2,0
0.50934,0.490905,0.545965,2,1
0.507874,0.492126,0.545355,2,0
0.507874,0.489684,0.5445,2,0
0.50995,0.492858,0.538396,2,0
0.508973,0.491393,0.531193,2,0
0.508851,0.492858,0.521914,2,0
0.505189,0.492736,0.516298,2,0
0.502014,0.495544,0.512392,2,0
0.499817,0.497497,0.508607,2,0
0.497986,0.48712,0.512392,2,0
0.494323,0.49005,0.510438,2,0
0.492492,0.479184,0.511659,2,0
0.48944,0.479184,0.512025,2,0
0.488097,0.477231,0.515688,2,0
0.488585,0.479551,0.51874,2,0
0.490783,0.481016,0.520816,2,0
0.492736,0.484068,0.522036,2,0
0.493591,0.487242,0.523868,2,0
0.495056,0.492492,0.525699,2,0
0.496521,0.497741,0.526309,2,0
0.49298,0.501038,0.528263,2,0
0.492614,0.505067,0.529484,2,0
0.495056,0.51056,0.527896,2,0
0.493957,0.505799,0.527286,2,0
0.497741,0.512758,0.524356,2,0
0.498352,0.51349,0.521548,2,0
0.496154,0.50763,0.52106,2,0
0.500305,0.513735,0.518862,2,0
0.500305,0.511171,0.519351,2,0
0.500061,0.506165,0.521426,2,0
0.503601,0.508851,0.522158,2,0
0.503846,0.502381,0.523379,2,0
0.505067,0.497131,0.524722,2,0
0.511415,0.495056,0.528751,2,0
0.511659,0.485899,0.529361,2,0
0.511903,0.480161,0.533512,2,0
0.511415,0.4754,0.535344,2,0
0.512147,0.473813,0.535832,2,0
0.510682,0.474545,0.536809,2,0
0.508729,0.474179,0.534733,2,0
0.512392,0.475278,0.5351,2,0
0.508119,0.476621,0.535344,2,0
0.509095,0.479307,0.534733,2,0
0.510194,0.482603,0.533757,2,0
0.510316,0.4848,0.53571,2,0
0.509706,0.486021,0.539128,2,0
0.508973,0.487853,0.541936,2,0
0.506776,0.486876,0.547308,2,0
0.50702,0.491515,0.55329,2,1
0.510927,0.489562,0.548041,2,0
0.513857,0.487364,0.541082,2,0
0.514589,0.486265,0.529606,2,0
0.511171,0.490783,0.518008,2,0
0.505921,0.48944,0.51642,2,0
0.502503,0.492003,0.511659,2,0
0.500549,0.494079,0.505555,2,0
0.496276,0.488829,0.506532,2,0
0.494445,0.485289,0.510194,2,0
0.492248,0.485899,0.505677,2,0
0.490294,0.479184,0.509828,2,0
0.489318,0.476743,0.515444,2,0
0.48944,0.47894,0.517031,2,0
0.492126,0.481016,0.515932,2,0
0.491393,0.482237,0.519839,2,0
0.493835,0.485655,0.521792,2,0
0.49591,0.493224,0.521182,3,0
0.493591,0.493713,0.525455,3,0
0.494445,0.499206,0.527408,3,0
0.494201,0.507142,0.527042,3,0
0.494933,0.507142,0.527164,3,0
0.497986,0.51056,0.525333,3,0
0.497986,0.510927,0.525088,3,0
0.494445,0.509706,0.52399,3,0
0.495788,0.508119,0.52167,3,0
0.496765,0.507997,0.522036,3,0
0.496398,0.504944,0.523257,3,0
0.496643,0.503235,0.523257,3,0
0.494079,0.501404,0.524234,3,0
0.496887,0.499329,0.527286,3,0
0.497986,0.500305,0.529484,3,0
0.497864,0.494079,0.531437,3,0
0.502625,0.493713,0.531803,3,0
0.506043,0.488585,0.531193,3,0
0.509217,0.488707,0.528873,3,0
0.505433,0.489073,0.530704,3,0
0.505433,0.487486,0.534733,3,0
0.506898,0.486998,0.533879,3,0
0.505555,0.483702,0.535466,3,0
0.502869,0.481626,0.53632,3,0
0.500427,0.483091,0.537663,3,0
0.500427,0.48419,0.535344,3,0
0.501526,0.481992,0.533879,3,0
0.506287,0.484312,0.531925,3,0
0.507386,0.486265,0.525211,3,0
0.510438,0.483091,0.524844,3,0
0.513124,0.486754,0.523623,3,0
0.516176,0.489928,0.520083,3,0
0.517641,0.49237,0.516298,3,0
0.52167,0.49066,0.518862,3,0
0.523868,0.492858,0.518008,3,0
0.5246,0.493468,0.518252,3,0
0.525699,0.493835,0.519839,3,0
0.5246,0.493957,0.519473,3,0
0.523623,0.494567,0.521548,3,0
0.521914,0.490172,0.522891,3,0
0.522525,0.492492,0.523379,3,0
0.52167,0.49298,0.522036,3,0
0.519717,0.489073,0.523623,3,0
0.519473,0.49237,0.524844,3,0
0.519839,0.491759,0.522036,3,0
0.516543,0.48712,0.525088,3,0
0.51642,0.489562,0.526309,3,0
0.515688,0.488951,0.523013,3,0
0.516787,0.48944,0.522769,3,0
0.517397,0.488341,0.526554,3,0
0.516909,0.484922,0.525088,3,0
0.517275,0.486021,0.522647,3,0
0.516543,0.488951,0.517886,3,0
0.516787,0.485777,0.518374,3,0
0.517886,0.486754,0.522891,3,0
0.517763,0.486143,0.521426,3,0
0.518984,0.486265,0.521426,3,0
0.518618,0.487242,0.522036,3,0
0.517886,0.487608,0.520327,3,0
0.518618,0.48712,0.522403,3,0
0.518984,0.488219,0.52106,3,0
0.51813,0.489195,0.52106,3,0
0.516543,0.485289,0.521914,3,0
0.515932,0.483457,0.520693,3,0
0.517275,0.481992,0.522891,3,0
0.515688,0.484678,0.519839,3,0
0.514101,0.481626,0.518618,3,0
0.514101,0.480527,0.516665,3,0
0.514223,0.478452,0.518008,3,0
0.511659,0.477231,0.513002,3,0
0.511171,0.478086,0.511415,3,0
0.511903,0.473569,0.511049,3,0
0.511781,0.468197,0.512392,3,0
0.510805,0.471371,0.511537,3,0
0.510682,0.474423,0.510194,3,0
0.509584,0.475644,0.511293,3,0
0.509828,0.480039,0.512025,3,0
0.510316,0.47894,0.513246,3,0
0.50995,0.48065,0.514345,3,0
0.510682,0.484068,0.517275,3,0
0.508485,0.483213,0.518252,3,0
0.508851,0.484312,0.518984,3,0
0.513246,0.482115,0.523135,3,0
0.515322,0.479307,0.524722,3,0
0.514711,0.483702,0.523868,3,0
0.515566,0.486754,0.522158,3,0
0.518008,0.485655,0.522036,3,0
0.520205,0.485777,0.523257,3,0
0.519228,0.486754,0.520571,3,0
0.518984,0.490172,0.520327,3,0
0.518496,0.488341,0.520327,3,0
0.517763,0.488829,0.519473,3,0
0.51813,0.488707,0.520449,3,0
0.517397,0.489806,0.518252,3,0
0.517397,0.49005,0.519717,3,0
0.51813,0.491393,0.518496,3,0
0.519473,0.493468,0.517397,3,0
0.521792,0.483091,0.522647,3,0
0.526187,0.480283,0.531437,3,0
0.520083,0.492492,0.521304,3,0
0.523013,0.485899,0.52167,3,0
0.527042,0.491393,0.519961,3,0
0.526676,0.499573,0.513857,3,0
0.528263,0.491637,0.517397,3,0
0.522891,0.49591,0.517275,3,0
0.523379,0.494201,0.516787,3,0
0.526554,0.495422,0.516665,3,0
0.525088,0.495544,0.518008,3,0
0.523868,0.493591,0.517519,3,0
0.524234,0.495422,0.517153,3,0
0.5246,0.496032,0.51642,3,0
0.524844,0.49237,0.5152,3,0
0.526065,0.494933,0.514711,3,0
0.526065,0.493468,0.516543,3,0
0.524844,0.493346,0.516054,3,0
0.523746,0.494445,0.515322,3,0
0.525577,0.488463,0.517641,3,0
0.52692,0.488829,0.517641,3,0
0.527286,0.497131,0.515444,3,0
0.525577,0.492492,0.516298,3,0
0.526187,0.490538,0.51874,3,0
0.527408,0.494445,0.518862,3,0
0.524844,0.492736,0.517763,3,0
0.52399,0.491027,0.517641,3,0
0.525699,0.493591,0.518008,3,0
0.523868,0.486754,0.516543,3,0
0.523623,0.490294,0.513735,3,0
0.525211,0.492126,0.513979,3,0
0.524844,0.488585,0.514711,3,0
0.524478,0.491027,0.513735,3,0
0.524478,0.489318,0.514101,3,0
0.5246,0.488951,0.5152,3,0
0.5246,0.487975,0.515322,3,0
0.525211,0.487242,0.514955,3,0
0.525333,0.486143,0.516176,3,0
0.524234,0.487364,0.516176,3,0
0.523257,0.487364,0.515322,3,0
0.523623,0.486754,0.5152,3,0
0.524112,0.48712,0.515932,3,0
0.523868,0.48712,0.51581,3,0
0.5246,0.486387,0.514711,3,0
0.524478,0.485899,0.515566,3,0
0.52399,0.486998,0.515566,3,0
0.524234,0.488463,0.515322,3,0
0.523746,0.487242,0.514101,3,0
0.523013,0.481626,0.514101,3,0
0.523746,0.485411,0.516176,3,0
0.523013,0.485899,0.513613,3,0
0.523135,0.48651,0.513735,3,0
0.523501,0.486632,0.514467,3,0
0.523501,0.485899,0.515078,3,0
0.523623,0.48712,0.515688,3,0
0.523623,0.487608,0.515688,3,0
0.523623,0.484678,0.516176,3,0
0.523868,0.486021,0.516909,3,0
0.523746,0.486998,0.516298,3,0
0.523623,0.486754,0.515566,3,0
0.523257,0.48419,0.514955,3,0
0.522647,0.48065,0.514833,3,0
0.523379,0.484678,0.513368,3,0
0.523868,0.485411,0.51288,3,0
0.524478,0.482359,0.515688,3,0
0.523623,0.481504,0.513857,3,0
0.523868,0.480894,0.514467,3,0
0.522647,0.4848,0.515444,3,0
0.520327,0.481504,0.513368,3,0
0.519961,0.484922,0.514345,3,0
0.520816,0.485045,0.514589,3,0
0.520571,0.486998,0.512636,3,0
0.520083,0.48419,0.513735,3,0
0.522525,0.489928,0.512758,3,0
0.525333,0.485411,0.509462,3,0
0.522036,0.476621,0.504456,3,0
0.52167,0.472104,0.504578,3,0
0.522525,0.470028,0.50177,3,0
0.520938,0.465877,0.500305,3,0
0.519228,0.470516,0.498474,3,0
0.519961,0.476865,0.494811,3,0
0.52106,0.473813,0.492248,3,0
0.520083,0.469051,0.491149,3,0
0.519106,0.471981,0.489318,3,0
0.519595,0.473813,0.489318,3,0
0.518984,0.476377,0.485655,3,0
0.51874,0.474911,0.486998,3,0
0.518008,0.475522,0.485655,3,0
0.517886,0.477964,0.481382,3,0
0.517763,0.475522,0.48187,3,0
0.516909,0.475766,0.483946,3,0
0.515444,0.477719,0.482115,3,0
0.514101,0.477964,0.480283,3,0
0.514467,0.478452,0.477231,3,0
0.512025,0.479062,0.480039,3,0
0.510316,0.480039,0.477964,3,0
0.510682,0.479795,0.476987,3,0
0.510316,0.478818,0.477597,3,0
0.509095,0.479673,0.477353,3,0
0.509462,0.478818,0.477597,3,0
0.509584,0.47894,0.477842,3,0
0.509828,0.479673,0.479551,3,0
0.511049,0.480161,0.476865,3,0
0.511781,0.480283,0.477719,3,0
0.511049,0.479795,0.475034,3,0
0.511537,0.47894,0.474423,3,0
0.51056,0.479917,0.475156,3,0
0.510194,0.479307,0.474911,3,0
0.51056,0.479429,0.474423,3,0
0.51056,0.479062,0.474423,3,0
0.510072,0.478574,0.475156,3,0
0.510072,0.479917,0.474545,3,0
0.510194,0.479673,0.474667,3,0
0.510316,0.479429,0.474911,3,0
0.509584,0.479551,0.473446,3,0
0.508973,0.47894,0.474545,3,0
0.508241,0.47833,0.473446,3,0
0.507752,0.476743,0.473569,3,0
0.507752,0.478696,0.474545,3,0
0.507752,0.479307,0.474423,3,0
0.507264,0.480405,0.475034,3,0
0.507386,0.48065,0.474911,3,0
0.505677,0.479551,0.474423,3,0
0.501892,0.477231,0.474057,3,0
0.500061,0.475644,0.473446,3,0
0.497864,0.469418,0.474179,3,0
0.493224,0.460383,0.475034,3,0
0.487364,0.468197,0.472592,3,0
0.485777,0.473324,0.476865,3,0
0.48126,0.448541,0.486265,3,0
0.477353,0.448297,0.485533,3,1
0.476132,0.461604,0.486143,3,0
0.470028,0.463924,0.495788,3,0
0.467342,0.474545,0.500427,3,0
0.470028,0.484312,0.500305,3,0
0.476987,0.49823,0.502625,3,0
0.482603,0.505067,0.508851,3,0
0.488463,0.491759,0.512392,3,0
0.508119,0.487975,0.517275,3,0
0.534977,0.511781,0.523013,3,0
0.546331,0.505433,0.5351,3,0
0.524478,0.478574,0.527774,3,0
0.497864,0.504944,0.519839,3,0
0.499329,0.496032,0.522525,3,0
0.497864,0.490172,0.525455,3,0
0.504334,0.498596,0.523135,3,0
0.49884,0.503601,0.5246,3,0
0.501892,0.502381,0.522403,3,0
0.501892,0.502014,0.522891,3,0
0.502869,0.495788,0.522891,3,0
0.510072,0.504822,0.516909,3,0
0.500549,0.482237,0.508973,3,0
0.499573,0.467953,0.514589,3,0
0.505799,0.477719,0.508973,3,0
0.488463,0.466732,0.500916,3,0
0.503601,0.47247,0.503601,3,0
0.502625,0.474301,0.492858,3,0
0.48419,0.46954,0.487853,3,0
0.497497,0.47247,0.484434,3,0
0.492614,0.476621,0.482969,3,0
0.488829,0.471493,0.485045,3,0
0.495666,0.473202,0.48419,3,0
0.487608,0.463435,0.472836,3,0
0.486143,0.468441,0.467953,3,0
0.483946,0.471005,0.466121,3,0
0.482603,0.468685,0.471981,3,0
0.476987,0.467098,0.474179,3,0
0.479184,0.467586,0.474179,3,0
0.484312,0.46954,0.477964,3,0
0.483335,0.47308,0.478574,3,0
0.482237,0.472592,0.476132,3,0
0.482725,0.467342,0.472226,3,0
0.483702,0.461482,0.472958,3,0
0.481016,0.450983,0.470639,3,0
0.476254,0.454035,0.472714,3,0
0.473446,0.447931,0.474789,3,0
0.477842,0.446099,0.476254,3,0
0.480405,0.460872,0.480894,3,0
0.476377,0.463069,0.491271,3,1
0.481748,0.481992,0.499329,3,0
0.478086,0.482603,0.502625,3,0
0.476743,0.479673,0.510682,3,0
0.484312,0.48944,0.507142,3,0
0.496765,0.493102,0.508851,3,0
0.519228,0.496398,0.519106,3,0
0.534367,0.504944,0.521304,3,0
0.533268,0.500061,0.524722,3,0
0.511415,0.501038,0.520083,3,0
0.500916,0.504578,0.516543,3,0
0.498474,0.493468,0.522158,3,0
0.503724,0.496643,0.52167,3,0
0.500183,0.497986,0.521304,3,0
0.500671,0.506409,0.522647,3,0
0.498962,0.490783,0.522769,3,0
0.504334,0.486265,0.5246,3,0
0.505189,0.493957,0.515932,3,0
0.497009,0.472348,0.508851,3,0
0.50995,0.466976,0.513979,3,0
0.495544,0.472592,0.500183,3,0
0.488829,0.465877,0.494323,3,0
0.496032,0.471493,0.495178,3,0
0.486754,0.476254,0.493835,3,0
0.485167,0.476254,0.489318,3,0
0.492736,0.470639,0.48187,3,0
0.485045,0.466121,0.488951,3,0
0.488707,0.478452,0.484434,3,0
0.492003,0.46954,0.475156,3,0
0.488463,0.466854,0.477964,3,0
0.489073,0.477597,0.475156,3,0
0.489195,0.467708,0.470028,3,0
0.490783,0.471371,0.474911,3,0
0.48773,0.472226,0.471005,3,0
0.486021,0.46954,0.476132,3,0
0.483824,0.472836,0.475034,3,0
0.480283,0.472226,0.476254,3,0
0.476377,0.471005,0.476132,3,0
0.475766,0.470394,0.479062,3,0
0.478818,0.46954,0.476743,3,0
0.480894,0.468685,0.473446,3,0
0.48126,0.467342,0.473935,3,0
0.479307,0.463924,0.473569,3,0
0.476132,0.467953,0.475644,3,0
0.472226,0.463191,0.48065,3,0
0.474545,0.462581,0.487975,3,0
0.472836,0.460505,0.490905,3,0
0.471615,0.459773,0.496765,3,0
0.477353,0.480405,0.503479,3,0
0.482115,0.484678,0.511781,3,1
0.4848,0.477109,0.517397,3,0
0.493102,0.484556,0.524112,3,0
0.502991,0.502136,0.51581,3,0
0.527286,0.48712,0.521426,3,0
0.534733,0.498108,0.521426,3,0
0.513124,0.507264,0.514101,3,0
0.512392,0.498962,0.522891,3,0
0.504944,0.506043,0.517153,3,0
0.501526,0.502869,0.522525,3,0
0.501648,0.507142,0.520816,3,0
0.499329,0.500671,0.525088,3,0
0.499451,0.503846,0.525211,3,0
0.501282,0.500427,0.526187,3,0
0.50116,0.498962,0.525088,3,0
0.502991,0.500183,0.524112,3,0
0.505555,0.496643,0.520816,3,0
0.506654,0.488219,0.517153,3,0
0.502747,0.477475,0.512025,3,0
0.506409,0.47308,0.500427,3,0
0.492614,0.462337,0.488585,3,0
0.500549,0.466732,0.499084,3,0
0.491759,0.474911,0.48773,3,0
0.482847,0.473324,0.483457,3,0
0.49237,0.471005,0.488463,3,0
0.486387,0.47833,0.478818,3,0
0.475888,0.465511,0.481626,3,0
0.482481,0.470394,0.481504,3,0
0.487975,0.458796,0.477231,3,0
0.495178,0.469784,0.4754,3,0
0.496765,0.470028,0.47308,3,0
0.496521,0.468563,0.476254,3,0
0.497497,0.46722,0.474179,3,0
0.496276,0.471493,0.478208,3,0
0.489928,0.468929,0.477353,3,0
0.48419,0.470761,0.478818,3,0
0.479062,0.474179,0.481382,3,0
0.48065,0.472836,0.47894,3,0
0.486021,0.471859,0.474301,3,0
0.48651,0.467708,0.474911,3,0
0.4848,0.462703,0.475766,3,0
0.483335,0.459773,0.473813,3,0
0.48187,0.463069,0.4754,3,0
0.483213,0.454279,0.483213,3,0
0.48126,0.452936,0.478086,3,0
0.484312,0.460261,0.474301,3,0
0.48651,0.467831,0.493835,3,0
0.480039,0.469173,0.497864,3,0
0.481992,0.472348,0.503357,3,0
0.479795,0.481626,0.507142,3,1
0.482359,0.48419,0.514223,3,0
0.491759,0.490416,0.516298,3,0
0.506654,0.497375,0.518496,3,0
0.527408,0.504456,0.523013,3,0
0.528873,0.500671,0.522036,3,0
0.5152,0.491393,0.518618,3,0
0.501892,0.509095,0.51288,3,0
0.499573,0.497009,0.522525,3,0
0.500794,0.498108,0.523501,3,0
0.500671,0.499206,0.523379,3,0
0.501648,0.498474,0.522158,3,0
0.498962,0.49298,0.526431,3,0
0.502014,0.496032,0.528019,3,0
0.505677,0.500305,0.520571,3,0
0.501526,0.489195,0.5246,3,0
0.511171,0.485533,0.529606,3,0
0.509584,0.491515,0.520938,3,0
0.4953,0.488097,0.517153,3,0
0.505799,0.484434,0.520938,3,0
0.490538,0.477231,0.502747,3,0
0.488219,0.476499,0.500061,3,0
0.498474,0.474545,0.497741,3,0
0.485777,0.469173,0.481504,3,0
0.485899,0.467464,0.482481,3,0
0.492126,0.476132,0.478574,3,0
0.486021,0.470639,0.473324,3,0
0.491271,0.473324,0.477109,3,0
0.488951,0.468685,0.47308,3,0
0.484312,0.467098,0.472104,3,0
0.482359,0.462093,0.475644,3,0
0.478818,0.465877,0.476254,3,0
0.478452,0.468807,0.477597,3,0
0.480405,0.469173,0.479795,3,0
0.484068,0.474911,0.480894,3,0
0.487853,0.478818,0.473202,3,0
0.49591,0.477475,0.474545,3,0
0.495544,0.476377,0.473813,3,0
0.489073,0.473935,0.473691,3,0
0.48419,0.469784,0.473813,3,0
0.482237,0.464412,0.476865,3,0
0.479673,0.460383,0.478086,3,0
0.477597,0.456965,0.471615,3,0
0.478818,0.461482,0.482603,3,0
0.477842,0.450617,0.483213,3,0
0.482603,0.457331,0.476865,3,0
0.485411,0.466488,0.484556,3,0
0.486754,0.474179,0.494445,3,0
0.485289,0.474301,0.503601,3,1
0.486265,0.476377,0.511659,3,0
0.487486,0.49066,0.507386,3,0
0.491393,0.505799,0.518984,3,0
0.497253,0.503724,0.516298,3,0
0.508485,0.501892,0.516054,3,0
0.516298,0.499206,0.522769,3,0
0.519839,0.503357,0.529117,3,0
0.516176,0.494811,0.52692,3,0
0.506654,0.496032,0.520083,3,0
0.501526,0.498352,0.520938,3,0
0.499939,0.491393,0.52692,3,0
0.501648,0.498108,0.523623,3,0
0.500305,0.501282,0.524356,3,0
0.503968,0.501892,0.527774,3,0
0.504944,0.499451,0.528629,3,0
0.505677,0.499084,0.525577,3,0
0.510927,0.497375,0.521914,3,0
0.505189,0.492492,0.522281,3,0
0.508607,0.485655,0.525455,3,0
0.501648,0.486876,0.513613,3,0
0.489928,0.481382,0.5047,3,0
0.498474,0.478574,0.504456,3,0
0.483457,0.473691,0.48773,3,0
0.484556,0.465267,0.493835,3,0
0.49298,0.480527,0.484068,3,0
0.480039,0.469173,0.479429,3,0
0.484678,0.476254,0.477597,3,0
0.491881,0.47308,0.472958,3,0
0.494201,0.466121,0.472226,3,0
0.491149,0.470761,0.468441,3,0
0.4848,0.467342,0.471859,3,0
0.482237,0.462947,0.471859,3,0
0.483335,0.463191,0.4754,3,0
0.481504,0.465633,0.476987,3,0
0.482725,0.466366,0.476499,3,0
0.487975,0.466121,0.476132,3,0
0.492126,0.465755,0.473202,3,0
0.492614,0.468319,0.47247,3,0
0.490416,0.465999,0.472958,3,0
0.488707,0.46197,0.473446,3,0
0.486754,0.463802,0.47601,3,0
0.484312,0.454645,0.48065,3,0
0.484434,0.45611,0.485533,3,0
0.484068,0.462581,0.489684,3,0
0.48187,0.46661,0.491271,3,0
0.48065,0.471737,0.495788,3,0
0.476987,0.483824,0.496643,3,0
0.479307,0.488341,0.508607,3,1
0.486387,0.489318,0.511293,3,0
0.492248,0.489195,0.515078,3,0
0.509462,0.486021,0.523623,3,0
0.520816,0.504456,0.517886,3,0
0.516543,0.491149,0.525211,3,0
0.51349,0.494811,0.524234,3,0
0.507997,0.499695,0.521426,3,0
0.509828,0.497986,0.526676,3,0
0.502503,0.498108,0.523868,3,0
0.502259,0.494933,0.524478,3,0
0.503601,0.499084,0.522769,3,0
0.503479,0.493713,0.527164,3,0
0.503601,0.49884,0.526187,3,0
0.500916,0.495056,0.526431,3,0
0.506409,0.493468,0.528629,3,0
0.513124,0.499817,0.527042,3,0
0.502747,0.49005,0.524844,3,0
0.508363,0.48651,0.530094,3,0
0.510072,0.489684,0.525455,3,0
0.497009,0.488707,0.511049,3,0
0.502991,0.479184,0.514223,3,0
0.500916,0.479551,0.504822,3,0
0.494567,0.471615,0.491515,3,0
0.499451,0.476254,0.489195,3,0
0.502991,0.47601,0.484434,3,0
0.49823,0.462459,0.485045,3,0
0.499206,0.469051,0.483213,3,0
0.498596,0.46954,0.471615,3,0
0.492614,0.466732,0.465267,3,0
0.480283,0.454157,0.473691,3,0
0.481138,0.44964,0.481626,3,0
0.486876,0.458308,0.477842,3,0
0.489318,0.462093,0.470516,3,0
0.494079,0.465267,0.471859,3,0
0.495666,0.463802,0.471249,3,0
0.497864,0.465633,0.473446,3,0
0.498352,0.46429,0.47601,3,0
0.498718,0.462337,0.477109,3,0
0.498596,0.461238,0.477231,3,0
0.496887,0.45904,0.478574,3,0
0.493591,0.458918,0.478208,3,0
0.493102,0.464656,0.47894,3,0
0.493591,0.463435,0.482603,3,0
0.491759,0.466976,0.48712,3,0
0.490172,0.476377,0.483213,3,0
0.489195,0.472836,0.491271,3,0
0.492126,0.46722,0.503235,3,0
0.491149,0.473446,0.501526,3,0
0.489684,0.474057,0.506654,3,1
0.493224,0.478818,0.513246,3,0
0.497497,0.484068,0.514955,3,0
0.501282,0.492492,0.518496,3,0
0.510927,0.508607,0.522036,3,0
0.523623,0.508729,0.525088,3,0
0.518984,0.497864,0.521914,3,0
0.505677,0.505067,0.513735,3,0
0.499573,0.501282,0.519595,3,0
0.498352,0.493835,0.523623,3,0
0.499329,0.492614,0.52692,3,0
0.500794,0.500549,0.527774,3,0
0.500794,0.503235,0.526676,3,0
0.50116,0.497619,0.528385,3,0
0.504944,0.497131,0.529361,3,0
0.507264,0.496643,0.526554,3,0
0.504578,0.491637,0.521426,3,0
0.506409,0.481992,0.517519,3,0
0.505677,0.482359,0.515688,3,0
0.501038,0.483702,0.515078,3,0
0.4953,0.477597,0.50995,3,0
0.493468,0.478574,0.501404,3,0
0.494811,0.471493,0.501648,3,0
0.493591,0.474911,0.49298,3,0
0.493224,0.468197,0.486754,3,0
0.494079,0.470516,0.478574,3,0
0.491393,0.46722,0.477353,3,0
0.490416,0.470394,0.476743,3,0
0.489073,0.458064,0.479184,3,0
0.49298,0.454767,0.482847,3,0
0.497741,0.459407,0.479062,3,0
0.493957,0.464778,0.476377,3,0
0.491149,0.465877,0.474911,3,0
0.492126,0.464046,0.472714,3,0
0.490538,0.465389,0.471981,3,0
0.496521,0.46661,0.472958,3,0
0.500061,0.467953,0.471615,3,0
0.49823,0.465755,0.475522,3,0
0.496032,0.464656,0.475034,3,0
0.493713,0.461116,0.476621,3,0
0.489806,0.459651,0.475522,3,0
0.487975,0.45611,0.472592,3,0
0.49066,0.457087,0.478208,3,0
0.49005,0.461482,0.484922,3,0
0.483213,0.466854,0.487242,3,0
0.482725,0.473569,0.488097,3,0
0.48712,0.485045,0.494445,3,0
0.483702,0.477597,0.500549,3,0
0.487975,0.468929,0.507264,3,0
0.494567,0.472592,0.502381,3,1
0.501526,0.477475,0.503113,3,0
0.512758,0.478818,0.507874,3,0
0.522647,0.493224,0.515566,3,0
0.522769,0.509706,0.522525,3,0
0.511781,0.511049,0.509462,3,0
0.500305,0.500305,0.51642,3,0
0.499206,0.496398,0.525699,3,0
0.498962,0.492492,0.528263,3,0
0.500183,0.493835,0.52753,3,0
0.501404,0.499573,0.528507,3,0
0.500916,0.502014,0.526676,3,0
0.500916,0.495178,0.527042,3,0
0.507142,0.498718,0.524966,3,0
0.496887,0.496643,0.51581,3,0
0.497497,0.485289,0.524478,3,0
0.492492,0.489562,0.518984,4,0
0.482237,0.489195,0.512636,4,0
0.489073,0.488219,0.520205,4,0
0.486632,0.492003,0.51581,4,0
0.485045,0.481504,0.514467,4,0
0.488585,0.479307,0.522158,4,0
0.491271,0.483946,0.522647,4,0
0.493468,0.481382,0.523868,4,0
0.497619,0.479184,0.527164,4,0
0.500794,0.482725,0.526554,4,0
0.502503,0.485167,0.527896,4,0
0.506287,0.481382,0.52753,4,0
0.508119,0.484434,0.527896,4,0
0.510682,0.486387,0.528019,4,0
0.512758,0.487975,0.527652,4,0
0.514589,0.487242,0.528019,4,0
0.515078,0.488219,0.527164,4,0
0.515444,0.491393,0.525943,4,0
0.516665,0.488951,0.526309,4,0
0.517153,0.49005,0.525333,4,0
0.517397,0.489562,0.524356,4,0
0.515566,0.489562,0.524112,4,0
0.515322,0.490416,0.523257,4,0
0.516298,0.487975,0.522158,4,0
0.520205,0.488951,0.523868,4,0
0.520327,0.48944,0.522647,4,0
0.520083,0.491027,0.522891,4,0
0.518984,0.488707,0.523135,4,0
0.517275,0.487364,0.526065,4,0
0.515566,0.488341,0.523868,4,0
0.515322,0.488829,0.523746,4,0
0.51642,0.488219,0.524356,4,0
0.515322,0.485533,0.524966,4,0
0.514467,0.488463,0.525088,4,0
0.514345,0.488097,0.522647,4,0
0.514223,0.488097,0.523257,4,0
0.51349,0.488707,0.524356,4,0
0.513613,0.487853,0.523501,4,0
0.513368,0.487242,0.522525,4,0
0.513613,0.486754,0.523257,4,0
0.514467,0.489806,0.522647,4,0
0.514833,0.486143,0.523379,4,0
0.516298,0.482847,0.527652,4,0
0.516665,0.485411,0.522403,4,0
0.516054,0.493591,0.518618,4,0
0.515932,0.486998,0.514223,4,0
0.517519,0.481748,0.520816,4,0
0.518984,0.485533,0.529728,4,0
0.51813,0.487975,0.523868,4,0
0.516054,0.486754,0.519839,4,0
0.517031,0.485777,0.520205,4,0
0.520693,0.488829,0.520449,4,0
0.519228,0.491637,0.515566,4,0
0.517519,0.485655,0.522525,4,0
0.51642,0.489928,0.520449,4,0
0.516787,0.487364,0.5152,4,0
0.517031,0.484678,0.521792,4,0
0.514223,0.485045,0.519106,4,0
0.514711,0.4848,0.520327,4,0
0.514711,0.48419,0.524234,4,0
0.512758,0.479673,0.523379,4,0
0.51227,0.481016,0.523013,4,0
0.514101,0.481016,0.524844,4,0
0.515566,0.475278,0.527164,4,0
0.515078,0.47833,0.522403,4,0
0.515566,0.480405,0.521548,4,0
0.514223,0.479795,0.520571,4,0
0.512758,0.480039,0.517519,4,0
0.51349,0.48065,0.519473,4,0
0.513613,0.482359,0.519351,4,0
0.513368,0.483213,0.517031,4,0
0.515078,0.482603,0.51813,4,0
0.516054,0.482359,0.517886,4,0
0.517641,0.482115,0.516665,4,0
0.51874,0.48187,0.516665,4,0
0.519839,0.483091,0.516176,4,0
0.520083,0.481138,0.5152,4,0
0.52106,0.4848,0.51642,4,0
0.521426,0.485411,0.517519,4,0
0.521182,0.485777,0.517641,4,0
0.520693,0.485533,0.517519,4,0
0.519961,0.486754,0.516298,4,0
0.520205,0.487853,0.516665,4,0
0.519961,0.483946,0.516298,4,0
0.520083,0.484434,0.516054,4,0
0.520327,0.484922,0.516909,4,0
0.520327,0.484678,0.51813,4,0
0.520693,0.4848,0.518374,4,0
0.520205,0.485045,0.516543,4,0
0.521182,0.486021,0.517519,4,0
0.520816,0.484922,0.517763,4,0
0.520571,0.485411,0.517397,4,0
0.520571,0.485411,0.516543,4,0
0.520571,0.485289,0.517519,4,0
0.520327,0.484922,0.516665,4,0
0.520449,0.485411,0.516665,4,0
0.520571,0.483824,0.517153,4,0
0.520449,0.484068,0.516543,4,0
0.520938,0.484068,0.516543,4,0
0.520693,0.483946,0.51642,4,0
0.520816,0.483824,0.516298,4,0
0.520571,0.48419,0.516176,4,0
0.520693,0.484068,0.516176,4,0
0.520816,0.484068,0.516176,4,0
0.520816,0.484068,0.516298,4,0
0.520571,0.4848,0.515566,4,0
0.521548,0.484556,0.516176,4,0
0.52167,0.484556,0.516176,4,0
0.522281,0.484556,0.51642,4,0
0.522769,0.484678,0.516054,4,0
0.522158,0.484556,0.51581,4,0
0.522036,0.485289,0.516054,4,0
0.522769,0.485411,0.515932,4,0
0.523379,0.484922,0.515932,4,0
0.523501,0.484678,0.516543,4,0
0.522525,0.485899,0.516054,4,0
0.522281,0.485655,0.516176,4,0
0.523013,0.485045,0.516054,4,0
0.52399,0.485045,0.51642,4,0
0.523868,0.485411,0.515688,4,0
0.523501,0.485411,0.51581,4,0
0.522647,0.484922,0.51581,4,0
0.522525,0.486143,0.516176,4,0
0.52167,0.486143,0.515688,4,0
0.521426,0.486265,0.51642,4,0
0.520693,0.486876,0.51642,4,0
0.520938,0.486998,0.51642,4,0
0.521426,0.48651,0.519351,4,0
0.52167,0.489318,0.521792,4,0
0.519961,0.490416,0.519228,4,0
0.518984,0.49237,0.517641,4,0
0.520816,0.488341,0.522036,4,0
0.520816,0.486021,0.521792,4,0
0.520816,0.485655,0.520816,4,0
0.520449,0.486387,0.518862,4,0
0.520205,0.485655,0.517641,4,0
0.520449,0.486998,0.517031,4,0
0.520205,0.486998,0.516176,4,0
0.519839,0.48712,0.516665,4,0
0.519228,0.487853,0.517397,4,0
0.518496,0.489684,0.516787,4,0
0.518374,0.491881,0.516665,4,0
0.517641,0.492248,0.518252,4,0
0.519717,0.491393,0.519839,4,0
0.521426,0.491515,0.520083,4,0
0.523501,0.492126,0.520816,4,0
0.524234,0.491393,0.521914,4,0
0.523623,0.492858,0.520449,4,0
0.524112,0.492126,0.521792,4,0
0.523013,0.491149,0.521792,4,0
0.521792,0.491637,0.521426,4,0
0.521304,0.491515,0.521182,4,0
0.521182,0.490172,0.52106,4,0
0.521548,0.491271,0.519717,4,0
0.521792,0.489562,0.520693,4,0
0.521792,0.49066,0.519961,4,0
0.522525,0.491637,0.519351,4,0
0.522647,0.489806,0.52106,4,0
0.522281,0.490538,0.520693,4,0
0.521548,0.491271,0.520449,4,0
0.520449,0.490905,0.52106,4,0
0.518862,0.490172,0.52167,4,0
0.518618,0.49005,0.523135,4,0
0.518008,0.490783,0.523257,4,0
0.518374,0.490294,0.523135,4,0
0.518008,0.490538,0.5246,4,0
0.516787,0.491637,0.523868,4,0
0.517031,0.491637,0.522158,4,0
0.516787,0.490905,0.523746,4,0
0.517153,0.491149,0.523257,4,0
0.51874,0.491881,0.519839,4,0
0.518862,0.490538,0.521304,4,0
0.519106,0.491759,0.522281,4,0
0.518374,0.494323,0.519839,4,0
0.517886,0.49237,0.519839,4,0
0.517031,0.491271,0.521792,4,0
0.517031,0.492126,0.522525,4,0
0.516787,0.492614,0.521914,4,0
0.516176,0.492126,0.522769,4,0
0.516298,0.491515,0.523135,4,0
0.515932,0.492248,0.523013,4,0
0.516176,0.492736,0.522403,4,0
0.516787,0.492126,0.523623,4,0
0.516543,0.491637,0.523868,4,0
0.516298,0.492248,0.523257,4,0
0.516298,0.492003,0.522647,4,0
0.516909,0.490538,0.522647,4,0
0.516787,0.490294,0.523013,4,0
0.516909,0.490538,0.521914,4,0
0.516176,0.488707,0.522525,4,0
0.515444,0.488463,0.523013,4,0
0.516054,0.489318,0.523379,4,0
0.515932,0.488951,0.523379,4,0
0.516665,0.489928,0.523135,4,0
0.517397,0.48944,0.523257,4,0
0.516787,0.489562,0.522525,4,0
0.517397,0.489195,0.522647,4,0
0.517153,0.491149,0.521304,4,0
0.517031,0.491149,0.522525,4,0
0.515932,0.491759,0.522036,4,0
0.515932,0.490294,0.522647,4,0
0.51642,0.490416,0.522891,4,0
0.516176,0.49005,0.523013,4,0
0.51581,0.489195,0.523257,4,0
0.515932,0.488707,0.523379,4,0
0.516176,0.489318,0.523501,4,0
0.515688,0.489195,0.523379,4,0
0.515566,0.489318,0.523135,4,0
0.515444,0.489073,0.523501,4,0
0.515444,0.489928,0.523379,4,0
0.515322,0.489562,0.523379,4,0
0.515566,0.490294,0.523379,4,0
0.515566,0.48944,0.524356,4,0
0.515322,0.489562,0.524356,4,0
0.514955,0.490172,0.524234,4,0
0.515444,0.489318,0.525699,4,0
0.514833,0.489073,0.525577,4,0
0.514223,0.488097,0.525088,4,0
0.513735,0.488951,0.524112,4,0
0.51288,0.488951,0.524478,4,0
0.512025,0.48773,0.525333,4,0
0.511171,0.486754,0.526065,4,0
0.509584,0.48419,0.528263,4,0
0.507997,0.479551,0.534245,4,0
0.504212,0.476377,0.536931,4,0
0.504456,0.475034,0.53864,4,0
0.503846,0.473813,0.536565,4,0
0.507508,0.474789,0.532414,4,1
0.507386,0.476865,0.52692,4,0
0.508119,0.479673,0.523501,4,0
0.509584,0.48065,0.52399,4,0
0.512147,0.48773,0.521426,4,0
0.509828,0.491759,0.520571,4,0
0.511781,0.491149,0.524844,4,0
0.511903,0.498352,0.523135,4,0
0.508119,0.498962,0.521914,4,0
0.508607,0.499573,0.5246,4,0
0.506776,0.502503,0.524722,4,0
0.503601,0.502625,0.526554,4,0
0.502503,0.504456,0.526431,4,0
0.50177,0.505677,0.527896,4,0
0.500061,0.506532,0.528385,4,0
0.500427,0.507508,0.528873,4,0
0.501282,0.51288,0.528019,4,0
0.500916,0.50995,0.528263,4,0
0.500794,0.508607,0.528507,4,0
0.500183,0.513124,0.529606,4,0
0.500183,0.511659,0.527896,4,0
0.498474,0.512147,0.532902,4,0
0.497741,0.511415,0.534123,4,0
0.496887,0.508851,0.534855,4,0
0.497131,0.500671,0.533879,4,0
0.49298,0.495056,0.528385,4,0
0.489318,0.487853,0.524478,4,0
0.488219,0.483946,0.520327,4,0
0.488707,0.481504,0.513246,4,0
0.490905,0.482359,0.510682,4,0
0.492248,0.488829,0.507997,4,0
0.489562,0.488341,0.503846,4,0
0.495544,0.488707,0.505921,4,0
0.495666,0.494567,0.504334,4,0
0.4953,0.491515,0.506654,4,0
0.500183,0.49237,0.51056,4,0
0.503601,0.490783,0.520205,4,0
0.502991,0.490905,0.522158,4,0
0.510316,0.49591,0.528873,4,0
0.514467,0.489318,0.538884,4,0
0.512758,0.487608,0.543401,4,0
0.514223,0.493591,0.544988,4,0
0.50995,0.484556,0.549994,4,0
0.511415,0.486387,0.549017,4,0
0.511171,0.487608,0.545477,4,0
0.511171,0.483335,0.547186,4,0
0.510805,0.482847,0.544134,4,0
0.510805,0.478208,0.540471,4,0
0.510194,0.476743,0.538152,4,1
0.510438,0.475888,0.53803,4,0
0.514833,0.478818,0.536565,4,0
0.513979,0.482115,0.536931,4,0
0.516787,0.482237,0.53632,4,0
0.515688,0.486021,0.531925,4,0
0.516665,0.485289,0.528873,4,0
0.514223,0.488097,0.522769,4,0
0.508485,0.492248,0.517153,4,0
0.50934,0.48944,0.518374,4,0
0.509217,0.500549,0.514589,4,0
0.506898,0.501892,0.517031,4,0
0.505799,0.508241,0.517153,4,0
0.502381,0.510438,0.519961,4,0
0.500671,0.510194,0.523379,4,0
0.500305,0.513979,0.524112,4,0
0.498596,0.513613,0.526065,4,0
0.497497,0.515932,0.527652,4,0
0.49823,0.516665,0.528873,4,0
0.497864,0.514711,0.528995,4,0
0.4953,0.508729,0.528873,4,0
0.496154,0.506898,0.52985,4,0
0.494445,0.504212,0.531193,4,0
0.496521,0.500794,0.531071,4,0
0.496521,0.504456,0.53278,4,0
0.496154,0.49884,0.533146,4,0
0.498962,0.499573,0.533146,4,0
0.4953,0.4953,0.531315,4,0
0.49298,0.482237,0.527896,4,0
0.487486,0.481016,0.524234,4,0
0.491637,0.477231,0.521426,4,0
0.491393,0.478818,0.515444,4,0
0.487364,0.477719,0.512025,4,0
0.489195,0.478696,0.51056,4,0
0.493346,0.483824,0.508851,4,0
0.492736,0.488707,0.505433,4,0
0.494811,0.490416,0.506287,4,0
0.494079,0.492858,0.508241,4,0
0.495788,0.48651,0.512025,4,0
0.500305,0.4953,0.51288,4,0
0.496521,0.48773,0.517031,4,0
0.502259,0.487975,0.523013,4,0
0.503846,0.489684,0.527652,4,0
0.507264,0.485167,0.535588,4,0
0.506776,0.486021,0.540105,4,0
0.507874,0.483457,0.544622,4,0
0.506776,0.483091,0.54682,4,0
0.505433,0.480772,0.54682,4,0
0.506043,0.479917,0.54511,4,0
0.506776,0.476743,0.541326,4,1
0.507142,0.473813,0.537053,4,0
0.506654,0.472958,0.532169,4,0
0.507874,0.470516,0.529361,4,0
0.508241,0.470883,0.529484,4,0
0.508363,0.472226,0.53046,4,0
0.510927,0.473202,0.530704,4,0
0.511537,0.478086,0.530216,4,0
0.511781,0.479551,0.530094,4,0
0.513857,0.485289,0.525088,4,0
0.510682,0.489806,0.523013,4,0
0.510316,0.493468,0.52167,4,0
0.507874,0.498596,0.51874,4,0
0.506043,0.501526,0.518374,4,0
0.504212,0.505067,0.520327,4,0
0.502625,0.506532,0.521426,4,0
0.500549,0.506043,0.523746,4,0
0.500061,0.508241,0.525577,4,0
0.499206,0.510072,0.52692,4,0
0.497864,0.510682,0.528263,4,0
0.49823,0.513124,0.529361,4,0
0.498474,0.512147,0.531315,4,0
0.499084,0.511781,0.531681,4,0
0.500061,0.51056,0.531071,4,0
0.499817,0.505067,0.533634,4,0
0.501404,0.502381,0.535954,4,0
0.500549,0.49591,0.535954,4,0
0.501282,0.490538,0.534245,4,0
0.497375,0.485289,0.530338,4,0
0.497375,0.482359,0.526676,4,0
0.493957,0.47894,0.521548,4,0
0.495178,0.476377,0.517519,4,0
0.493835,0.481504,0.512758,4,0
0.491027,0.48187,0.50995,4,0
0.491271,0.484434,0.509706,4,0
0.493224,0.489928,0.509462,4,0
0.493591,0.492126,0.508363,4,0
0.495178,0.49005,0.509706,4,0
0.497253,0.492126,0.511537,4,0
0.499329,0.493346,0.51349,4,0
0.499939,0.491515,0.516054,4,0
0.504822,0.485533,0.522647,4,0
0.506287,0.489318,0.52753,4,0
0.506043,0.488341,0.533512,4,0
0.51056,0.486998,0.53864,4,0
0.507752,0.486265,0.542058,4,0
0.51056,0.485411,0.544866,4,0
0.50934,0.484922,0.544378,4,0
0.507997,0.476865,0.546453,4,1
0.508851,0.476865,0.5445,4,0
0.507386,0.47308,0.543523,4,0
0.509584,0.467953,0.543157,4,0
0.510682,0.468929,0.539128,4,0
0.511903,0.469418,0.535588,4,0
0.51349,0.477353,0.531071,4,0
0.51288,0.481748,0.531071,4,0
0.513979,0.486387,0.530704,4,0
0.514345,0.492492,0.52692,4,0
0.513613,0.493957,0.525211,4,0
0.511537,0.497497,0.524722,4,0
0.510438,0.501038,0.521426,4,0
0.507752,0.500427,0.520449,4,0
0.506165,0.503235,0.519351,4,0
0.502503,0.50409,0.518374,4,0
0.499939,0.503846,0.519228,4,0
0.50116,0.508241,0.520938,4,0
0.500183,0.513002,0.522891,4,0
0.499939,0.51227,0.523501,4,0
0.500305,0.51813,0.525577,4,0
0.500305,0.518374,0.526554,4,0
0.499329,0.516298,0.528385,4,0
0.499695,0.516176,0.529484,4,0
0.49884,0.511049,0.528873,4,0
0.497131,0.508973,0.529972,4,0
0.499695,0.506776,0.533879,4,0
0.49823,0.507997,0.534245,4,0
0.494323,0.501526,0.533634,4,0
0.494201,0.494445,0.533024,4,0
0.492492,0.49005,0.530216,4,0
0.489195,0.485533,0.526065,4,0
0.49066,0.485045,0.52106,4,0
0.490172,0.484312,0.516543,4,0
0.490783,0.488951,0.512025,4,0
0.490172,0.490416,0.509828,4,0
0.49237,0.492858,0.509462,4,0
0.491637,0.495178,0.510194,4,0
0.494811,0.496887,0.512636,4,0
0.494689,0.497619,0.513368,4,0
0.496765,0.496887,0.516909,4,0
0.499573,0.500671,0.517275,4,0
0.503357,0.494933,0.522525,4,0
0.51056,0.497986,0.530704,4,0
0.511537,0.501526,0.538762,4,0
0.511049,0.497009,0.544378,4,0
0.512758,0.498474,0.546331,4,0
0.510438,0.496032,0.547308,4,0
0.508729,0.491881,0.546209,4,0
0.507997,0.488097,0.544988,4,1
0.508607,0.488219,0.542547,4,0
0.507874,0.483702,0.540471,4,0
0.510072,0.484312,0.537541,4,0
0.510682,0.483702,0.532902,4,0
0.512636,0.483335,0.532047,4,0
0.51227,0.48651,0.529484,4,0
0.514711,0.48773,0.527896,4,0
0.514345,0.489318,0.526431,4,0
0.513735,0.490538,0.526798,4,0
0.514711,0.495056,0.523501,4,0
0.514223,0.496887,0.525455,4,0
0.51349,0.500061,0.528385,4,0
0.51227,0.501404,0.529117,4,0
0.510682,0.506043,0.528385,4,0
0.508241,0.504456,0.529484,4,0
0.506776,0.504334,0.529606,4,0
0.50702,0.508729,0.528873,4,0
0.504944,0.509095,0.528751,4,0
0.504334,0.509462,0.529361,4,0
0.50409,0.512392,0.529239,4,0
0.503479,0.51056,0.52985,4,0
0.502991,0.513246,0.53046,4,0
0.502747,0.514345,0.530949,4,0
0.50116,0.510194,0.532414,4,0
0.500549,0.511171,0.533757,4,0
0.499573,0.505433,0.53339,4,0
0.49823,0.502625,0.532902,4,0
0.4953,0.496032,0.530704,4,0
0.492614,0.490172,0.527408,4,0
0.492858,0.485655,0.527408,4,0
0.489562,0.482237,0.521914,4,0
0.489806,0.481138,0.518252,4,0
0.49237,0.486754,0.514589,4,0
0.485655,0.4848,0.511293,4,0
0.491515,0.489684,0.510316,4,0
0.489928,0.497131,0.504334,4,0
0.486754,0.488097,0.505189,4,0
0.493591,0.495544,0.504944,4,0
0.493713,0.497864,0.505067,4,0
0.491027,0.493224,0.506898,4,0
0.498474,0.4953,0.512636,4,0
0.498596,0.496643,0.517397,4,0
0.503479,0.491027,0.524966,4,0
0.505799,0.491271,0.530094,4,0
0.50702,0.490294,0.536076,4,0
0.51056,0.490538,0.542791,4,0
0.508973,0.488707,0.542425,4,0
0.511293,0.484068,0.546209,4,1
0.508607,0.487853,0.545965,4,0
0.508363,0.483946,0.545965,4,0
0.509462,0.482603,0.544988,4,0
0.509584,0.481748,0.542303,4,0
0.508607,0.477231,0.540838,4,0
0.508973,0.475034,0.542058,4,0
0.510316,0.476132,0.53925,4,0
0.51227,0.476132,0.537663,4,0
0.512758,0.479795,0.535588,4,0
0.514711,0.482481,0.533268,4,0
0.512758,0.485167,0.531437,4,0
0.51227,0.487364,0.528141,4,0
0.511171,0.490905,0.523746,4,0
0.50763,0.492736,0.521548,4,0
0.505799,0.493346,0.519106,4,0
0.503113,0.49884,0.515932,4,0
0.501648,0.496765,0.515688,4,0
0.501038,0.503235,0.516176,4,0
0.499451,0.505433,0.516176,4,0
0.497375,0.505433,0.518252,4,0
0.497009,0.510316,0.519839,4,0
0.495666,0.510805,0.522158,4,0
0.4953,0.513246,0.523623,4,0
0.493468,0.509828,0.526309,4,0
0.494811,0.51056,0.528385,4,0
0.494567,0.510927,0.529117,4,0
0.49591,0.508973,0.530827,4,0
0.496154,0.507264,0.530582,4,0
0.495666,0.504212,0.531315,4,0
0.494933,0.502503,0.531315,4,0
0.49591,0.500916,0.532047,4,0
0.493713,0.495056,0.531071,4,0
0.494689,0.490905,0.531803,4,0
0.49298,0.490172,0.527896,4,0
0.491759,0.48126,0.527042,4,0
0.492858,0.484068,0.519473,4,0
0.49298,0.480772,0.514711,4,0
0.495422,0.483946,0.510682,4,0
0.491881,0.484556,0.507752,4,0
0.487608,0.483213,0.509584,4,0
0.494323,0.489195,0.511415,4,0
0.495056,0.49298,0.51227,4,0
0.493957,0.489806,0.516054,4,0
0.501526,0.494079,0.520571,4,0
0.499939,0.489684,0.524966,4,0
0.504578,0.488951,0.528507,4,0
0.506043,0.490416,0.529972,4,0
0.505189,0.480039,0.538518,4,0
0.505067,0.483335,0.540349,4,1
0.504944,0.481382,0.542669,4,0
0.505311,0.477353,0.546087,4,0
0.505799,0.478696,0.543157,4,0
0.506654,0.477719,0.53925,4,0
0.50763,0.474667,0.535588,4,0
0.506165,0.476132,0.532536,4,0
0.507142,0.473691,0.531193,4,0
0.508485,0.474789,0.531071,4,0
0.50763,0.47601,0.531071,4,0
0.510682,0.478208,0.530582,4,0
0.512025,0.482603,0.529239,4,0
0.509217,0.484678,0.528141,4,0
0.511293,0.488219,0.527042,4,0
0.508851,0.493468,0.525211,4,0
0.507386,0.493957,0.525333,4,0
0.506409,0.497986,0.523746,4,0
0.504578,0.501648,0.523257,4,0
0.501892,0.502503,0.523135,4,0
0.500671,0.505799,0.522403,4,0
0.499084,0.507997,0.522769,4,0
0.499206,0.511049,0.523257,4,0
0.497375,0.51227,0.523379,4,0
0.497131,0.511903,0.523746,4,0
0.496887,0.515322,0.524478,4,0
0.494689,0.510927,0.526431,4,0
0.494079,0.508119,0.529239,4,0
0.496032,0.506776,0.532536,4,0
0.496154,0.503479,0.532902,4,0
0.495666,0.50177,0.533634,4,0
0.494079,0.500061,0.531803,4,0
0.493346,0.496154,0.531193,4,0
0.493713,0.497375,0.529361,4,0
0.49298,0.491759,0.527042,4,0
0.49237,0.490416,0.5246,4,0
0.490538,0.488463,0.521548,4,0
0.491393,0.484434,0.521548,4,0
0.491149,0.486265,0.516909,4,0
0.488951,0.483213,0.514101,4,0
0.492126,0.48187,0.514711,4,0
0.494811,0.487975,0.510438,4,0
0.494079,0.48944,0.507752,4,0
0.493957,0.489073,0.509095,4,0
0.494933,0.490294,0.511049,4,0
0.496521,0.491271,0.517275,4,0
0.497131,0.492248,0.523746,4,0
0.499451,0.489684,0.531559,4,0
0.502747,0.487364,0.538274,4,0
0.506043,0.488097,0.54218,4,0
0.501892,0.483702,0.542425,4,1
0.505067,0.484678,0.540593,4,0
0.502259,0.480283,0.538762,4,0
0.502014,0.477475,0.537175,4,0
0.502991,0.478574,0.535588,4,0
0.503846,0.473446,0.533879,4,0
0.501892,0.468563,0.534855,4,0
0.505433,0.467831,0.5351,4,0
0.507264,0.47015,0.533634,4,0
0.507142,0.471249,0.533024,4,0
0.511049,0.476377,0.530338,4,0
0.512147,0.483824,0.528751,4,0
0.510927,0.486387,0.527774,4,0
0.510927,0.494445,0.525088,4,0
0.50763,0.497741,0.52399,4,0
0.50702,0.499084,0.523746,4,0
0.505433,0.505067,0.520816,1,0
0.50177,0.503846,0.51874,1,0
0.500549,0.502503,0.51813,1,0
0.503968,0.503846,0.517641,1,0
0.504578,0.505311,0.512392,1,0
0.502869,0.492126,0.51288,1,0
0.505067,0.493102,0.51288,1,0
0.505067,0.499573,0.514711,1,0
0.497253,0.491637,0.510072,1,0
0.496765,0.489562,0.518008,1,0
0.493713,0.503724,0.517886,1,0
0.49066,0.492492,0.520083,1,0
0.491149,0.492492,0.527286,1,0
0.491515,0.494567,0.530216,1,0
0.497131,0.49298,0.531193,1,0
0.49884,0.485533,0.533146,1,0
0.503357,0.482725,0.538396,1,0
0.50763,0.485655,0.535466,1,0
0.507752,0.482847,0.531803,1,0
0.506654,0.48187,0.533634,1,0
0.506532,0.483702,0.530949,1,0
0.507508,0.485045,0.527896,1,0
0.507997,0.48065,0.527774,1,0
0.507386,0.478086,0.526676,1,0
0.506532,0.480283,0.5246,1,0
0.50702,0.47833,0.52399,1,0
0.507874,0.478452,0.523623,1,0
0.507997,0.479062,0.523623,1,0
0.508241,0.481382,0.522403,1,0
0.509217,0.480405,0.523135,1,0
0.510438,0.481504,0.523135,1,0
0.511049,0.482481,0.522525,1,0
0.511171,0.484312,0.523257,1,0
0.511537,0.484678,0.523501,1,0
0.511781,0.48651,0.523013,1,0
0.512147,0.486632,0.522281,1,0
0.512758,0.486876,0.522769,1,0
0.513246,0.487364,0.523379,1,0
0.512636,0.48773,0.522036,1,0
0.512636,0.486754,0.522769,1,0
0.51288,0.485533,0.523013,1,0
0.513002,0.485777,0.522281,1,0
0.512514,0.485533,0.521914,1,0
0.513124,0.485655,0.521792,1,0
0.51349,0.485411,0.520816,1,0
0.513979,0.484434,0.520938,1,0
0.516298,0.485167,0.522403,1,0
0.517397,0.485655,0.519717,1,0
0.518374,0.487486,0.517519,1,0
0.521304,0.488829,0.521426,1,0
0.521304,0.48651,0.52167,1,0
0.523501,0.489806,0.522403,1,0
0.523746,0.487853,0.52167,1,0
0.523501,0.490294,0.517153,1,0
0.522891,0.48944,0.51581,1,0
0.522891,0.488585,0.517641,1,0
0.521548,0.48944,0.517763,1,0
0.522769,0.488951,0.515932,1,0
0.525211,0.486754,0.514833,1,0
0.525088,0.485411,0.513979,1,0
0.524356,0.484678,0.513857,1,0
0.524234,0.486754,0.512514,1,0
0.524356,0.486143,0.512025,1,0
0.525577,0.484922,0.510805,1,0
0.525943,0.485289,0.511293,1,0
0.525821,0.487975,0.511171,1,0
0.525577,0.485655,0.51227,1,0
0.526187,0.486632,0.51349,1,0
0.525699,0.488463,0.514345,1,0
0.5246,0.487853,0.515444,1,0
0.5246,0.486998,0.516298,1,0
0.525333,0.486265,0.517275,1,0
0.526554,0.485655,0.518008,1,0
0.526431,0.486265,0.516909,1,0
0.524844,0.486265,0.516054,1,0
0.524112,0.486021,0.516176,1,0
0.524234,0.486998,0.514833,1,0
0.524356,0.486265,0.51349,1,0
0.524234,0.485899,0.511537,1,0
0.525333,0.485289,0.511537,1,0
0.525211,0.484678,0.511903,1,0
0.525333,0.484678,0.511171,1,0
0.525577,0.484678,0.512514,1,0
0.524966,0.485167,0.512758,1,0
0.524722,0.485167,0.512025,1,0
0.525211,0.485655,0.512514,1,0
0.525211,0.486632,0.512392,1,0
0.525088,0.485899,0.512514,1,0
0.525333,0.486143,0.513124,1,0
0.525211,0.486754,0.512636,1,0
0.525455,0.486143,0.512758,1,0
0.525333,0.486143,0.51349,1,0
0.525211,0.48651,0.51288,1,0
0.524844,0.48651,0.512758,1,0
0.524356,0.485533,0.513124,1,0
0.524478,0.485289,0.513124,1,0
0.524478,0.485655,0.513368,1,0
0.524356,0.485533,0.51349,1,0
0.524478,0.485899,0.513246,1,0
0.524356,0.486632,0.513002,1,0
0.524966,0.487242,0.513002,1,0
0.525821,0.487364,0.513124,1,0
0.525821,0.487486,0.512392,1,0
0.525821,0.488585,0.512392,1,0
0.525943,0.487608,0.513002,1,0
0.525333,0.488341,0.512636,1,0
0.526065,0.489318,0.513857,1,0
0.526187,0.488951,0.515688,1,0
0.525821,0.488829,0.516298,1,0
0.525577,0.489806,0.516298,1,0
0.52692,0.490905,0.512636,1,0
0.527408,0.489684,0.513613,1,0
0.527164,0.49005,0.513246,1,0
0.528263,0.488463,0.514955,1,0
0.528751,0.491637,0.513857,1,0
0.527774,0.492003,0.514467,1,0
0.527408,0.491881,0.514345,1,0
0.527896,0.49237,0.514711,1,0
0.527896,0.492003,0.513613,1,0
0.527896,0.491515,0.514223,1,0
0.528385,0.493591,0.514955,1,0
0.52753,0.494323,0.515566,1,0
0.528507,0.494079,0.515444,1,0
0.527408,0.495422,0.515566,1,0
0.527286,0.494445,0.515078,1,0
0.525699,0.496887,0.513124,1,0
0.525821,0.495666,0.515322,1,0
0.524722,0.495178,0.514955,1,0
0.524234,0.494933,0.514711,1,0
0.523379,0.49298,0.512636,1,0
0.526309,0.489318,0.514955,1,0
0.527652,0.49237,0.51581,1,0
0.527896,0.496765,0.514711,1,0
0.531437,0.50177,0.514467,1,0
0.530216,0.504334,0.516543,1,0
0.527286,0.500916,0.516054,1,0
0.527286,0.496154,0.517031,1,0
0.528629,0.500427,0.514711,1,0
0.52753,0.499084,0.514711,1,0
0.528873,0.497375,0.512514,1,0
0.529606,0.496398,0.511659,1,0
0.528751,0.498962,0.513979,1,0
0.527408,0.499206,0.515688,1,0