0.513735,0.471371,0.503846,1,0
0.513368,0.471371,0.503846,1,0
0.513735,0.471371,0.503724,1,0
0.513735,0.471249,0.503846,1,0
0.513857,0.471493,0.503601,1,0
0.513613,0.471737,0.503601,1,0
0.513613,0.471737,0.503846,1,0
0.513735,0.471371,0.503724,1,0
0.513979,0.471005,0.503968,1,0
0.513735,0.471127,0.50409,1,0
0.51349,0.471371,0.503846,1,0
0.513613,0.471371,0.503968,1,0
0.513857,0.471615,0.503724,1,0
0.513979,0.471493,0.503846,1,0
0.513735,0.471493,0.503601,1,0
0.513613,0.471493,0.503724,1,0
0.513613,0.471615,0.503479,1,0
0.51349,0.471249,0.503724,1,0
0.513735,0.470883,0.503846,1,0
0.513735,0.471005,0.503724,1,0
0.51349,0.471371,0.503968,1,0
0.51349,0.471127,0.503846,1,0
0.513979,0.471005,0.503601,1,0
0.513857,0.471371,0.503724,1,0
0.513613,0.471493,0.503846,1,0
0.513857,0.471371,0.503724,1,0
0.513979,0.471371,0.503479,1,0
0.513857,0.471615,0.503846,1,0
0.513857,0.471737,0.503724,1,0
0.513613,0.471493,0.503724,1,0
0.513735,0.471249,0.503479,1,0
0.513857,0.471615,0.503724,1,0
0.513735,0.471371,0.503724,1,0
0.514345,0.471005,0.503968,1,0
0.514223,0.471981,0.504212,1,0
0.514223,0.47247,0.504456,1,0
0.514589,0.470516,0.5047,1,0
0.514589,0.470761,0.5047,1,0
0.514223,0.471737,0.504456,1,0
0.513735,0.471249,0.505067,1,0
0.514711,0.471859,0.505799,1,0
0.515444,0.473446,0.506654,1,0
0.515932,0.476132,0.506898,1,0
0.515688,0.479184,0.507142,1,0
0.515932,0.477964,0.508607,1,0
0.516543,0.475034,0.510438,1,0
0.516298,0.474545,0.511293,0,0
0.516176,0.477231,0.512636,0,0
0.517031,0.479917,0.513246,0,0
0.516543,0.481504,0.512636,0,0
0.517153,0.475522,0.515688,0,0
0.517763,0.478818,0.515078,0,0
0.518008,0.481748,0.514467,0,0
0.519473,0.481138,0.515566,0,0
0.520449,0.481626,0.515688,0,0
0.521792,0.482725,0.516176,0,0
0.521792,0.484312,0.515444,0,0
0.523257,0.48358,0.515444,0,0
0.523501,0.485533,0.515688,0,0
0.525088,0.485167,0.516665,0,0
0.525699,0.486754,0.515688,0,0
0.525333,0.48773,0.515932,0,0
0.524844,0.48773,0.516909,1,0
0.523623,0.489073,0.516054,1,0
0.522769,0.489562,0.514711,1,0
0.522891,0.490172,0.515078,1,0
0.523501,0.490416,0.515444,1,0
0.5246,0.490416,0.513613,1,0
0.526431,0.489562,0.514223,1,0
0.527164,0.49005,0.514955,1,0
0.528141,0.491271,0.513979,1,0
0.528019,0.49066,0.513735,1,0
0.528019,0.487486,0.516054,1,0
0.52753,0.488219,0.515322,1,0
0.526309,0.491759,0.51349,1,0
0.526187,0.49237,0.514345,1,0
0.526431,0.492248,0.515078,1,0
0.525699,0.491515,0.514223,1,0
0.525088,0.492614,0.512758,1,0
0.526676,0.492003,0.512514,1,0
0.52985,0.490783,0.51227,1,0
0.531925,0.49237,0.512636,1,0
0.532292,0.494933,0.51227,1,0
0.531681,0.493224,0.512392,1,0
0.529361,0.494201,0.511171,1,0
0.529606,0.490783,0.51349,1,0
0.528019,0.493713,0.513246,1,0
0.528751,0.492492,0.512025,1,0
0.530094,0.493224,0.51227,1,0
0.529606,0.4953,0.511537,1,0
0.528751,0.493957,0.510805,1,0
0.529117,0.49298,0.509828,1,0
0.529239,0.493346,0.511415,1,0
0.52985,0.494323,0.511293,1,0
0.529239,0.494323,0.51056,1,0
0.529239,0.49298,0.510805,1,0
0.530216,0.493224,0.511415,1,0
0.529728,0.494201,0.511537,1,0
0.529606,0.493591,0.510927,1,0
0.52985,0.493468,0.510927,1,0
0.530338,0.493713,0.51056,1,0
0.529728,0.493468,0.510682,1,0
0.529972,0.494079,0.510438,1,0
0.529728,0.493835,0.510438,1,0
0.530094,0.493713,0.510438,1,0
0.530094,0.493591,0.510682,1,0
0.529972,0.493957,0.510316,1,0
0.530216,0.494201,0.510072,1,0
0.530094,0.494079,0.510194,1,0
0.530094,0.493835,0.510438,1,0
0.530582,0.494201,0.510072,1,0
0.530216,0.494323,0.509706,1,0
0.52985,0.494445,0.50995,1,0
0.53046,0.494079,0.510194,1,0
0.530216,0.494323,0.510072,1,0
0.530582,0.494323,0.50995,1,0
0.530216,0.494201,0.510194,1,0
0.53046,0.495178,0.509462,1,0
0.530582,0.494567,0.509095,1,0
0.53046,0.494567,0.509584,1,0
0.53046,0.494567,0.509462,1,0
0.530827,0.494811,0.509462,1,0
0.53046,0.494567,0.509828,1,0
0.530338,0.494811,0.509584,1,0
0.530338,0.494689,0.509584,1,0
0.530827,0.494689,0.510072,1,0
0.53046,0.494567,0.509584,1,0
0.53046,0.494445,0.509584,1,0
0.530338,0.494811,0.50995,1,0
0.530704,0.494445,0.509706,1,0
0.530216,0.494933,0.50934,1,0
0.530338,0.494933,0.509584,1,0
0.530704,0.494567,0.510072,1,0
0.53046,0.494933,0.50995,1,0
0.530216,0.495056,0.509217,1,0
0.530704,0.494079,0.510072,1,0
0.530827,0.494567,0.51056,1,0
0.530827,0.495178,0.50934,1,0
0.530704,0.494567,0.508973,1,0
0.530582,0.494811,0.509706,1,0
0.530704,0.495178,0.509462,1,0
0.530827,0.495056,0.509095,1,0
0.530704,0.495056,0.509462,1,0
0.530338,0.494689,0.50934,1,0
0.530949,0.495056,0.509584,1,0
0.530827,0.494567,0.50995,1,0
0.530094,0.495544,0.508729,1,0
0.530949,0.494811,0.509217,1,0
0.530582,0.494933,0.509828,1,0
0.530827,0.494933,0.509217,1,0
0.530216,0.495178,0.509217,1,0
0.531071,0.495178,0.509706,1,0
0.53046,0.494445,0.509828,1,0
0.530827,0.495178,0.509095,1,0
0.530827,0.494933,0.50934,1,0
0.530827,0.4953,0.509217,1,0
0.530949,0.494445,0.50934,1,0
0.530827,0.495178,0.50934,1,0
0.530582,0.494933,0.509217,1,0
0.53046,0.494811,0.509706,1,0
0.530704,0.495178,0.509584,1,0
0.530827,0.494689,0.509828,1,0
0.530338,0.494933,0.509584,1,0
0.53046,0.4953,0.508729,1,0
0.530216,0.495422,0.508607,1,0
0.530949,0.494323,0.51056,1,0
0.53046,0.494689,0.51056,1,0
0.53046,0.495422,0.509095,1,0
0.530704,0.495422,0.508485,1,0
0.53046,0.494567,0.509706,1,0
0.531071,0.494933,0.50995,1,0
0.53046,0.495178,0.50934,1,0
0.530704,0.495422,0.508973,1,0
0.530704,0.494445,0.509706,1,0
0.530949,0.495178,0.509828,1,0
0.530582,0.495178,0.509095,1,0
0.530582,0.4953,0.508729,1,0
0.530582,0.495056,0.50934,1,0
0.530704,0.4953,0.509706,1,0
0.530827,0.494933,0.509584,1,0
0.530582,0.495178,0.509217,1,0
0.530827,0.495422,0.509217,1,0
0.530704,0.495056,0.50934,1,0
0.53046,0.495422,0.509217,1,0
0.530949,0.4953,0.509584,1,0
0.530827,0.495056,0.509462,1,0
0.530827,0.494811,0.509584,1,0
0.530827,0.4953,0.509462,1,0
0.530704,0.495422,0.50934,1,0
0.530582,0.495178,0.509584,1,0
0.530582,0.495422,0.50934,1,0
0.530582,0.495056,0.509584,1,0
0.530827,0.4953,0.509828,1,0
0.53046,0.495056,0.509462,1,0
0.530582,0.495422,0.50934,1,0
0.530704,0.4953,0.509828,1,0
0.530704,0.495056,0.509706,1,0
0.530582,0.4953,0.509095,1,0
0.530704,0.495422,0.509462,1,0
0.530827,0.4953,0.509462,1,0
0.530582,0.4953,0.509095,1,0
0.530582,0.495422,0.50934,1,0
0.530704,0.4953,0.509828,1,0
0.530704,0.495666,0.509217,1,0
0.530827,0.4953,0.509217,1,0
0.530582,0.495056,0.509584,1,0
0.530827,0.4953,0.509584,1,0
0.530827,0.495422,0.509217,1,0
0.530216,0.495544,0.509217,1,0
0.530827,0.4953,0.508973,1,0
0.530704,0.495422,0.509217,1,0
0.530704,0.495422,0.509462,1,0
0.530827,0.494933,0.509217,1,0
0.530827,0.495422,0.509462,1,0
0.530704,0.4953,0.509217,1,0
0.530949,0.4953,0.509095,1,0
0.530827,0.4953,0.509095,1,0
0.530949,0.495056,0.509462,1,0
0.530827,0.4953,0.509095,1,0
0.530704,0.4953,0.508851,1,0
0.530827,0.495056,0.509095,1,0
0.530949,0.495056,0.50934,1,0
0.530949,0.495422,0.509095,1,0
0.530949,0.4953,0.509217,1,0
0.530949,0.4953,0.509217,1,0
0.530704,0.4953,0.508729,1,0
0.530827,0.4953,0.508973,1,0
0.530827,0.4953,0.50934,1,0
0.531071,0.4953,0.508973,1,0
0.530827,0.4953,0.508973,1,0
0.530949,0.495178,0.508973,1,0
0.530827,0.4953,0.508973,1,0
0.530704,0.495788,0.508851,1,0
0.531071,0.495056,0.508851,1,0
0.531193,0.495178,0.508851,1,0
0.530827,0.495178,0.509095,1,0
0.530949,0.495544,0.508973,1,0
0.531071,0.4953,0.508851,1,0
0.531071,0.495178,0.508729,1,0
0.530827,0.495178,0.509095,1,0
0.530704,0.495422,0.509095,1,0
0.531071,0.4953,0.509217,1,0
0.530827,0.4953,0.508729,1,0
0.530949,0.495666,0.508485,1,0
0.531071,0.4953,0.508851,1,0
0.530949,0.495422,0.508851,1,0
0.531071,0.495056,0.509095,1,0
0.530827,0.495422,0.509217,1,0
0.530949,0.495422,0.508729,1,0
0.531071,0.495544,0.508729,1,0
0.530949,0.4953,0.508607,1,0
0.531193,0.495422,0.509095,1,0
0.530827,0.4953,0.509217,1,0
0.530704,0.495788,0.508241,1,0
0.530949,0.4953,0.509217,1,0
0.530827,0.495422,0.509095,1,0
0.530827,0.495788,0.508973,1,0
0.530827,0.495422,0.508729,1,0
0.530827,0.4953,0.508973,1,0
0.530704,0.495422,0.509095,1,0
0.531071,0.495544,0.509584,1,0
0.530827,0.495056,0.50934,1,0
0.530827,0.495666,0.508729,1,0
0.530827,0.495178,0.509095,1,0
0.530827,0.495422,0.509462,1,0
0.530704,0.495178,0.50934,1,0
0.530827,0.495544,0.508973,1,0
0.531071,0.495422,0.509217,1,0
0.530949,0.4953,0.509217,1,0
0.530704,0.4953,0.50934,1,0
0.530827,0.4953,0.509706,1,0
0.530827,0.495544,0.509462,1,0
0.530582,0.495178,0.50934,1,0
0.530827,0.495788,0.508851,1,0
0.530827,0.495056,0.50934,1,0
0.530949,0.495666,0.509462,1,0
0.530704,0.495544,0.509095,1,0
0.530827,0.495788,0.509095,1,0
0.530949,0.495666,0.509217,1,0
0.530704,0.495422,0.509095,1,0
0.530949,0.495666,0.509095,1,0
0.530704,0.496032,0.50934,1,0
0.530949,0.495788,0.509217,1,0
0.530827,0.495666,0.509095,1,0
0.53046,0.496154,0.508851,1,0
0.531071,0.49591,0.509828,1,0
0.531437,0.495666,0.508851,1,0
0.531071,0.494445,0.508729,1,0
0.531071,0.495788,0.508851,1,0
0.531071,0.496398,0.509095,1,0
0.530827,0.496032,0.509217,1,0
0.531437,0.494567,0.510316,1,0
0.53046,0.49591,0.508973,1,0
0.529484,0.499695,0.504944,1,0
0.530704,0.496643,0.508973,1,0
0.531315,0.494079,0.514101,1,0
0.531071,0.494445,0.51288,1,0
0.529606,0.496765,0.51349,1,0
0.537785,0.494689,0.507264,1,0
0.529606,0.499573,0.505067,1,0
0.529484,0.497986,0.51227,1,0
0.530216,0.496032,0.512147,1,0
0.530949,0.496154,0.51288,1,0
0.528507,0.494933,0.51288,1,0
0.531193,0.496765,0.512025,1,0
0.53046,0.498108,0.510805,1,0
0.528873,0.496643,0.511415,1,0
0.529606,0.495544,0.513857,1,0
0.529728,0.496887,0.513735,1,0
0.529117,0.49591,0.513124,1,0
0.527896,0.496765,0.512636,1,0
0.528263,0.497741,0.512758,1,0
0.529361,0.496765,0.514467,1,0
0.531071,0.495056,0.516543,1,0
0.533268,0.49591,0.518496,1,0
0.532047,0.497131,0.517275,1,0
0.5351,0.499695,0.513735,1,0
0.534123,0.501282,0.510438,1,0
0.533268,0.496032,0.513979,1,0
0.530949,0.497131,0.513735,1,0
0.528263,0.497131,0.512636,1,0
0.525088,0.497253,0.511781,1,0
0.523257,0.495178,0.513735,1,0
0.520205,0.495788,0.514101,1,0
0.518862,0.494201,0.514345,1,0
0.518862,0.493591,0.514467,1,0
0.517519,0.492858,0.514589,1,0
0.518862,0.491027,0.518374,1,0
0.520449,0.489806,0.520327,1,0
0.520938,0.489318,0.518618,1,0
0.521304,0.489562,0.518618,1,0
0.523013,0.489195,0.520449,1,0
0.522647,0.489195,0.521304,1,0
0.521548,0.49066,0.519839,1,0
0.523501,0.488341,0.520205,1,0
0.524844,0.49066,0.519473,1,0
0.525088,0.494933,0.515322,1,0
0.528385,0.490416,0.517275,1,0
0.530582,0.495544,0.5152,1,0
0.531437,0.493468,0.514467,1,0
0.532047,0.491881,0.516543,1,0
0.533512,0.495788,0.514955,1,0
0.531681,0.495544,0.511781,1,0
0.531071,0.492736,0.511781,1,0
0.529972,0.491759,0.51056,1,0
0.528385,0.489684,0.509217,1,0
0.527286,0.486632,0.510072,1,0
0.528507,0.4848,0.511415,1,0
0.526431,0.480527,0.51056,1,0
0.524478,0.480894,0.511415,1,0
0.52167,0.48126,0.511659,1,0
0.520571,0.479917,0.511537,1,0
0.521792,0.48065,0.511781,1,0
0.521426,0.482481,0.511171,1,0
0.520693,0.48187,0.512025,1,0
0.520938,0.479917,0.514345,1,0
0.520693,0.482359,0.513613,1,0
0.520693,0.485289,0.51288,1,0
0.52167,0.483335,0.514833,1,0
0.521426,0.486021,0.514345,1,0
0.521914,0.485167,0.5152,1,0
0.522647,0.486387,0.51349,1,0
0.524112,0.487364,0.513979,1,0
0.525211,0.48773,0.514589,1,0
0.525088,0.486998,0.514589,1,0
0.525088,0.488219,0.513002,1,0
0.525333,0.489806,0.51349,1,0
0.524966,0.487975,0.519473,1,0
0.523501,0.482603,0.522403,1,0
0.521548,0.483335,0.517641,1,0
0.522158,0.481626,0.518984,1,0
0.522769,0.482847,0.518496,1,0
0.521792,0.483335,0.51642,1,0
0.521304,0.483824,0.515078,1,0
0.521792,0.485655,0.514467,1,0
0.521548,0.485899,0.514589,1,0
0.521426,0.484922,0.515078,1,0
0.521548,0.48651,0.515322,1,0
0.521914,0.486754,0.515444,1,0
0.522769,0.485899,0.516176,1,0
0.523623,0.486265,0.516665,1,0
0.524844,0.486632,0.517397,1,0
0.525577,0.486998,0.517397,1,0
0.525821,0.487364,0.517153,1,0
0.526309,0.487364,0.516787,1,0
0.524966,0.48712,0.51642,1,0
0.523013,0.487975,0.516543,1,0
0.522525,0.489073,0.516298,1,0
0.521548,0.49005,0.515444,1,0
0.520327,0.487608,0.515688,1,0
0.522403,0.489195,0.517886,1,0
0.523868,0.491027,0.519839,1,0
0.52167,0.491271,0.520816,1,0
0.521182,0.492492,0.521426,1,0
0.52167,0.492248,0.527164,1,0
0.519473,0.492248,0.527408,1,0
0.516665,0.490294,0.528141,1,0
0.51581,0.489562,0.528019,1,0
0.515444,0.49005,0.525577,1,0
0.514955,0.488951,0.523868,1,0
0.515444,0.488097,0.523501,1,0
0.515444,0.489073,0.519839,1,0
0.516176,0.488585,0.519961,1,0
0.517153,0.486143,0.519351,1,0
0.516909,0.490172,0.51642,1,0
0.517763,0.489073,0.516787,1,0
0.518374,0.490905,0.51642,1,0
0.518984,0.49237,0.516909,1,0
0.519839,0.488707,0.518618,1,0
0.520327,0.489806,0.518984,1,0
0.520205,0.491393,0.51813,1,0
0.519961,0.488951,0.518984,1,0
0.520938,0.487853,0.520327,1,0
0.520816,0.488829,0.519106,1,0
0.519473,0.48773,0.521304,1,0
0.519228,0.488341,0.520938,1,0
0.519351,0.486021,0.520816,1,0
0.519228,0.486387,0.521914,1,0
0.51874,0.487975,0.522403,1,0
0.516909,0.486143,0.521914,1,0
0.516054,0.486632,0.5246,1,0
0.515444,0.488097,0.522281,1,0
0.514711,0.485045,0.524356,1,0
0.515932,0.484556,0.522891,1,0
0.515444,0.484312,0.522281,1,0
0.514833,0.484556,0.521914,1,0
0.514711,0.486387,0.521792,1,0
0.514833,0.485289,0.521548,1,0
0.51581,0.486632,0.521792,1,0
0.515078,0.485411,0.522525,1,0
0.514955,0.48712,0.521304,1,0
0.514711,0.486998,0.523013,1,0
0.514223,0.486754,0.521914,1,0
0.515566,0.486265,0.522769,1,0
0.51581,0.487608,0.523135,1,0
0.514711,0.487853,0.523013,1,0
0.514711,0.48651,0.521914,1,0
0.514955,0.486998,0.522158,1,0
0.514467,0.486632,0.522158,1,0
0.514589,0.486387,0.521792,1,0
0.515444,0.486387,0.522525,1,0
0.515688,0.487242,0.521426,1,0
0.516543,0.485045,0.523013,1,0
0.517275,0.484556,0.523623,1,0
0.517031,0.487608,0.520938,1,0
0.518008,0.487242,0.518862,1,0
0.520449,0.485899,0.518862,1,0
0.523501,0.484434,0.519717,1,0
0.524844,0.485655,0.51874,1,0
0.523379,0.485655,0.519839,1,0
0.522281,0.487486,0.519228,1,0
0.521426,0.489195,0.515322,1,0
0.521182,0.482359,0.516909,1,0
0.521182,0.484312,0.516298,1,0
0.519473,0.48065,0.518008,1,0
0.518252,0.479429,0.518984,1,0
0.516054,0.479429,0.516909,1,0
0.516787,0.479795,0.518374,1,0
0.514833,0.474545,0.519351,1,0
0.513002,0.480894,0.518252,1,0
0.513002,0.476987,0.519473,1,0
0.512147,0.478696,0.517763,1,0
0.511903,0.478818,0.51813,1,0
0.511659,0.480161,0.518618,1,0
0.511293,0.484434,0.516543,1,0
0.513979,0.483946,0.518618,1,0
0.514223,0.480283,0.517763,1,0
0.515078,0.479917,0.513124,1,0
0.516176,0.479917,0.510805,1,0
0.51642,0.483213,0.512636,1,0
0.516054,0.482237,0.512025,1,0
0.517519,0.479673,0.513368,1,0
0.518252,0.479551,0.5152,1,0
0.518496,0.479795,0.515078,1,0
0.517397,0.482237,0.515444,1,0
0.517397,0.483335,0.518374,1,0
0.518252,0.478208,0.518984,1,0
0.519839,0.480039,0.523013,1,0
0.518984,0.486265,0.519717,1,0
0.517031,0.481626,0.519351,1,0
0.517519,0.478818,0.519228,1,0
0.518374,0.479429,0.520327,1,0
0.517641,0.483824,0.517031,1,0
0.51874,0.482603,0.517641,1,0
0.51874,0.481382,0.518374,1,0
0.518862,0.484434,0.516665,1,0
0.520816,0.481626,0.517519,1,0
0.520938,0.482969,0.516909,1,0
0.521548,0.486387,0.514345,1,0
0.523868,0.483335,0.513857,1,0
0.523868,0.482115,0.514223,1,0
0.522403,0.485777,0.514467,1,0
0.520816,0.485289,0.515322,1,0
0.519717,0.484068,0.515566,1,0
0.519228,0.483213,0.515444,1,0
0.519473,0.48419,0.515078,1,0
0.520693,0.480894,0.514467,1,0
0.52167,0.480772,0.516787,1,0
0.521304,0.483213,0.517275,1,0
0.520571,0.483213,0.515566,1,0
0.520571,0.48126,0.515444,1,0
0.520693,0.483213,0.516176,1,0
0.519961,0.48419,0.5152,1,0
0.520693,0.482237,0.515444,1,0
0.521304,0.483946,0.514955,1,0
0.521548,0.483824,0.513735,1,0
0.521548,0.482237,0.514467,1,0
0.521426,0.481138,0.514711,1,0
0.519961,0.484434,0.513002,1,0
0.520938,0.485045,0.511415,1,0
0.523135,0.480405,0.514101,1,0
0.522647,0.482603,0.513613,1,0
0.522281,0.482115,0.513368,1,0
0.523135,0.483091,0.51288,1,0
0.523501,0.480527,0.513735,1,0
0.522036,0.483213,0.513368,1,0
0.522036,0.482481,0.513368,1,0
0.523379,0.482115,0.51288,1,0
0.522769,0.483457,0.512025,1,0
0.521792,0.482237,0.511537,1,0
0.523379,0.481504,0.512147,1,0
0.524478,0.481138,0.511171,1,0
0.523501,0.483702,0.511171,1,0
0.523257,0.481992,0.511049,1,0
0.523013,0.481504,0.510438,1,0
0.523135,0.483824,0.511903,1,0
0.524112,0.482725,0.511781,1,0
0.523379,0.481504,0.511659,1,0
0.523013,0.482115,0.511537,1,0
0.523257,0.482847,0.510927,1,0
0.524112,0.482115,0.510682,1,0
0.52399,0.483091,0.510682,1,0
0.524112,0.482725,0.511171,1,0
0.5246,0.482847,0.511049,1,0
0.524722,0.483213,0.511049,1,0
0.525333,0.483091,0.511049,1,0
0.525088,0.481992,0.511171,1,0
0.524112,0.482603,0.510805,1,0
0.524356,0.482969,0.511781,1,0
0.524356,0.482115,0.511415,1,0
0.523868,0.481382,0.511903,1,0
0.523623,0.48187,0.511781,1,0
0.523501,0.482237,0.511659,1,0
0.523868,0.482603,0.511415,1,0
0.524356,0.482847,0.511171,1,0
0.525088,0.482725,0.511049,1,0
0.525699,0.482237,0.511293,1,0
0.524844,0.483091,0.51056,1,0
0.524234,0.483091,0.510072,1,0
0.524722,0.482603,0.509584,1,0
0.525699,0.482725,0.509706,1,0
0.525088,0.482725,0.510194,1,0
0.524234,0.482969,0.510682,1,0
0.52399,0.483702,0.510072,1,0
0.523623,0.482847,0.510682,1,0
0.523379,0.483213,0.511293,1,0
0.523501,0.482725,0.512025,1,0
0.523501,0.482359,0.512025,1,0
0.524112,0.483457,0.512392,1,0
0.5246,0.484068,0.512147,1,0
0.524234,0.483091,0.512392,1,0
0.523746,0.484434,0.512758,1,0
0.523501,0.484434,0.51227,1,0
0.523501,0.483946,0.512636,1,0
0.523868,0.482847,0.512758,1,0
0.523746,0.48358,0.512392,1,0
0.523746,0.483457,0.51227,1,0
0.523379,0.483702,0.511903,1,0
0.523135,0.48358,0.511781,1,0
0.523746,0.483213,0.512147,1,0
0.523868,0.482359,0.512514,1,0
0.523623,0.482969,0.512392,1,0
0.52399,0.482237,0.511659,1,0
0.523746,0.482969,0.51227,1,0
0.523501,0.484312,0.51227,1,0
0.523623,0.483946,0.51227,1,0
0.523623,0.482725,0.513002,1,0
0.523623,0.48358,0.513124,1,0
0.523501,0.483946,0.512758,1,0
0.523868,0.483335,0.51227,1,0
0.524356,0.48358,0.512636,1,0
0.524478,0.483946,0.512147,1,0
0.52399,0.484068,0.512758,1,0
0.524234,0.483824,0.512147,1,0
0.524356,0.483457,0.511171,1,0
0.524722,0.483702,0.512514,1,0
0.523868,0.482969,0.514955,1,0
0.523379,0.483213,0.510316,1,0
0.5246,0.482969,0.511171,1,0
0.524112,0.483702,0.514833,1,0
0.523623,0.483457,0.511903,1,0
0.523868,0.483457,0.511537,1,0
0.524722,0.483335,0.513368,1,0
0.524844,0.4848,0.513368,1,0
0.526187,0.484312,0.514467,1,0
0.528873,0.483946,0.513246,1,0
0.533146,0.480527,0.5246,1,0
0.535832,0.478818,0.530827,1,0
0.532414,0.48065,0.540471,1,0
0.527408,0.477109,0.545843,1,0
0.5246,0.47308,0.550971,1,0
0.516176,0.477231,0.547552,1,0
0.511171,0.477964,0.539495,1,0
0.506409,0.468563,0.529972,1,0
0.497619,0.466121,0.518618,1,0
0.491271,0.467342,0.517153,1,0
0.483702,0.465145,0.521426,1,0
0.479795,0.481382,0.506776,1,0
0.472836,0.499817,0.491149,1,0
0.471859,0.503357,0.485411,1,0
0.478086,0.509828,0.485655,1,0
0.490905,0.496521,0.488585,1,1
0.50702,0.489073,0.48773,1,0
0.512758,0.497741,0.486998,1,0
0.521548,0.484922,0.499939,1,0
0.51874,0.481504,0.506165,1,0
0.506165,0.482969,0.503846,1,0
0.501526,0.482237,0.508607,1,0
0.501404,0.493102,0.51056,1,0
0.490538,0.499695,0.498718,1,0
0.482847,0.500305,0.488707,1,0
0.478574,0.500183,0.487486,1,0
0.471371,0.496398,0.486998,1,0
0.479429,0.498596,0.484678,1,0
0.488463,0.510927,0.489318,1,0
0.500549,0.4754,0.513613,1,0
0.482725,0.466488,0.508119,1,0
0.503235,0.466976,0.51288,1,0
0.506287,0.44146,0.521304,1,0
0.508485,0.468319,0.518618,1,0
0.52167,0.472958,0.524722,1,0
0.523135,0.466976,0.527164,1,0
0.536442,0.467342,0.520327,1,0
0.557319,0.476499,0.526309,1,0
0.560982,0.482481,0.527774,1,0
0.560127,0.493102,0.520938,1,0
0.550482,0.503968,0.515322,1,0
0.546698,0.508729,0.514467,1,0
0.54389,0.49237,0.516298,1,0
0.539861,0.479062,0.520205,1,0
0.536565,0.486998,0.513246,1,0
0.529117,0.48712,0.508119,1,0
0.523501,0.475888,0.50995,1,0
0.520327,0.470761,0.511049,1,0
0.513246,0.469662,0.516054,1,0
0.509462,0.474301,0.522036,1,0
0.505555,0.473691,0.524478,1,0
0.50116,0.469051,0.528995,1,0
0.498962,0.46429,0.535466,1,0
0.493835,0.471615,0.532169,1,0
0.491393,0.474911,0.526554,1,0
0.486143,0.473935,0.525699,1,0
0.48358,0.477597,0.522647,1,0
0.480527,0.483091,0.516543,1,0
0.47247,0.496154,0.500305,1,0
0.469662,0.49591,0.501526,1,0
0.47308,0.496032,0.503846,1,0
0.479184,0.48773,0.502747,1,0
0.485167,0.490538,0.499695,1,0
0.493224,0.491149,0.499573,1,0
0.508363,0.487975,0.504578,1,1
0.508119,0.489195,0.503479,1,0
0.514223,0.486387,0.50934,1,0
0.499206,0.483213,0.508485,1,0
0.48944,0.48419,0.510682,1,0
0.491149,0.48358,0.509462,1,0
0.494079,0.49298,0.508973,1,0
0.489195,0.4848,0.508241,1,0
0.486876,0.485045,0.501404,1,0
0.487242,0.490538,0.494811,1,0
0.479917,0.492492,0.494445,1,0
0.47833,0.499084,0.487364,1,0
0.474301,0.502503,0.484678,1,0
0.48358,0.511659,0.485167,1,0
0.483335,0.510438,0.476254,1,0
0.511415,0.48126,0.489195,1,0
0.499084,0.422415,0.539983,1,0
0.477842,0.450861,0.52167,1,0
0.503724,0.50177,0.508729,1,0
0.519106,0.495544,0.528141,1,0
0.51813,0.471859,0.524966,1,0
0.526798,0.430717,0.531315,1,0
0.520205,0.4754,0.511293,1,0
0.531681,0.504212,0.514955,1,0
0.56208,0.483213,0.535344,1,0
0.559517,0.470272,0.532658,1,0
0.545599,0.50702,0.518862,1,0
0.539861,0.495666,0.526309,1,0
0.537297,0.487608,0.52106,1,0
0.536198,0.480772,0.519228,1,0
0.539861,0.482603,0.521548,1,0
0.537419,0.483824,0.52399,1,0
0.534245,0.480283,0.523868,1,0
0.530094,0.476865,0.521914,1,0
0.523013,0.470639,0.522281,1,0
0.515078,0.471615,0.526431,1,0
0.505921,0.471615,0.526431,1,0
0.50116,0.468075,0.524478,1,0
0.497986,0.474301,0.521914,1,0
0.491881,0.482603,0.520083,1,0
0.489195,0.481382,0.519228,1,0
0.482359,0.481016,0.514955,1,0
0.477475,0.482359,0.511415,1,0
0.469418,0.498352,0.500427,1,0
0.463313,0.499329,0.497009,1,0
0.471859,0.493346,0.502625,1,0
0.476377,0.492492,0.496521,1,0
0.4848,0.490905,0.500183,1,0
0.496765,0.48773,0.503357,1,1
0.512758,0.486754,0.505799,1,0
0.515444,0.482359,0.50409,1,0
0.502136,0.478452,0.500183,1,0
0.495178,0.476865,0.502381,1,0
0.490416,0.48358,0.501404,1,0
0.496154,0.479062,0.509706,1,0
0.506898,0.483946,0.508485,1,0
0.502136,0.486265,0.504578,1,0
0.500183,0.492736,0.503968,1,0
0.485045,0.501892,0.498352,1,0
0.473324,0.497497,0.495178,1,0
0.472348,0.490416,0.497375,1,0
0.472836,0.499817,0.493713,1,0
0.471981,0.501282,0.493224,1,0
0.495422,0.497986,0.495788,1,0
0.504944,0.460261,0.513613,1,0
0.495178,0.46197,0.520327,1,0
0.492492,0.479184,0.508851,1,0
0.510805,0.440728,0.523135,1,0
0.509462,0.442437,0.52692,1,0
0.509828,0.481382,0.513613,1,0
0.517153,0.485533,0.510438,1,0
0.545843,0.44085,0.5246,1,0
0.551947,0.478086,0.512392,1,0
0.543645,0.490538,0.513368,1,0
0.546087,0.49005,0.522525,1,0
0.547796,0.485045,0.523257,1,0
0.542303,0.490416,0.520083,1,0
0.540593,0.484434,0.52167,1,0
0.53864,0.47894,0.523379,1,0
0.533879,0.476377,0.518252,1,0
0.532414,0.474301,0.51874,1,0
0.524722,0.476987,0.51813,1,0
0.516176,0.481138,0.517763,1,0
0.511781,0.469173,0.523013,1,0
0.5047,0.470028,0.524966,1,0
0.500916,0.476621,0.527408,1,0
0.499451,0.473813,0.528507,1,0
0.493346,0.469418,0.522158,1,0
0.485655,0.469906,0.517763,1,0
0.482969,0.473935,0.517763,1,0
0.481382,0.470272,0.514589,1,0
0.476377,0.481748,0.504212,1,0
0.465267,0.498718,0.494445,1,0
0.467953,0.491881,0.502747,1,0
0.471615,0.488707,0.499573,1,0
0.475278,0.487364,0.496887,1,0
0.486998,0.493591,0.496887,1,1
0.504456,0.486143,0.499451,1,0
0.505555,0.487853,0.500671,1,0
0.506898,0.486265,0.506043,1,0
0.505189,0.48773,0.50934,1,0
0.492126,0.483213,0.507508,1,0
0.496398,0.481626,0.508241,1,0
0.495544,0.480039,0.511781,1,0
0.500916,0.483824,0.508363,1,0
0.494567,0.489562,0.504456,1,0
0.483091,0.493102,0.494689,1,0
0.48773,0.490783,0.490416,1,0
0.478086,0.484068,0.500671,1,0
0.478208,0.495178,0.496398,1,0
0.478574,0.511659,0.493102,1,0
0.48651,0.512147,0.499939,1,0
0.493468,0.500061,0.498352,1,0
0.493591,0.463313,0.516298,1,0
0.49005,0.470761,0.511659,1,0
0.494445,0.476254,0.509462,1,0
0.50934,0.450128,0.516909,1,0
0.510438,0.464778,0.526798,1,0
0.520571,0.475156,0.516787,1,0
0.529606,0.459285,0.523013,1,0
0.557807,0.461482,0.526676,1,0
0.55915,0.478452,0.519106,1,0
0.556831,0.485411,0.521792,1,0
0.547552,0.484678,0.524112,1,0
0.542425,0.485167,0.519595,1,0
0.537541,0.480772,0.515688,1,0
0.536442,0.479551,0.519106,1,0
0.529239,0.480894,0.514345,1,0
0.525943,0.48065,0.50702,1,0
0.522036,0.472226,0.513613,1,0
0.516665,0.474911,0.51288,1,0
0.510194,0.47247,0.514955,1,0
0.5047,0.471005,0.521304,1,0
0.501892,0.470272,0.529361,1,0
0.499206,0.471127,0.529972,1,0
0.496032,0.469051,0.526798,1,0
0.492492,0.472104,0.527652,1,0
0.487242,0.473446,0.522647,1,0
0.481748,0.473569,0.519228,1,0
0.478208,0.47894,0.5152,1,0
0.477475,0.48187,0.513002,1,0
0.468807,0.492858,0.501038,1,0
0.471249,0.497375,0.504944,1,0
0.474667,0.486265,0.503357,1,0
0.476865,0.49884,0.497009,1,1
0.4848,0.497375,0.500427,1,0
0.493591,0.491149,0.499084,1,0
0.506409,0.489928,0.501648,1,0
0.516543,0.485899,0.508607,1,0
0.5047,0.486387,0.506287,1,0
0.50177,0.481626,0.509828,1,0
0.499084,0.486632,0.51056,1,0
0.502259,0.477719,0.512392,1,0
0.503968,0.493346,0.506043,1,0
0.490416,0.495056,0.497009,1,0
0.478696,0.492248,0.486998,1,0
0.475888,0.491881,0.49298,1,0
0.470028,0.502259,0.488097,1,0
0.476132,0.520083,0.486876,1,0
0.492858,0.521304,0.495178,1,0
0.497009,0.475522,0.505433,1,0
0.496643,0.476499,0.507142,1,0
0.511171,0.465999,0.512025,1,0
0.526309,0.430106,0.523746,1,0
0.522769,0.476132,0.509462,1,0
0.532536,0.465267,0.528507,1,0
0.530827,0.47247,0.520571,1,0
0.541082,0.470394,0.523013,1,0
0.562691,0.470394,0.525455,1,0
0.563423,0.479062,0.526431,1,0
0.558662,0.486876,0.526431,1,0
0.54975,0.485655,0.524966,1,0
0.540838,0.481504,0.524356,1,0
0.533268,0.482481,0.518618,1,0
0.528873,0.479917,0.512392,1,0
0.523257,0.476743,0.508729,1,0
0.517031,0.472226,0.511049,1,0
0.508729,0.468441,0.523501,1,0
0.504334,0.473691,0.530094,1,0
0.502259,0.476377,0.527286,1,0
0.499573,0.472714,0.527896,1,0
0.499451,0.472958,0.528385,1,0
0.4953,0.472714,0.524722,1,0
0.488707,0.47247,0.520083,1,0
0.486876,0.471249,0.517886,1,0
0.483702,0.479795,0.51288,1,0
0.472348,0.494079,0.500549,1,0
0.475766,0.49005,0.505799,1,0
0.470394,0.496887,0.50116,1,0
0.471493,0.492736,0.49884,1,0
0.479184,0.486265,0.503846,1,0
0.489684,0.487486,0.501282,1,0
0.503601,0.49066,0.501038,1,0
0.518252,0.486876,0.505067,1,1
0.514101,0.479429,0.506287,1,0
0.501526,0.48065,0.505433,1,0
0.498962,0.485045,0.506409,1,0
0.496643,0.475278,0.51349,1,0
0.507386,0.479062,0.509584,1,0
0.498474,0.484312,0.504212,1,0
0.485167,0.4953,0.49005,1,0
0.484678,0.494323,0.486998,1,0
0.47247,0.492614,0.495056,1,0
0.472714,0.502991,0.48187,1,0
0.471493,0.515688,0.490905,1,0
0.478574,0.509706,0.510072,1,0
0.488341,0.499084,0.500916,1,0
0.498962,0.458064,0.513979,1,0
0.490416,0.451837,0.526554,1,0
0.499206,0.483213,0.506287,1,0
0.510682,0.457575,0.519717,1,0
0.5047,0.47833,0.523135,1,0
0.508485,0.498108,0.516298,1,0
0.518984,0.485289,0.514101,1,0
0.525088,0.454279,0.517641,1,0
0.541326,0.456355,0.521914,1,0
0.565499,0.482115,0.524966,1,0
0.558784,0.488097,0.524844,1,0
0.54975,0.485777,0.527652,1,0
0.544134,0.49591,0.523257,1,0
0.539739,0.488463,0.522525,1,0
0.53571,0.483702,0.519717,1,0
0.533757,0.482481,0.521914,1,0
0.532169,0.483091,0.521914,1,0
0.524112,0.483457,0.512392,1,0
0.522036,0.470761,0.513002,1,0
0.513735,0.475522,0.518008,1,0
0.506898,0.478208,0.518618,1,0
0.503601,0.470761,0.523379,1,0
0.500061,0.476132,0.528629,1,0
0.497619,0.474301,0.527774,1,0
0.493835,0.475644,0.5246,1,0
0.487364,0.469173,0.523257,1,0
0.484434,0.469296,0.522158,1,0
0.482115,0.471005,0.517397,1,0
0.480283,0.476254,0.513124,1,0
0.476987,0.493713,0.496154,1,0
0.473324,0.49591,0.501526,1,0
0.474423,0.49005,0.500549,1,0
0.477597,0.491027,0.498718,1,0
0.480894,0.49066,0.504334,1,0
0.477353,0.491393,0.492858,1,1
0.488951,0.491515,0.496032,1,0
0.507752,0.487608,0.500183,1,0
0.511049,0.483213,0.506043,1,0
0.506165,0.484556,0.504212,1,0
0.496521,0.481016,0.505433,1,0
0.495788,0.48126,0.509095,1,0
0.500427,0.48419,0.506654,1,0
0.495178,0.487364,0.505677,1,0
0.48712,0.488951,0.500305,1,0
0.485899,0.495422,0.495178,1,0
0.478574,0.499817,0.486265,1,0
0.47308,0.487242,0.49298,1,0
0.475522,0.494689,0.496276,1,0
0.473324,0.496276,0.482481,1,0
0.489562,0.486143,0.495422,1,0
0.508729,0.452448,0.523501,1,0
0.493957,0.454523,0.526676,1,0
0.48651,0.471371,0.521304,1,0
0.488219,0.47894,0.522525,1,0
0.491149,0.473691,0.515444,1,0
0.496765,0.477475,0.512147,1,0
0.509828,0.464778,0.511171,1,0
0.521182,0.470761,0.508973,1,0
0.535954,0.462825,0.512147,1,0
0.560371,0.466366,0.531559,1,0
0.553168,0.500183,0.51581,1,0
0.55268,0.486021,0.518984,1,0
0.545965,0.488707,0.522525,1,0
0.538152,0.487975,0.521792,1,0
0.53571,0.486021,0.515932,1,0
0.528873,0.479917,0.513857,1,0
0.526798,0.477109,0.51288,1,0
0.524478,0.475522,0.510316,1,0
0.520449,0.473813,0.511049,1,0
0.519351,0.472958,0.516054,1,0
0.51581,0.471249,0.518496,1,0
0.511659,0.467342,0.523868,1,0
0.508119,0.468319,0.532414,1,0
0.506532,0.471005,0.533634,1,0
0.501526,0.472958,0.531681,1,0
0.49591,0.469662,0.531803,1,0
0.493224,0.465511,0.525821,1,0
0.489806,0.46661,0.522158,1,0
0.488097,0.471005,0.517397,1,0
0.480527,0.480405,0.511659,1,0
0.477475,0.48773,0.507508,1,0
0.473935,0.496521,0.50409,1,0
0.477719,0.493346,0.503724,1,1
0.478086,0.494689,0.500794,1,0
0.479184,0.493591,0.502747,1,0
0.490416,0.492003,0.502869,1,0
0.500549,0.489928,0.496887,1,0
0.505921,0.487486,0.499573,1,0
0.518618,0.473691,0.507508,1,0
0.507142,0.475156,0.505921,1,0
0.49823,0.475888,0.502136,1,0
0.503846,0.476377,0.506287,1,0
0.508729,0.481382,0.509706,1,0
0.495544,0.499206,0.493591,1,0
0.491759,0.497009,0.489684,1,0
0.479917,0.48773,0.490905,1,0
0.476743,0.48944,0.501526,1,0
0.48712,0.521304,0.497131,1,0
0.48651,0.5246,0.489806,1,0
0.505189,0.484312,0.512636,2,0
0.502381,0.453302,0.525699,2,0
0.508485,0.459529,0.519717,2,0
0.505921,0.483091,0.525211,2,0
0.508851,0.453669,0.525577,2,0
0.517519,0.448785,0.527286,2,0
0.528019,0.457209,0.535954,2,0
0.531437,0.473935,0.536931,2,0
0.527652,0.462581,0.538884,2,0
0.525088,0.465633,0.532658,2,0
0.517153,0.47247,0.528263,2,0
0.515444,0.480405,0.528507,2,0
0.513613,0.479062,0.524722,2,0
0.511171,0.483213,0.521914,2,0
0.505677,0.480161,0.519228,2,0
0.506165,0.478208,0.518618,2,0
0.506776,0.480283,0.517031,2,0
0.507997,0.479795,0.51642,2,0
0.511903,0.479307,0.515688,2,0
0.512514,0.479917,0.514345,2,0
0.510438,0.478696,0.514223,2,0
0.511293,0.477719,0.515688,2,0
0.512514,0.473569,0.516176,2,0
0.510316,0.485289,0.509584,2,0
0.51056,0.48187,0.51288,2,0
0.513857,0.477353,0.515932,2,0
0.514345,0.476743,0.518008,2,0
0.513613,0.485655,0.51349,2,0
0.516176,0.48187,0.51642,2,0
0.518618,0.479795,0.518618,2,0
0.516909,0.485411,0.515688,2,0
0.517153,0.484556,0.518374,2,0
0.518008,0.481992,0.518374,2,0
0.516909,0.483091,0.517763,2,0
0.518984,0.480039,0.520938,2,0
0.519351,0.482969,0.521304,2,0
0.519717,0.485167,0.520205,2,0
0.518374,0.481138,0.520083,2,0
0.518496,0.485411,0.520938,2,0
0.519351,0.486021,0.521182,2,0
0.518862,0.484556,0.518618,2,0
0.51813,0.484678,0.519717,2,0
0.517641,0.487364,0.518496,2,0
0.518374,0.484678,0.518252,2,0
0.520205,0.484678,0.519717,2,0
0.519228,0.486021,0.519106,2,0
0.520205,0.483457,0.519839,2,0
0.519595,0.482237,0.520571,2,0
0.521792,0.485167,0.520571,2,0
0.521548,0.481748,0.517519,2,0
0.523501,0.484434,0.524966,2,0
0.518008,0.489318,0.519961,2,0
0.518374,0.485411,0.521548,2,0
0.516543,0.486754,0.521914,2,0
0.515078,0.485167,0.52106,2,0
0.515932,0.485655,0.521182,2,0
0.516298,0.4848,0.522403,2,0
0.515688,0.484312,0.52167,2,0
0.514223,0.486143,0.52106,2,0
0.513124,0.488707,0.519473,2,0
0.513735,0.486143,0.519473,2,0
0.515566,0.487486,0.521426,2,0
0.513246,0.486998,0.51874,2,0
0.515932,0.4848,0.521792,2,0
0.515078,0.485167,0.519839,2,0
0.515566,0.484434,0.521914,2,0
0.515566,0.482237,0.525088,2,0
0.513002,0.483457,0.522036,2,0
0.513246,0.483702,0.521548,2,0
0.512514,0.486021,0.521304,2,0
0.513735,0.4848,0.521182,2,0
0.513979,0.482237,0.521548,2,0
0.514345,0.485167,0.520449,2,0
0.514711,0.4848,0.521792,2,0
0.514467,0.4848,0.521182,2,0
0.514711,0.485289,0.521304,2,0
0.514711,0.484312,0.521304,2,0
0.514589,0.484556,0.521182,2,0
0.514589,0.484068,0.520938,2,0
0.513735,0.484434,0.521304,2,0
0.513735,0.484312,0.521426,2,0
0.514467,0.4848,0.521182,2,0
0.514101,0.484068,0.521426,2,0
0.51288,0.484556,0.52167,2,0
0.51349,0.483946,0.521304,2,0
0.513857,0.484312,0.521426,2,0
0.513735,0.484312,0.521914,2,0
0.513735,0.483824,0.520693,2,0
0.514833,0.484434,0.520816,2,0
0.514467,0.484922,0.521304,2,0
0.514345,0.484434,0.521304,2,0
0.514101,0.484556,0.521304,2,0
0.51349,0.484434,0.521182,2,0
0.51349,0.485655,0.521792,2,0
0.513246,0.482237,0.520571,2,0
0.512514,0.481504,0.520816,2,0
0.512758,0.484068,0.521792,2,0
0.513979,0.484678,0.521426,2,0
0.51349,0.483091,0.521182,2,0
0.513368,0.484434,0.520693,2,0
0.51349,0.483702,0.52167,2,0
0.512025,0.483335,0.521914,2,0
0.511171,0.480894,0.520938,2,0
0.513124,0.483824,0.521548,2,0
0.514223,0.485289,0.521182,2,0
0.513613,0.484922,0.521304,2,0
0.513246,0.483213,0.520571,2,0
0.513857,0.482481,0.520205,2,0
0.513246,0.483335,0.521426,2,0
0.513002,0.482237,0.521426,2,0
0.514955,0.484434,0.520938,2,0
0.517397,0.483457,0.519839,2,0
0.52167,0.484312,0.520449,2,0
0.521304,0.481504,0.522158,2,0
0.519473,0.484068,0.520205,2,0
0.520205,0.48187,0.521792,2,0
0.518496,0.483213,0.522036,2,0
0.517397,0.484922,0.521182,2,0
0.51581,0.485411,0.518862,2,0
0.516543,0.484068,0.520327,2,0
0.51642,0.48419,0.520816,2,0
0.517641,0.48358,0.521792,2,0
0.516298,0.485655,0.518252,2,0
0.515932,0.483946,0.519351,2,0
0.516176,0.484678,0.520083,2,0
0.516054,0.485777,0.520205,2,0
0.514955,0.484678,0.518618,2,0
0.514467,0.485289,0.519351,2,0
0.514955,0.485655,0.520693,2,0
0.514345,0.484922,0.520083,2,0
0.514345,0.483702,0.518862,2,0
0.513368,0.485411,0.519351,2,0
0.513368,0.484434,0.520816,2,0
0.513735,0.48358,0.520449,2,0
0.514955,0.484434,0.520083,2,0
0.516054,0.4848,0.521914,2,0
0.51581,0.486021,0.521914,2,0
0.51581,0.485289,0.521304,2,0
0.516298,0.486632,0.522525,2,0
0.516054,0.486632,0.523135,2,0
0.51581,0.48773,0.522158,2,0
0.51581,0.486265,0.523623,2,0
0.515688,0.486998,0.522891,2,0
0.51642,0.489073,0.52106,2,0
0.516665,0.486265,0.521548,2,0
0.517397,0.487364,0.521182,2,0
0.517397,0.488097,0.521304,2,0
0.516665,0.487486,0.521548,2,0
0.515566,0.488707,0.520449,2,0
0.516176,0.488951,0.521914,2,0
0.515932,0.488585,0.521792,2,0
0.514955,0.488585,0.52106,2,0
0.515322,0.489806,0.522525,2,0
0.514955,0.489806,0.523501,2,0
0.513979,0.489195,0.522769,2,0
0.514223,0.489684,0.525088,2,0
0.513735,0.488707,0.524112,2,0
0.513613,0.488707,0.524722,2,0
0.513979,0.487608,0.525088,2,0
0.513246,0.488219,0.524966,2,0
0.512636,0.486754,0.524356,2,0
0.51288,0.486754,0.524112,2,0
0.51349,0.48651,0.523257,2,0
0.514223,0.485533,0.523379,2,0
0.515444,0.485777,0.523257,2,0
0.515932,0.487242,0.522647,2,0
0.514833,0.487608,0.522158,2,0
0.514467,0.489073,0.521182,2,0
0.514345,0.488341,0.521914,2,0
0.5152,0.486998,0.521426,2,0
0.516665,0.484556,0.522158,2,0
0.516909,0.485899,0.522891,2,0
0.513735,0.486998,0.520449,2,0
0.511049,0.487242,0.519473,2,0
0.510805,0.486632,0.521182,2,0
0.509584,0.486754,0.519717,2,0
0.508973,0.48651,0.520083,2,0
0.508119,0.4848,0.520816,2,0
0.508607,0.483335,0.521182,2,0
0.511293,0.481626,0.523013,2,0
0.513368,0.479307,0.523868,2,0
0.513368,0.479184,0.522769,2,0
0.512025,0.480039,0.52167,2,0
0.511293,0.481504,0.52106,2,0
0.511171,0.482481,0.51874,2,0
0.511659,0.482481,0.518862,2,0
0.51227,0.482115,0.519351,2,0
0.512025,0.482847,0.51874,2,0
0.513368,0.482603,0.516787,2,0
0.514223,0.479795,0.520205,2,0
0.514101,0.481748,0.519595,2,0
0.513735,0.481748,0.518862,2,0
0.513857,0.481382,0.519839,2,0
0.513857,0.481992,0.520693,2,0
0.514101,0.483091,0.520449,2,0
0.514223,0.482969,0.519717,2,0
0.515688,0.482359,0.522158,2,0
0.515444,0.483335,0.521182,2,0
0.5152,0.484312,0.520327,2,0
0.515688,0.48419,0.522281,2,0
0.515566,0.48419,0.52167,2,0
0.514955,0.4848,0.521426,2,0
0.5152,0.484068,0.520816,2,0
0.5152,0.483946,0.521792,2,0
0.514101,0.484068,0.521914,2,0
0.51349,0.48419,0.52167,2,0
0.514223,0.483335,0.522891,2,0
0.513613,0.484068,0.523135,2,0
0.513368,0.485167,0.523257,2,0
0.512758,0.485655,0.522525,2,0
0.511781,0.486143,0.522769,2,0
0.512392,0.48651,0.523013,2,0
0.512636,0.487608,0.522158,2,0
0.512392,0.486143,0.521914,2,0
0.512147,0.487486,0.523623,2,0
0.511903,0.487853,0.523623,2,0
0.511171,0.487486,0.521548,2,0
0.512025,0.487242,0.523013,2,0
0.512147,0.487486,0.524234,2,0
0.512147,0.487853,0.523746,2,0
0.512147,0.487364,0.523013,2,0
0.511903,0.48712,0.523501,2,0
0.511903,0.487364,0.523623,2,0
0.511903,0.487853,0.523501,2,0
0.510927,0.487975,0.523501,2,0
0.510682,0.488097,0.524234,2,0
0.509828,0.488707,0.525211,2,0
0.508851,0.488829,0.525455,2,0
0.509095,0.488463,0.526431,2,0
0.509828,0.488097,0.526798,2,0
0.510316,0.487486,0.525699,2,0
0.50934,0.488097,0.5246,2,0
0.510194,0.488463,0.524478,2,0
0.510438,0.488951,0.523623,2,0
0.511049,0.488585,0.523379,2,0
0.511049,0.488951,0.522647,2,0
0.511415,0.489073,0.522281,2,0
0.511659,0.488097,0.522403,2,0
0.511781,0.488463,0.521304,2,0
0.512514,0.487608,0.520938,2,0
0.51288,0.487242,0.52167,2,0
0.512514,0.486387,0.519717,2,0
0.513735,0.486265,0.521304,2,0
0.514589,0.484922,0.523379,2,0
0.514955,0.485899,0.523013,2,0
0.515566,0.488219,0.523501,2,0
0.5152,0.486876,0.524356,2,0
0.515688,0.486876,0.525821,2,0
0.515444,0.485777,0.525577,2,0
0.514833,0.486143,0.5246,2,0
0.514955,0.486021,0.523623,2,0
0.515444,0.4848,0.523623,2,0
0.515566,0.485167,0.521914,2,0
0.515932,0.484312,0.522769,2,0
0.515566,0.4848,0.520816,2,0
0.516054,0.4848,0.519595,2,0
0.516787,0.485167,0.520327,2,0
0.516298,0.485167,0.519717,2,0
0.515932,0.485899,0.518862,2,0
0.516543,0.485899,0.519351,2,0
0.516787,0.485533,0.520571,2,0
0.516054,0.48712,0.52106,2,0
0.516298,0.48712,0.52167,2,0
0.517275,0.48651,0.522647,2,0
0.516787,0.485655,0.523868,2,0
0.5152,0.485899,0.526065,2,0
0.512514,0.4848,0.531437,2,0
0.513857,0.483946,0.533757,2,0
0.514711,0.482359,0.537053,2,0
0.512147,0.484678,0.535344,2,0
0.509462,0.4848,0.536687,2,0
0.510805,0.486265,0.537419,2,0
0.510316,0.487975,0.534367,2,0
0.508363,0.488341,0.533634,2,0
0.506532,0.485655,0.532414,2,0
0.504212,0.489318,0.530949,2,1
0.501526,0.486998,0.531315,2,0
0.500183,0.484312,0.531925,2,0
0.501526,0.486998,0.527042,2,0
0.498718,0.493957,0.521914,2,0
0.494933,0.493224,0.5152,2,0
0.495422,0.487242,0.512758,2,0
0.491881,0.482359,0.507142,2,0
0.485167,0.474911,0.504212,2,0
0.485777,0.471981,0.506165,2,0
0.486387,0.475766,0.508241,2,0
0.487364,0.481138,0.512025,2,0
0.488829,0.489684,0.516543,2,0
0.488219,0.49591,0.51874,2,0
0.489195,0.499329,0.521792,2,0
0.488951,0.5047,0.522647,2,0
0.490294,0.504212,0.522891,2,0
0.490294,0.5047,0.524356,2,0
0.491027,0.509095,0.523868,2,0
0.49298,0.509706,0.523135,2,0
0.49298,0.511293,0.523623,2,0
0.493468,0.513735,0.523135,2,0
0.495788,0.515566,0.522525,2,0
0.495056,0.513124,0.522403,2,0
0.496032,0.51056,0.521548,2,0
0.498596,0.510805,0.522036,2,0
0.499573,0.508729,0.523257,2,0
0.49884,0.504212,0.520205,2,0
0.500183,0.494567,0.524722,2,0
0.504334,0.502259,0.526187,2,0
0.502869,0.493102,0.52692,2,0
0.505921,0.483946,0.5351,2,0
0.508363,0.487608,0.529606,2,0
0.51056,0.479062,0.533634,2,0
0.511415,0.474667,0.537541,2,0
0.508485,0.476132,0.53046,2,0
0.513613,0.475644,0.532292,2,0
0.512025,0.479062,0.532658,2,0
0.508607,0.475888,0.531681,2,0
0.512147,0.479551,0.53339,2,0
0.511659,0.485655,0.530338,2,0
0.510194,0.481748,0.535466,2,0
0.509462,0.482969,0.539617,2,0
0.509462,0.489318,0.539373,2,0
0.509095,0.485899,0.54218,2,0
0.508729,0.486265,0.546575,2,0
0.51056,0.491027,0.543279,2,0
0.510072,0.488951,0.543768,2,0
0.511903,0.493224,0.537297,2,0
0.512147,0.489318,0.532047,2,1
0.510072,0.492492,0.525577,2,0
0.507874,0.491515,0.519228,2,0
0.504578,0.493102,0.513124,2,0
0.502381,0.493957,0.511293,2,0
0.501282,0.491271,0.51056,2,0
0.500305,0.488829,0.509828,2,0
0.497619,0.487364,0.510438,2,0
0.495178,0.481016,0.513735,2,0
0.493102,0.484312,0.516054,2,0
0.492858,0.481504,0.517886,2,0
0.492858,0.482603,0.521914,2,0
0.494567,0.48358,0.522158,2,0
0.494079,0.483335,0.522647,2,0
0.495666,0.483824,0.524112,2,0
0.496643,0.48712,0.523623,2,0
0.497009,0.49005,0.527408,2,0
0.496032,0.491393,0.530338,2,0
0.497497,0.497741,0.52985,2,0
0.497986,0.503235,0.530338,2,0
0.498718,0.509584,0.529484,2,0
0.495666,0.511537,0.528019,2,0
0.494567,0.509828,0.528019,2,0
0.499939,0.517031,0.522525,2,0
0.499695,0.516909,0.518496,2,0
0.500549,0.510682,0.517031,2,0
0.502869,0.51349,0.517519,2,0
0.498474,0.507997,0.51642,2,0
0.500305,0.500549,0.520327,2,0
0.502503,0.503846,0.524112,2,0
0.502503,0.496032,0.529972,2,0
0.506898,0.495666,0.533146,2,0
0.505799,0.496154,0.530704,2,0
0.50995,0.4848,0.538396,2,0
0.510805,0.491515,0.530704,2,0
0.51056,0.481138,0.532169,2,0
0.513613,0.477964,0.533757,2,0
0.507874,0.478696,0.530827,2,0
0.511537,0.478696,0.532047,2,0
0.511293,0.480283,0.531315,2,0
0.510682,0.483213,0.533757,2,0
0.511293,0.486265,0.533024,2,0
0.510316,0.482725,0.538762,2,0
0.512025,0.487242,0.537907,2,0
0.50995,0.486143,0.539128,2,0
0.510927,0.486265,0.540593,2,0
0.511171,0.49005,0.53803,2,0
0.510194,0.488463,0.540105,2,0
0.510927,0.49298,0.539739,2,1
0.508607,0.493346,0.539006,2,0
0.509217,0.495666,0.537785,2,0
0.508485,0.494567,0.534611,2,0
0.508363,0.494811,0.529606,2,0
0.505921,0.494323,0.525088,2,0
0.504334,0.493346,0.52167,2,0
0.500305,0.492003,0.519228,2,0
0.500061,0.490172,0.516543,2,0
0.496032,0.491393,0.511537,2,0
0.493713,0.483946,0.51227,2,0
0.49237,0.483824,0.511903,2,0
0.490294,0.481504,0.510927,2,0
0.489684,0.482725,0.514345,2,0
0.490416,0.481992,0.518008,2,0
0.491759,0.485777,0.520205,2,0
0.492126,0.489318,0.522403,2,0
0.493835,0.491515,0.522891,2,0
0.49298,0.493591,0.525211,2,0
0.493835,0.495666,0.52692,2,0
0.496276,0.502381,0.527164,2,0
0.494567,0.504578,0.526431,2,0
0.493591,0.503846,0.527408,2,0
0.494933,0.509462,0.524844,2,0
0.493591,0.509584,0.525211,2,0
0.493102,0.50702,0.524966,2,0
0.495178,0.511415,0.523379,2,0
0.494933,0.508973,0.524478,2,0
0.496032,0.507752,0.525455,2,0
0.496887,0.504212,0.523501,2,0
0.498474,0.499939,0.523257,2,0
0.498352,0.502625,0.523379,2,0
0.498718,0.499817,0.528019,2,0
0.500671,0.500916,0.528629,2,0
0.501648,0.496276,0.530094,2,0
0.505189,0.494323,0.531437,2,0
0.503968,0.491393,0.530704,2,0
0.507142,0.492858,0.531193,2,0
0.503846,0.489195,0.53046,2,0
0.50763,0.488463,0.531803,2,0
0.506898,0.489684,0.527408,2,0
0.508973,0.485777,0.531437,2,0
0.508973,0.489318,0.527896,2,0
0.507264,0.483457,0.529606,2,0
0.510072,0.487486,0.529117,2,0
0.507752,0.484678,0.529361,2,0
0.509095,0.486021,0.531193,2,0
0.510316,0.491027,0.530827,2,0
0.509584,0.486876,0.531803,2,1
0.509828,0.486265,0.535344,2,0
0.50995,0.489073,0.535588,2,0
0.509462,0.485899,0.538152,2,0
0.508729,0.488097,0.539373,2,0
0.508851,0.490172,0.539739,2,0
0.508119,0.490905,0.541936,2,0
0.50763,0.492248,0.542913,2,0
0.50763,0.492492,0.541204,2,0
0.507752,0.49298,0.536809,2,0
0.507752,0.491515,0.533146,2,0
0.505921,0.491881,0.526431,2,0
0.505067,0.489806,0.524722,2,0
0.503235,0.489073,0.520571,2,0
0.500427,0.488707,0.516176,2,0
0.497619,0.485533,0.515566,2,0
0.49591,0.484678,0.513368,2,0
0.49237,0.480894,0.512636,2,0
0.492492,0.483457,0.514345,2,0
0.492248,0.487242,0.515322,2,0
0.492858,0.484922,0.520083,2,0
0.493591,0.490783,0.52167,2,0
0.493835,0.491393,0.52167,2,0
0.495178,0.495178,0.523135,2,0
0.494567,0.500183,0.523135,2,0
0.494445,0.503968,0.523135,2,0
0.49298,0.507508,0.522525,2,0
0.49298,0.508851,0.522403,2,0
0.493591,0.509706,0.521426,2,0
0.49237,0.50934,0.520327,2,0
0.493224,0.507752,0.520816,2,0
0.494079,0.50934,0.521548,2,0
0.494811,0.505067,0.523013,2,0
0.498352,0.507386,0.523501,2,0
0.499206,0.507386,0.523379,2,0
0.498596,0.502869,0.526309,2,0
0.504578,0.507997,0.524844,2,0
0.500183,0.499573,0.527652,2,0
0.506043,0.502991,0.530338,2,0
0.507874,0.501038,0.528873,2,0
0.508973,0.48944,0.532414,2,0
0.51581,0.4953,0.529606,2,0
0.510805,0.484434,0.53046,2,0
0.519961,0.482115,0.532536,2,0
0.510194,0.481382,0.529972,2,0
0.511659,0.4754,0.534245,2,0
0.515444,0.477353,0.533634,2,0
0.510072,0.476377,0.533024,2,0
0.51056,0.476132,0.53571,2,0
0.51056,0.478574,0.537663,2,1
0.510927,0.48065,0.539495,2,0
0.510072,0.481992,0.542303,2,0
0.508241,0.4848,0.545965,2,0
0.50995,0.486143,0.54975,2,0
0.510316,0.489318,0.546698,2,0
0.511903,0.488951,0.54511,2,0
0.511781,0.49066,0.54096,2,0
0.513002,0.49237,0.532169,2,0
0.510682,0.492614,0.523501,2,0
0.507142,0.493957,0.515932,2,0
0.503968,0.495056,0.511537,2,0
0.501648,0.493346,0.507874,2,0
0.498718,0.489195,0.50934,2,0
0.496276,0.486632,0.509584,2,0
0.494567,0.484678,0.510438,2,0
0.492126,0.482725,0.513124,2,0
0.491515,0.47833,0.51581,2,0
0.491027,0.481382,0.51642,2,0
0.490294,0.480283,0.520938,2,0
0.492858,0.484312,0.522769,2,0
0.493713,0.489562,0.524356,2,0
0.494201,0.49237,0.526187,2,0
0.4953,0.498352,0.527164,2,0
0.493224,0.500061,0.52692,2,0
0.493713,0.503235,0.527408,2,0
0.493346,0.507386,0.526065,2,0
0.493591,0.508485,0.525088,2,0
0.495178,0.512025,0.52399,2,0
0.494567,0.511049,0.522647,2,0
0.496887,0.509706,0.521182,2,0
0.497009,0.513246,0.521182,2,0
0.496032,0.507386,0.522525,2,0
0.498108,0.505189,0.523501,2,0
0.499084,0.503479,0.524478,2,0
0.501526,0.49823,0.526431,2,0
0.501526,0.500305,0.527774,2,0
0.501282,0.4953,0.529117,2,0
0.505921,0.49298,0.529972,2,0
0.503235,0.485167,0.531437,2,0
0.504334,0.484678,0.532414,2,0
0.506043,0.486265,0.528507,2,0
0.507874,0.479062,0.533512,2,0
0.506654,0.48419,0.530094,2,0
0.505921,0.479795,0.530216,2,0
0.508241,0.479062,0.53339,2,0
0.50763,0.481748,0.532536,2,0
0.506409,0.481504,0.531437,2,0
0.505311,0.48065,0.53571,2,0
0.507264,0.485167,0.538396,2,1
0.506532,0.485289,0.540838,2,0
0.504822,0.487486,0.545355,2,0
0.505067,0.486387,0.548163,2,0
0.506043,0.488951,0.544378,2,0
0.506532,0.487608,0.541814,2,0
0.50763,0.489195,0.536565,2,0
0.507264,0.491759,0.529239,2,0
0.506409,0.489806,0.522769,2,0
0.503235,0.49066,0.516176,2,0
0.498596,0.488951,0.510438,2,0
0.498352,0.488097,0.507997,2,0
0.493468,0.48651,0.508241,2,0
0.492492,0.485045,0.509217,2,0
0.492126,0.480772,0.513613,2,0
0.491881,0.479917,0.516543,2,0
0.491149,0.479429,0.51874,2,0
0.491637,0.478696,0.522647,2,0
0.493224,0.485777,0.521304,2,0
0.49298,0.488219,0.521792,2,0
0.493835,0.492003,0.525088,2,0
0.494811,0.496521,0.525699,2,0
0.493957,0.500305,0.526676,2,0
0.492126,0.500671,0.52753,2,0
0.493835,0.504944,0.526309,2,0
0.493713,0.507997,0.5246,2,0
0.495056,0.506287,0.524722,2,0
0.498352,0.514101,0.522891,2,0
0.499695,0.514955,0.520327,2,0
0.494567,0.506409,0.520571,2,0
0.500916,0.513002,0.520571,2,0
0.499695,0.50763,0.520449,2,0
0.498108,0.499573,0.520693,2,0
0.496032,0.502136,0.523746,2,0
0.495422,0.499451,0.52692,2,0
0.496887,0.491027,0.52985,2,0
0.501038,0.489195,0.530949,2,0
0.501526,0.484556,0.530949,2,0
0.50409,0.477109,0.534489,2,0
0.504822,0.478696,0.533146,2,0
0.505921,0.477719,0.530949,2,0
0.505555,0.476987,0.531315,2,0
0.506165,0.477109,0.533512,2,0
0.507386,0.478208,0.532658,2,0
0.507264,0.477475,0.533512,2,0
0.50702,0.478818,0.534733,2,0
0.507874,0.482359,0.534367,2,0
0.507997,0.481626,0.537053,2,0
0.506654,0.484068,0.539617,2,1
0.505555,0.486387,0.543401,2,0
0.504822,0.483457,0.546209,2,0
0.508973,0.486387,0.542547,2,0
0.509706,0.485655,0.53864,2,0
0.50934,0.485899,0.53339,2,0
0.508729,0.487853,0.527652,2,0
0.506532,0.491759,0.520816,2,0
0.503968,0.492003,0.515932,2,0
0.501648,0.498718,0.511171,2,0
0.495056,0.490172,0.508241,2,0
0.497619,0.484922,0.508363,2,0
0.496154,0.482481,0.50702,2,0
0.493713,0.474301,0.50995,2,0
0.493102,0.474057,0.512514,2,0
0.491149,0.472592,0.51642,2,0
0.48944,0.46954,0.52106,2,0
0.493468,0.474667,0.520816,2,0
0.496276,0.478818,0.520083,2,0
0.493835,0.48126,0.522891,2,0
0.496398,0.488219,0.522036,2,0
0.498352,0.495666,0.521914,2,0
0.49298,0.496643,0.5246,2,0
0.494567,0.50116,0.525088,2,0
0.494079,0.508119,0.524844,2,0
0.491271,0.50763,0.5246,2,0
0.493346,0.509462,0.524844,2,0
0.494689,0.513613,0.523868,2,0
0.494445,0.509095,0.52399,2,0
0.495544,0.507997,0.523257,2,0
0.497619,0.507752,0.521304,2,0
0.497497,0.50177,0.521182,2,0
0.499451,0.502503,0.521182,2,0
0.500305,0.501526,0.521304,2,0
0.501526,0.498596,0.523623,2,0
0.498962,0.482359,0.523379,2,0
0.500427,0.477597,0.53046,2,0
0.503968,0.478574,0.531071,2,0
0.506532,0.473691,0.52985,2,0
0.508363,0.468929,0.530827,2,0
0.507874,0.47015,0.530094,2,0
0.508729,0.471005,0.528263,2,0
0.50763,0.470028,0.528019,2,0
0.507386,0.474789,0.527286,2,0
0.507997,0.474667,0.526187,2,0
0.508485,0.477353,0.526065,2,0
0.508119,0.47894,0.526309,2,0
0.508973,0.480161,0.528141,2,0
0.507997,0.48126,0.529239,2,1
0.507264,0.481138,0.532658,2,0
0.506165,0.480527,0.538884,2,0
0.506287,0.480894,0.54157,2,0
0.506287,0.480772,0.54157,2,0
0.506532,0.479917,0.542303,2,0
0.507264,0.48358,0.535466,2,0
0.50763,0.485899,0.531559,2,0
0.505921,0.486998,0.527042,2,0
0.505555,0.489806,0.520205,2,0
0.500427,0.490538,0.513735,2,0
0.499573,0.492126,0.511537,2,0
0.497375,0.492003,0.507386,2,0
0.495666,0.487975,0.508363,2,0
0.496276,0.48419,0.509217,2,0
0.492858,0.482725,0.508729,2,0
0.491027,0.477719,0.50763,2,0
0.492003,0.474545,0.510927,3,0
0.49005,0.477842,0.511049,3,0
0.49005,0.478452,0.515566,3,0
0.49237,0.483946,0.520327,3,0
0.492126,0.488341,0.523379,3,0
0.49298,0.492003,0.526309,3,0
0.494201,0.497986,0.526554,3,0
0.496032,0.500427,0.526676,3,0
0.495544,0.503968,0.525821,3,0
0.494811,0.505433,0.524844,3,0
0.497131,0.50763,0.524966,3,0
0.498352,0.505067,0.526065,3,0
0.500183,0.503479,0.524844,3,0
0.503235,0.501892,0.52753,3,0
0.502503,0.501648,0.52753,3,0
0.504578,0.496521,0.527286,3,0
0.504578,0.494689,0.526309,3,0
0.499939,0.490905,0.527042,3,0
0.501648,0.487853,0.529972,3,0
0.501526,0.481748,0.531071,3,0
0.503113,0.475278,0.531925,3,0
0.50177,0.472592,0.531437,3,0
0.502503,0.473324,0.531193,3,0
0.500671,0.473935,0.529117,3,0
0.501526,0.475766,0.529606,3,0
0.503724,0.479795,0.528751,3,0
0.503601,0.482603,0.52753,3,0
0.503968,0.483091,0.527774,3,0
0.505311,0.484312,0.527774,3,0
0.505067,0.485045,0.525455,3,0
0.507508,0.484312,0.52692,3,0
0.505311,0.487486,0.525699,3,0
0.506165,0.48712,0.525333,3,0
0.505799,0.485289,0.525943,3,0
0.507997,0.48712,0.526431,3,0
0.509095,0.486754,0.523746,3,0
0.511293,0.484434,0.525455,3,0
0.512514,0.485289,0.525821,3,0
0.512147,0.486265,0.523746,3,0
0.513246,0.487608,0.525211,3,0
0.513002,0.488585,0.524722,3,0
0.513368,0.489684,0.523135,3,0
0.513246,0.487608,0.523013,3,0
0.514955,0.490172,0.522403,3,0
0.515322,0.490538,0.52167,3,0
0.51642,0.488829,0.521426,3,0
0.518374,0.491149,0.521548,3,0
0.518496,0.490294,0.519595,3,0
0.518496,0.487486,0.521426,3,0
0.520327,0.49066,0.521426,3,0
0.519839,0.488219,0.520327,3,0
0.518496,0.489806,0.521304,3,0
0.518496,0.489195,0.522036,3,0
0.517886,0.489073,0.522525,3,0
0.519595,0.488829,0.521548,3,0
0.517397,0.48944,0.521914,3,0
0.518374,0.489684,0.522891,3,0
0.51813,0.48944,0.522403,3,0
0.51642,0.488097,0.523257,3,0
0.517886,0.48944,0.524966,3,0
0.516909,0.488219,0.522769,3,0
0.516787,0.486387,0.524722,3,0
0.517397,0.487608,0.523623,3,0
0.516543,0.488585,0.521548,3,0
0.515566,0.488463,0.522647,3,0
0.515932,0.489073,0.523623,3,0
0.515444,0.489073,0.522281,3,0
0.51642,0.486632,0.522403,3,0
0.516543,0.487608,0.523013,3,0
0.515078,0.488707,0.523013,3,0
0.515688,0.488219,0.522281,3,0
0.515078,0.486998,0.523379,3,0
0.515078,0.487242,0.523501,3,0
0.515444,0.488585,0.522036,3,0
0.515322,0.486876,0.522525,3,0
0.515566,0.487608,0.522647,3,0
0.515566,0.487975,0.521548,3,0
0.515322,0.488219,0.522158,3,0
0.515322,0.48712,0.521548,3,0
0.515688,0.487608,0.521792,3,0
0.515688,0.485777,0.523135,3,0
0.515322,0.486021,0.522525,3,0
0.516909,0.485777,0.523257,3,0
0.515444,0.486632,0.523379,3,0
0.514955,0.490294,0.520449,3,0
0.515688,0.489928,0.519595,3,0
0.515932,0.487486,0.522647,3,0
0.516176,0.488463,0.521792,3,0
0.515688,0.487364,0.523257,3,0
0.515566,0.486754,0.522891,3,0
0.5152,0.487486,0.522281,3,0
0.514833,0.486387,0.522281,3,0
0.5152,0.487242,0.522769,3,0
0.514467,0.488219,0.521304,3,0
0.515566,0.485289,0.523623,3,0
0.515322,0.486387,0.522891,3,0
0.514833,0.485411,0.522647,3,0
0.5152,0.48651,0.523623,3,0
0.5152,0.485533,0.523746,3,0
0.514345,0.48651,0.522769,3,0
0.514467,0.48651,0.521792,3,0
0.514467,0.486387,0.521914,3,0
0.514101,0.48651,0.522769,3,0
0.513368,0.486998,0.520938,3,0
0.514467,0.485655,0.521426,3,0
0.514589,0.485533,0.521426,3,0
0.514711,0.48651,0.521304,3,0
0.514711,0.486143,0.521548,3,0
0.514223,0.485655,0.520327,3,0
0.513857,0.486143,0.522036,3,0
0.513979,0.487242,0.521304,3,0
0.514345,0.4848,0.521792,3,0
0.514589,0.484922,0.521548,3,0
0.513613,0.486265,0.520938,3,0
0.514711,0.485533,0.52167,3,0
0.514711,0.485289,0.521426,3,0
0.514833,0.484434,0.523013,3,0
0.514955,0.486143,0.521182,3,0
0.516543,0.485411,0.52106,3,0
0.5152,0.48065,0.522525,3,0
0.514467,0.481626,0.522891,3,0
0.5152,0.482359,0.521182,3,0
0.513002,0.474667,0.519351,3,0
0.514467,0.4754,0.521304,3,0
0.515688,0.48187,0.518374,3,0
0.515688,0.479795,0.51349,3,0
0.513368,0.471859,0.51581,3,0
0.514223,0.479673,0.514345,3,0
0.516543,0.476254,0.515078,3,0
0.513735,0.476743,0.510072,3,0
0.510927,0.476377,0.506409,3,0
0.510927,0.474301,0.510316,3,0
0.508119,0.471493,0.506532,3,0
0.504822,0.471127,0.503235,3,0
0.506776,0.471859,0.500671,3,0
0.507752,0.470516,0.500061,3,0
0.504578,0.462947,0.498108,3,0
0.503846,0.465145,0.491393,3,0
0.505799,0.469051,0.48651,3,0
0.504822,0.468075,0.488097,3,0
0.502381,0.465023,0.487486,3,0
0.501526,0.470272,0.484434,3,0
0.502503,0.472714,0.484556,3,0
0.503601,0.471981,0.483824,3,0
0.504944,0.472226,0.484678,3,0
0.505555,0.473446,0.483091,3,0
0.506287,0.474789,0.482603,3,0
0.506776,0.476254,0.482359,3,0
0.507874,0.475644,0.481382,3,0
0.509462,0.4754,0.481138,3,0
0.508607,0.4754,0.479307,3,0
0.508241,0.474789,0.478574,3,0
0.508485,0.474179,0.479062,3,0
0.508241,0.473324,0.480039,3,0
0.508607,0.474301,0.479307,3,0
0.508607,0.474301,0.479551,3,0
0.509095,0.474667,0.479307,3,0
0.509462,0.474545,0.478452,3,0
0.510438,0.474301,0.477842,3,0
0.510072,0.474789,0.479429,3,0
0.510316,0.474057,0.479795,3,0
0.510316,0.475034,0.478574,3,0
0.50995,0.475156,0.479307,3,0
0.509462,0.474423,0.479795,3,0
0.51056,0.475522,0.479551,3,0
0.510805,0.475034,0.479673,3,0
0.51056,0.475888,0.479673,3,0
0.510438,0.476132,0.480039,3,0
0.510438,0.475888,0.479673,3,0
0.51056,0.476377,0.478696,3,0
0.511415,0.476132,0.478818,3,0
0.510927,0.4754,0.478452,3,0
0.510805,0.474545,0.47833,3,0
0.510438,0.474789,0.478208,3,0
0.50995,0.474789,0.478208,3,0
0.509217,0.473569,0.479062,3,0
0.509706,0.474179,0.478696,3,0
0.510072,0.474911,0.478452,3,0
0.509095,0.4754,0.478818,3,0
0.508485,0.475278,0.479673,3,0
0.509217,0.475644,0.478696,3,0
0.50934,0.477109,0.47894,3,0
0.509095,0.477109,0.480283,3,0
0.508851,0.477964,0.480039,3,0
0.508729,0.47833,0.479429,3,0
0.508485,0.478574,0.479917,3,0
0.508485,0.478818,0.480039,3,0
0.508729,0.478452,0.479307,3,0
0.508973,0.478086,0.479062,3,0
0.509584,0.476621,0.478086,3,0
0.50995,0.476743,0.477475,3,0
0.50995,0.476254,0.47833,3,0
0.510072,0.477231,0.476987,3,0
0.511049,0.476987,0.476621,3,0
0.511537,0.477353,0.476743,3,0
0.511537,0.477597,0.477842,3,0
0.511293,0.477353,0.476377,3,0
0.511049,0.477109,0.476865,3,0
0.511049,0.476621,0.476377,3,0
0.510927,0.477353,0.476254,3,0
0.510682,0.477353,0.476499,3,0
0.510805,0.477353,0.476865,3,0
0.510805,0.477597,0.476377,3,0
0.511049,0.477231,0.476377,3,0
0.511049,0.477475,0.476132,3,0
0.510927,0.477842,0.47601,3,0
0.51056,0.477842,0.476377,3,0
0.510072,0.477964,0.475766,3,0
0.509706,0.478696,0.475522,3,0
0.509584,0.478086,0.475278,3,0
0.509584,0.477109,0.474789,3,0
0.509095,0.477231,0.4754,3,0
0.509095,0.478208,0.475156,3,0
0.508973,0.478452,0.4754,3,0
0.508607,0.479184,0.474911,3,0
0.508485,0.47894,0.474789,3,0
0.507752,0.479673,0.474789,3,0
0.50763,0.480039,0.473691,3,0
0.507508,0.479795,0.473691,3,0
0.50702,0.479917,0.472836,3,0
0.506532,0.480405,0.472592,3,0
0.505921,0.480772,0.472836,3,0
0.505189,0.481016,0.472592,3,0
0.504212,0.480772,0.472958,3,0
0.503601,0.481504,0.473813,3,0
0.502625,0.481504,0.474179,3,0
0.50177,0.480527,0.473691,3,0
0.501404,0.479429,0.473813,3,0
0.501526,0.479429,0.473935,3,0
0.501648,0.479429,0.475644,3,0
0.501282,0.479429,0.476132,3,0
0.500916,0.479795,0.474179,3,0
0.500794,0.479062,0.474545,3,0
0.500305,0.479307,0.474179,3,0
0.499939,0.478696,0.473569,3,0
0.500183,0.478574,0.473446,3,0
0.500061,0.478208,0.47308,3,0
0.500061,0.47894,0.473324,3,0
0.499817,0.480527,0.474179,3,0
0.500061,0.481626,0.474301,3,0
0.500061,0.480894,0.474911,3,0
0.499817,0.48126,0.474545,3,0
0.499206,0.480527,0.474301,3,0
0.499084,0.479551,0.474057,3,0
0.499573,0.479307,0.473813,3,0
0.500183,0.479917,0.472836,3,0
0.500427,0.47894,0.473202,3,0
0.500794,0.479307,0.473935,3,0
0.500427,0.478452,0.473691,3,0
0.500061,0.478696,0.473813,3,0
0.500183,0.47894,0.473691,3,0
0.500183,0.478818,0.473691,3,0
0.499939,0.479429,0.47308,3,0
0.499939,0.47894,0.473446,3,0
0.499451,0.47833,0.473202,3,0
0.499084,0.47833,0.473324,3,0
0.498962,0.477719,0.473569,3,0
0.497986,0.476865,0.474057,3,0
0.496521,0.476499,0.474179,3,0
0.495788,0.475034,0.474423,3,0
0.494079,0.471127,0.474179,3,0
0.492003,0.474911,0.473935,3,0
0.488829,0.473691,0.474911,3,0
0.484922,0.466976,0.476377,3,0
0.481504,0.467953,0.477475,3,0
0.479429,0.463435,0.480283,3,0
0.475888,0.458674,0.483824,3,0
0.474667,0.464656,0.484312,3,0
0.474911,0.467098,0.490783,3,0
0.472958,0.463435,0.494445,3,0
0.477353,0.467464,0.493957,3,0
0.481626,0.478574,0.503846,3,0
0.479307,0.470761,0.513246,3,0
0.48065,0.479551,0.511903,3,0
0.48065,0.505555,0.508363,3,1
0.496765,0.504944,0.517519,3,0
0.506532,0.497741,0.524234,3,0
0.517031,0.504334,0.520571,3,0
0.524234,0.503235,0.523379,3,0
0.503113,0.504212,0.513002,3,0
0.493102,0.496398,0.512025,3,0
0.499206,0.489806,0.518252,3,0
0.50409,0.510072,0.515444,3,0
0.503724,0.525821,0.511049,3,0
0.498108,0.506043,0.515688,3,0
0.498596,0.484312,0.527408,3,0
0.500671,0.49298,0.517886,3,0
0.501404,0.474423,0.508973,3,0
0.514223,0.454157,0.51288,3,0
0.512514,0.465633,0.510438,3,0
0.499573,0.482115,0.50409,3,0
0.500305,0.485411,0.49884,3,0
0.486754,0.471249,0.478818,3,0
0.493102,0.47308,0.494079,3,0
0.480161,0.479062,0.49066,3,0
0.477842,0.476499,0.480405,3,0
0.482969,0.474789,0.477597,3,0
0.486021,0.470028,0.47601,3,0
0.48651,0.467464,0.473935,3,0
0.488219,0.476377,0.471127,3,0
0.489806,0.472348,0.468807,3,0
0.490416,0.470639,0.471249,3,0
0.494201,0.469173,0.471981,3,0
0.492736,0.470272,0.471859,3,0
0.48944,0.471493,0.474179,3,0
0.487242,0.471493,0.472592,3,0
0.488097,0.470883,0.472714,3,0
0.489195,0.468807,0.473569,3,0
0.490294,0.466732,0.472592,3,0
0.490416,0.470272,0.470516,3,0
0.493591,0.468075,0.471127,3,0
0.491393,0.467953,0.469784,3,0
0.486021,0.467831,0.471371,3,0
0.484922,0.471493,0.473569,3,0
0.4848,0.4649,0.473324,3,0
0.480772,0.467586,0.476377,3,0
0.47894,0.466976,0.48187,3,0
0.476132,0.462581,0.48712,3,0
0.470516,0.462337,0.49066,3,0
0.469418,0.46661,0.489684,3,0
0.467098,0.465877,0.496154,3,0
0.469906,0.477231,0.500305,3,0
0.481382,0.483335,0.506409,3,1
0.491759,0.505433,0.506532,3,0
0.516543,0.499451,0.515444,3,0
0.539861,0.495422,0.525577,3,0
0.539006,0.507386,0.522525,3,0
0.512758,0.507997,0.505799,3,0
0.499206,0.500794,0.517641,3,0
0.496643,0.492126,0.525211,3,0
0.499329,0.494323,0.521548,3,0
0.500061,0.497497,0.524112,3,0
0.499573,0.503113,0.525211,3,0
0.497741,0.498596,0.525455,3,0
0.500671,0.497131,0.522769,3,0
0.507142,0.493713,0.517763,3,0
0.498962,0.480527,0.515444,3,0
0.50177,0.479184,0.521548,3,0
0.495056,0.483824,0.5047,3,0
0.482603,0.473202,0.492492,3,0
0.505433,0.470883,0.500794,3,0
0.483457,0.468929,0.479795,3,0
0.481382,0.467098,0.491271,3,0
0.492614,0.477231,0.487608,3,0
0.48419,0.471859,0.476865,3,0
0.477719,0.464534,0.484068,3,0
0.483091,0.479551,0.481016,3,0
0.489073,0.474423,0.4754,3,0
0.486265,0.47247,0.47833,3,0
0.484556,0.475156,0.477109,3,0
0.488463,0.474545,0.471493,3,0
0.490538,0.473446,0.47247,3,0
0.491759,0.474911,0.471371,3,0
0.491637,0.476621,0.472836,3,0
0.488585,0.475522,0.47247,3,0
0.486021,0.476865,0.473935,3,0
0.482847,0.475156,0.476743,3,0
0.481992,0.475278,0.474301,3,0
0.481748,0.472104,0.469784,3,0
0.484678,0.471371,0.469418,3,0
0.48651,0.470761,0.46954,3,0
0.485411,0.470272,0.470639,3,0
0.483824,0.466976,0.474789,3,0
0.482115,0.46722,0.476377,3,0
0.479551,0.463069,0.474789,3,0
0.476499,0.45611,0.480405,3,0
0.476377,0.457697,0.472836,3,0
0.482359,0.463069,0.482115,3,0
0.481504,0.468685,0.495544,3,0
0.477597,0.465023,0.494201,3,0
0.478696,0.481138,0.498718,3,1
0.48065,0.485899,0.506532,3,0
0.489562,0.494201,0.507508,3,0
0.5047,0.505555,0.514711,3,0
0.523379,0.496154,0.519228,3,0
0.527408,0.495666,0.529239,3,0
0.516054,0.508729,0.519106,3,0
0.501526,0.499451,0.523135,3,0
0.499329,0.503113,0.522525,3,0
0.500183,0.500427,0.523868,3,0
0.501648,0.504456,0.517641,3,0
0.498352,0.508363,0.518496,3,0
0.499573,0.499817,0.526676,3,0
0.501282,0.507752,0.523379,3,0
0.500183,0.493468,0.513246,3,0
0.507386,0.481748,0.521914,3,0
0.510438,0.485777,0.521426,3,0
0.4953,0.485533,0.514833,3,0
0.503601,0.481504,0.508485,3,0
0.496521,0.480894,0.486387,3,0
0.48419,0.461604,0.480527,3,0
0.501892,0.466976,0.490905,3,0
0.476132,0.48358,0.475034,3,0
0.488219,0.470028,0.476865,3,0
0.495666,0.477597,0.473324,3,0
0.481626,0.471371,0.473813,3,0
0.482359,0.472714,0.477109,3,0
0.48358,0.472836,0.474545,3,0
0.479429,0.469296,0.472104,3,0
0.48065,0.468319,0.474667,3,0
0.480772,0.469662,0.477719,3,0
0.482969,0.470516,0.477109,3,0
0.484068,0.471981,0.477597,3,0
0.485289,0.474667,0.475034,3,0
0.486754,0.474057,0.475766,3,0
0.488829,0.473813,0.474545,3,0
0.492126,0.47308,0.472104,3,0
0.492003,0.471737,0.472348,3,0
0.488951,0.470516,0.475156,3,0
0.484922,0.465877,0.476377,3,0
0.479673,0.460505,0.476132,3,0
0.476743,0.459163,0.477964,3,0
0.472104,0.45489,0.478452,3,0
0.472226,0.45782,0.482969,3,0
0.474423,0.472226,0.486632,3,0
0.473324,0.48065,0.494689,3,0
0.47247,0.479062,0.505311,3,0
0.476865,0.475888,0.512392,3,0
0.477964,0.490172,0.508851,3,1
0.490416,0.499695,0.51227,3,0
0.510438,0.502259,0.519351,3,0
0.534001,0.499573,0.526431,3,0
0.545965,0.491759,0.528019,3,0
0.523013,0.513857,0.513002,3,0
0.499451,0.498474,0.519961,3,0
0.499695,0.49237,0.523501,3,0
0.501404,0.499329,0.523868,3,0
0.500061,0.502869,0.525333,3,0
0.498474,0.506654,0.525577,3,0
0.497741,0.504822,0.525333,3,0
0.496276,0.498474,0.528507,3,0
0.500061,0.503113,0.528995,3,0
0.50177,0.501526,0.526187,3,0
0.500671,0.493957,0.531803,3,0
0.510438,0.500183,0.529972,3,0
0.511781,0.511293,0.518984,3,0
0.497986,0.495788,0.518008,3,0
0.502747,0.481138,0.524356,3,0
0.498962,0.487975,0.511903,3,0
0.490538,0.492492,0.501282,3,0
0.498718,0.485045,0.502991,3,0
0.490416,0.476621,0.481016,3,0
0.487364,0.465145,0.482359,3,0
0.485655,0.466732,0.486876,3,0
0.490172,0.478574,0.472714,3,0
0.493713,0.469662,0.471981,3,0
0.493224,0.471981,0.476621,3,0
0.484556,0.46954,0.471615,3,0
0.477842,0.463313,0.472836,3,0
0.478452,0.460017,0.470639,3,0
0.481016,0.463313,0.468929,3,0
0.484068,0.46954,0.470028,3,0
0.486754,0.475034,0.471981,3,0
0.491637,0.476865,0.47247,3,0
0.497009,0.476865,0.470883,3,0
0.500305,0.47601,0.475034,3,0
0.498718,0.476743,0.474301,3,0
0.497864,0.472958,0.474423,3,0
0.495178,0.473324,0.474789,3,0
0.490538,0.472714,0.474423,3,0
0.48651,0.470516,0.473813,3,0
0.482481,0.467831,0.474301,3,0
0.479551,0.460505,0.476743,3,0
0.478574,0.4649,0.473202,3,0
0.479673,0.463069,0.470516,3,0
0.482359,0.459163,0.483702,3,0
0.481748,0.463313,0.47833,3,0
0.486021,0.45843,0.482115,3,1
0.48712,0.465755,0.491759,3,0
0.480772,0.471859,0.495056,3,0
0.477475,0.485045,0.502869,3,0
0.488829,0.500794,0.509217,3,0
0.506898,0.511049,0.51581,3,0
0.537541,0.503601,0.528141,3,0
0.531559,0.507386,0.526187,3,0
0.501526,0.506654,0.506409,3,0
0.500549,0.491149,0.519839,3,0
0.496643,0.489928,0.525211,3,0
0.501526,0.497253,0.518374,3,0
0.501526,0.50409,0.518984,3,0
0.496521,0.497253,0.527286,3,0
0.496154,0.502381,0.526309,3,0
0.497619,0.50116,0.523257,3,0
0.501282,0.498108,0.529117,3,0
0.50702,0.503479,0.524478,3,0
0.506776,0.500794,0.514833,3,0
0.503235,0.476743,0.517153,3,0
0.514955,0.483213,0.516665,3,0
0.498474,0.475278,0.506532,3,0
0.49237,0.465755,0.505555,3,0
0.512025,0.478208,0.496276,3,0
0.493835,0.460872,0.48358,3,0
0.487608,0.467464,0.487853,3,0
0.502136,0.481504,0.484922,3,0
0.486632,0.466488,0.471615,3,0
0.486998,0.470883,0.478208,3,0
0.493346,0.482969,0.474423,3,0
0.489684,0.472836,0.469662,3,0
0.483824,0.474423,0.469662,3,0
0.479429,0.473202,0.468807,3,0
0.478452,0.464168,0.4754,3,0
0.477475,0.467586,0.474057,3,0
0.481016,0.468563,0.475156,3,0
0.486876,0.471737,0.471737,3,0
0.494201,0.473569,0.471371,3,0
0.497619,0.47247,0.471371,3,0
0.499451,0.47601,0.469662,3,0
0.500794,0.473202,0.475278,3,0
0.496765,0.473569,0.4754,3,0
0.491271,0.473324,0.472226,3,0
0.487364,0.470272,0.472714,3,0
0.48358,0.464534,0.471249,3,0
0.477231,0.459163,0.472592,3,0
0.476377,0.458918,0.476132,3,0
0.477109,0.455134,0.473569,3,0
0.480161,0.46429,0.48358,3,1
0.477719,0.459529,0.488951,3,0
0.485167,0.467464,0.496765,3,0
0.484678,0.486143,0.503357,3,0
0.485045,0.482481,0.514589,3,0
0.492736,0.489073,0.514467,3,0
0.502014,0.502136,0.513735,3,0
0.520938,0.497986,0.520205,3,0
0.539495,0.494933,0.524722,3,0
0.52753,0.50702,0.519351,3,0
0.511781,0.521182,0.506776,3,0
0.500916,0.496765,0.520327,3,0
0.497619,0.490538,0.528263,3,0
0.500061,0.498596,0.525088,3,0
0.498718,0.496276,0.529361,3,0
0.500183,0.49823,0.527042,3,0
0.499939,0.492736,0.526798,3,0
0.499695,0.491881,0.530704,3,0
0.505799,0.502747,0.524356,3,0
0.506287,0.498718,0.517641,3,0
0.505677,0.483702,0.517153,3,0
0.514955,0.48651,0.514101,3,0
0.506165,0.480283,0.495178,3,0
0.495544,0.455744,0.496643,3,0
0.504456,0.474057,0.492248,3,0
0.48126,0.466366,0.476865,3,0
0.478818,0.465999,0.486876,3,0
0.487853,0.473691,0.488707,3,0
0.481992,0.4754,0.48187,3,0
0.483457,0.476377,0.482115,3,0
0.489928,0.480894,0.480039,3,0
0.483824,0.469784,0.478696,3,0
0.485777,0.480283,0.475522,3,0
0.490783,0.472348,0.472958,3,0
0.489928,0.475278,0.471981,3,0
0.490905,0.475522,0.47247,3,0
0.489195,0.476865,0.472714,3,0
0.489684,0.471981,0.473691,3,0
0.487853,0.474179,0.47247,3,0
0.484678,0.472104,0.47601,3,0
0.479307,0.47015,0.476254,3,0
0.476499,0.468807,0.476254,3,0
0.479917,0.469906,0.47247,3,0
0.482359,0.466243,0.473202,3,0
0.481382,0.460505,0.477964,3,0
0.479307,0.462825,0.476499,3,0
0.480405,0.473691,0.472592,3,0
0.480405,0.460383,0.489318,3,0
0.481016,0.442071,0.482603,3,1
0.487242,0.46429,0.479062,3,0
0.487364,0.468807,0.490172,3,0
0.49005,0.462825,0.493224,3,0
0.492736,0.476377,0.502625,3,0
0.492126,0.481016,0.506898,3,0
0.496887,0.490783,0.511293,3,0
0.505555,0.508851,0.5152,3,0
0.516787,0.509828,0.521182,3,0
0.522647,0.494323,0.527896,3,0
0.518252,0.507874,0.519595,3,0
0.512147,0.510316,0.520571,3,0
0.502991,0.497864,0.523379,3,0
0.502991,0.499451,0.525821,3,0
0.503357,0.50409,0.523746,3,0
0.501526,0.50177,0.525577,3,0
0.502991,0.507386,0.526065,3,0
0.50116,0.497497,0.528263,3,0
0.506776,0.500671,0.525455,3,0
0.511659,0.505311,0.522525,3,0
0.500916,0.494201,0.524356,3,0
0.503479,0.4848,0.529117,3,0
0.508119,0.496521,0.517886,3,0
0.494445,0.478208,0.507264,3,0
0.493835,0.465267,0.508973,3,0
0.501648,0.481748,0.497497,3,0
0.485899,0.471615,0.485777,3,0
0.492736,0.462459,0.493835,3,0
0.491881,0.471615,0.484556,3,0
0.487486,0.47601,0.482847,3,0
0.490783,0.473446,0.480283,3,0
0.490783,0.472348,0.478696,3,0
0.486265,0.470639,0.474667,3,0
0.483213,0.470639,0.472958,3,0
0.477964,0.468685,0.474545,3,0
0.474911,0.466854,0.478208,3,0
0.473691,0.462825,0.47833,3,0
0.475156,0.466732,0.475766,3,0
0.479062,0.46136,0.477353,3,0
0.482603,0.46075,0.476499,3,0
0.484556,0.463558,0.475888,3,0
0.485045,0.462459,0.478696,3,0
0.484678,0.457087,0.47601,3,0
0.483824,0.461482,0.476865,3,0
0.483091,0.466121,0.489073,3,0
0.481138,0.460872,0.491271,3,0
0.482237,0.468807,0.486754,3,0
0.482969,0.477109,0.491027,3,0
0.491759,0.476132,0.506654,3,0
0.489806,0.470639,0.5047,3,1
0.483335,0.475766,0.508607,3,0
0.487608,0.481138,0.515932,3,0
0.503724,0.491515,0.533024,3,0
0.528385,0.499451,0.529972,3,0
0.52985,0.517519,0.514223,3,0
0.513368,0.510438,0.513002,3,0
0.502259,0.499939,0.513613,3,0
0.500061,0.504456,0.5152,3,0
0.501648,0.5047,0.519595,3,0
0.500671,0.508363,0.522647,3,0
0.499573,0.514833,0.521792,3,0
0.499817,0.506532,0.526676,3,0
0.501526,0.50702,0.526554,3,0
0.500916,0.503113,0.527896,3,0
0.505067,0.503113,0.525088,3,0
0.508973,0.503235,0.523013,4,0
0.498718,0.48944,0.522281,4,0
0.499084,0.479184,0.529361,4,0
0.506409,0.489318,0.528873,4,0
0.489928,0.493346,0.509828,4,0
0.487242,0.479429,0.506409,4,0
0.4953,0.474545,0.509828,4,0
0.49066,0.476254,0.500916,4,0
0.479795,0.472592,0.495056,4,0
0.486021,0.479184,0.494689,4,0
0.493468,0.466732,0.493713,4,0
0.48065,0.456599,0.492003,4,0
0.481626,0.471371,0.489562,4,0
0.484678,0.468197,0.492858,4,0
0.482969,0.462215,0.491759,4,0
0.485655,0.466121,0.492492,4,0
0.490905,0.465023,0.495056,4,0
0.492248,0.463558,0.496765,4,0
0.491515,0.463313,0.495788,4,0
0.493957,0.464534,0.496398,4,0
0.495178,0.464778,0.498596,4,0
0.493835,0.463924,0.496643,4,0
0.496032,0.464046,0.495544,4,0
0.498718,0.4649,0.497864,4,0
0.499939,0.465023,0.497131,4,0
0.501282,0.46075,0.496276,4,0
0.502747,0.45843,0.50177,4,0
0.505311,0.462581,0.503724,4,0
0.508363,0.469662,0.505311,4,0
0.510682,0.482847,0.508363,4,0
0.515078,0.48419,0.518008,4,0
0.514223,0.48773,0.519106,4,0
0.514223,0.486265,0.521548,4,0
0.516054,0.485899,0.520938,4,0
0.51581,0.484556,0.521182,4,0
0.519717,0.488463,0.52167,4,0
0.518374,0.487975,0.520693,4,0
0.520693,0.486998,0.522525,4,0
0.520571,0.487975,0.520083,4,0
0.518984,0.485777,0.520938,4,0
0.519717,0.484434,0.522158,4,0
0.518374,0.485045,0.523868,4,0
0.517031,0.485655,0.522647,4,0
0.515322,0.4848,0.522891,4,0
0.515688,0.485289,0.524966,4,0
0.513246,0.48651,0.522769,4,0
0.512147,0.484922,0.523013,4,0
0.513124,0.484922,0.524722,4,0
0.510194,0.486021,0.522769,4,0
0.510438,0.4848,0.523868,4,0
0.51056,0.483824,0.523868,4,0
0.509095,0.484312,0.523135,4,0
0.50934,0.483335,0.52167,4,0
0.509462,0.48419,0.523013,4,0
0.510072,0.483335,0.523257,4,0
0.50934,0.483091,0.522036,4,0
0.508973,0.483091,0.522281,4,0
0.508973,0.482603,0.522036,4,0
0.50934,0.482237,0.523379,4,0
0.509462,0.482725,0.52167,4,0
0.509706,0.482481,0.523257,4,0
0.510072,0.480527,0.525211,4,0
0.50995,0.4848,0.519228,4,0
0.509706,0.482115,0.521792,4,0
0.509584,0.485167,0.521914,4,0
0.508607,0.483091,0.522769,4,0
0.50934,0.482603,0.522403,4,0
0.509217,0.483213,0.522281,4,0
0.508729,0.483824,0.521426,4,0
0.50934,0.482359,0.522891,4,0
0.509706,0.483213,0.522281,4,0
0.509462,0.482969,0.521914,4,0
0.50934,0.482725,0.522036,4,0
0.509217,0.483335,0.522281,4,0
0.508729,0.483213,0.522158,4,0
0.508607,0.483213,0.522281,4,0
0.509095,0.482237,0.522891,4,0
0.509462,0.483213,0.522281,4,0
0.508729,0.482725,0.522769,4,0
0.509217,0.482725,0.521914,4,0
0.509095,0.483091,0.522036,4,0
0.509095,0.482969,0.522525,4,0
0.508973,0.482725,0.522158,4,0
0.509095,0.483091,0.522036,4,0
0.509217,0.482237,0.522158,4,0
0.50995,0.482359,0.522281,4,0
0.510438,0.481626,0.522647,4,0
0.512514,0.482969,0.521914,4,0
0.512636,0.479429,0.523013,4,0
0.514345,0.480894,0.522281,4,0
0.511781,0.482359,0.520449,4,0
0.507997,0.481382,0.522158,4,0
0.507874,0.481016,0.523868,4,0
0.508119,0.483824,0.523379,4,0
0.508973,0.483335,0.523868,4,0
0.508485,0.483213,0.523135,4,0
0.508851,0.483457,0.522769,4,0
0.511171,0.482725,0.52399,4,0
0.509217,0.482481,0.522891,4,0
0.50934,0.482481,0.519473,4,0
0.510316,0.483702,0.52167,4,0
0.507142,0.481626,0.523868,4,0
0.506165,0.483213,0.521914,4,0
0.507142,0.48358,0.521792,4,0
0.50702,0.480405,0.523868,4,0
0.505799,0.482115,0.523623,4,0
0.507142,0.48187,0.525943,4,0
0.50702,0.481992,0.524234,4,0
0.505555,0.482969,0.522403,4,0
0.505921,0.481382,0.525088,4,0
0.505433,0.482481,0.523868,4,0
0.503479,0.484312,0.519595,4,0
0.503357,0.482237,0.521792,4,0
0.5047,0.48419,0.523013,4,0
0.503601,0.483824,0.522525,4,0
0.503846,0.48651,0.52106,4,0
0.503357,0.483946,0.523501,4,0
0.502747,0.485411,0.524234,4,0
0.502381,0.486876,0.523868,4,0
0.502014,0.48712,0.523135,4,0
0.50177,0.486754,0.523257,4,0
0.501282,0.488097,0.523868,4,0
0.500427,0.488707,0.524112,4,0
0.500305,0.48944,0.523013,4,0
0.501404,0.48773,0.523135,4,0
0.502869,0.488463,0.522647,4,0
0.503846,0.48712,0.523623,4,0
0.503724,0.488585,0.524966,4,0
0.504456,0.48944,0.525333,4,0
0.504456,0.488829,0.525088,4,0
0.503724,0.48712,0.525455,4,0
0.504334,0.488829,0.526554,4,0
0.503724,0.488829,0.526187,4,0
0.503601,0.488097,0.527286,4,0
0.503968,0.488951,0.526065,4,0
0.505189,0.487364,0.527164,4,0
0.506532,0.486632,0.527896,4,0
0.506654,0.488097,0.527896,4,0
0.506287,0.487486,0.527408,4,0
0.506409,0.487853,0.52692,4,0
0.506409,0.487486,0.526309,4,0
0.506776,0.488097,0.526554,4,0
0.506409,0.48773,0.526309,4,0
0.506409,0.488341,0.525333,4,0
0.50702,0.487975,0.524844,4,0
0.507142,0.487975,0.525088,4,0
0.507874,0.488463,0.524844,4,0
0.507997,0.488097,0.524356,4,0
0.507752,0.488341,0.524722,4,0
0.507264,0.488219,0.524356,4,0
0.507997,0.487975,0.52399,4,0
0.508363,0.48651,0.523868,4,0
0.509095,0.48712,0.523501,4,0
0.508973,0.486632,0.523013,4,0
0.509584,0.486021,0.523868,4,0
0.509095,0.485655,0.523379,4,0
0.509217,0.486021,0.522647,4,0
0.509828,0.485045,0.523257,4,0
0.510194,0.484434,0.523868,4,0
0.509828,0.48419,0.523135,4,0
0.509828,0.483702,0.523013,4,0
0.509828,0.484434,0.522769,4,0
0.50995,0.484922,0.522891,4,0
0.510072,0.484434,0.522769,4,0
0.509706,0.484556,0.522525,4,0
0.510927,0.484312,0.523868,4,0
0.511171,0.484312,0.523868,4,0
0.510194,0.484556,0.523257,4,0
0.509828,0.484678,0.523257,4,0
0.509828,0.484922,0.523013,4,0
0.509584,0.484556,0.523379,4,0
0.509828,0.484312,0.523501,4,0
0.510316,0.485289,0.52399,4,0
0.509095,0.485655,0.5246,4,0
0.508973,0.485411,0.525211,4,0
0.508729,0.48651,0.525333,4,0
0.508729,0.486265,0.525455,4,0
0.509217,0.486021,0.525577,4,0
0.509217,0.486387,0.525821,4,0
0.508607,0.486998,0.524966,4,0
0.508241,0.487608,0.52399,4,0
0.508729,0.488219,0.523623,4,0
0.509217,0.48773,0.523623,4,0
0.50934,0.48773,0.523501,4,0
0.509706,0.48773,0.523013,4,0
0.509462,0.487486,0.523746,4,0
0.509095,0.488341,0.523746,4,0
0.509584,0.488097,0.524356,4,0
0.508973,0.488341,0.523746,4,0
0.509584,0.487853,0.524844,4,0
0.508973,0.488829,0.524844,4,0
0.508729,0.488097,0.5246,4,0
0.508851,0.488707,0.524966,4,0
0.508973,0.489195,0.525333,4,0
0.508729,0.48944,0.525333,4,0
0.50934,0.488951,0.525333,4,0
0.508729,0.488951,0.525333,4,0
0.509217,0.488951,0.525577,4,0
0.509584,0.488829,0.525943,4,0
0.509584,0.48944,0.525699,4,0
0.509462,0.489684,0.525211,4,0
0.509217,0.48944,0.525455,4,0
0.50934,0.489684,0.525455,4,0
0.50934,0.489928,0.524966,4,0
0.509584,0.489195,0.524966,4,0
0.509828,0.488951,0.524966,4,0
0.509584,0.488341,0.525088,4,0
0.509828,0.489318,0.524722,4,0
0.509462,0.489684,0.5246,4,0
0.509462,0.488707,0.525211,4,0
0.509706,0.48944,0.525333,4,0
0.510316,0.489318,0.5246,4,0
0.50995,0.488829,0.525088,4,0
0.510072,0.488707,0.525455,4,0
0.50995,0.489684,0.525088,4,0
0.509828,0.488829,0.525455,4,0
0.508973,0.488341,0.524966,4,0
0.507874,0.488219,0.526187,4,0
0.507508,0.488097,0.527164,4,0
0.508485,0.487242,0.52753,4,0
0.508485,0.485533,0.528141,4,0
0.506776,0.484312,0.528873,4,0
0.505067,0.483335,0.52985,4,0
0.502259,0.48065,0.531071,4,0
0.50177,0.477109,0.531681,4,0
0.500427,0.473446,0.53278,4,0
0.500794,0.474545,0.531925,4,1
0.502381,0.475278,0.532902,4,0
0.503479,0.477719,0.531925,4,0
0.505677,0.480405,0.530582,4,0
0.507752,0.484434,0.529361,4,0
0.511537,0.486387,0.528507,4,0
0.508729,0.490905,0.526065,4,0
0.509462,0.490538,0.527774,4,0
0.508363,0.494201,0.526187,4,0
0.507997,0.496521,0.524356,4,0
0.507142,0.498718,0.523135,4,0
0.506776,0.499817,0.524844,4,0
0.504822,0.502381,0.524966,4,0
0.505189,0.504456,0.524722,4,0
0.504212,0.507874,0.524722,4,0
0.502014,0.510438,0.525699,4,0
0.501648,0.512636,0.525943,4,0
0.500427,0.512758,0.527652,4,0
0.500427,0.517641,0.531193,4,0
0.499451,0.516543,0.53278,4,0
0.495544,0.511293,0.533879,4,0
0.493346,0.508729,0.537785,4,0
0.492003,0.503113,0.5351,4,0
0.487486,0.492614,0.528629,4,0
0.48773,0.48773,0.525455,4,0
0.486387,0.484556,0.514345,4,0
0.489195,0.479673,0.510805,4,0
0.489806,0.483702,0.507874,4,0
0.487486,0.484556,0.504212,4,0
0.489318,0.487364,0.503601,4,0
0.488219,0.490783,0.502503,4,0
0.491027,0.494567,0.504822,4,0
0.490905,0.493713,0.504944,4,0
0.49005,0.493224,0.509706,4,0
0.497375,0.494811,0.514955,4,0
0.491149,0.491881,0.514833,4,0
0.501038,0.491271,0.525943,4,0
0.497986,0.49005,0.531071,4,0
0.505799,0.49237,0.535954,4,0
0.508363,0.492126,0.537663,4,0
0.506654,0.488341,0.541692,4,0
0.510927,0.489318,0.542425,4,0
0.508973,0.482237,0.543768,4,0
0.511659,0.478452,0.5445,4,0
0.508363,0.476254,0.542303,4,0
0.509706,0.473691,0.541204,4,0
0.508729,0.473446,0.53925,4,0
0.508607,0.473569,0.540227,4,0
0.510316,0.4754,0.538518,4,0
0.510805,0.476987,0.539006,4,1
0.511781,0.47894,0.53925,4,0
0.513124,0.480039,0.536442,4,0
0.512636,0.481382,0.532902,4,0
0.51288,0.48419,0.528873,4,0
0.512147,0.487608,0.525088,4,0
0.510194,0.488829,0.522891,4,0
0.508851,0.494323,0.519717,4,0
0.507508,0.498596,0.516298,4,0
0.502869,0.502259,0.513368,4,0
0.502381,0.502625,0.515444,4,0
0.500305,0.503846,0.517275,4,0
0.500794,0.505311,0.521426,4,0
0.499939,0.508241,0.524112,4,0
0.499206,0.509584,0.527652,4,0
0.497986,0.512514,0.528263,4,0
0.496398,0.51349,0.528873,4,0
0.499206,0.512392,0.528873,4,0
0.498596,0.508851,0.52753,4,0
0.493224,0.503601,0.532047,4,0
0.493346,0.505555,0.532169,4,0
0.491027,0.500671,0.530338,4,0
0.491515,0.49823,0.530338,4,0
0.490538,0.495788,0.530582,4,0
0.489562,0.491271,0.526431,4,0
0.488829,0.487853,0.523379,4,0
0.487608,0.484922,0.520327,4,0
0.490172,0.484068,0.516298,4,0
0.488951,0.484922,0.511171,4,0
0.485655,0.482603,0.507997,4,0
0.491149,0.486143,0.508241,4,0
0.492003,0.492003,0.505921,4,0
0.492492,0.490294,0.50702,4,0
0.496643,0.492858,0.508241,4,0
0.494567,0.492003,0.510194,4,0
0.498596,0.492003,0.515322,4,0
0.497741,0.493468,0.517275,4,0
0.498718,0.490416,0.526187,4,0
0.500427,0.489562,0.531559,4,0
0.505677,0.487486,0.537907,4,0
0.504334,0.487486,0.538762,4,0
0.505677,0.482847,0.541204,4,0
0.505799,0.483702,0.542303,4,0
0.504212,0.482725,0.540838,4,0
0.507508,0.481504,0.539373,4,0
0.505189,0.477353,0.540349,4,0
0.505921,0.474423,0.539495,4,0
0.507386,0.476132,0.535832,4,0
0.506165,0.473446,0.535344,4,1
0.506654,0.473935,0.534977,4,0
0.507752,0.475522,0.53339,4,0
0.507874,0.477964,0.530827,4,0
0.507508,0.477353,0.52985,4,0
0.510438,0.481626,0.528507,4,0
0.508485,0.486387,0.526554,4,0
0.509095,0.487608,0.526065,4,0
0.509584,0.492003,0.523746,4,0
0.506776,0.494079,0.522036,4,0
0.505921,0.494201,0.522281,4,0
0.505677,0.498352,0.520938,4,0
0.503846,0.500794,0.52167,4,0
0.502381,0.501282,0.523623,4,0
0.502869,0.504822,0.526065,4,0
0.498596,0.504456,0.528873,4,0
0.499573,0.504212,0.531193,4,0
0.498718,0.509828,0.531193,4,0
0.496398,0.510438,0.52985,4,0
0.494933,0.509828,0.531559,4,0
0.495544,0.513735,0.531193,4,0
0.494079,0.513735,0.530094,4,0
0.491027,0.508241,0.529972,4,0
0.491149,0.506165,0.53046,4,0
0.493713,0.505067,0.528873,4,0
0.491149,0.491149,0.52692,4,0
0.495178,0.481016,0.525333,4,0
0.491637,0.48187,0.519106,4,0
0.491149,0.476499,0.51581,4,0
0.491637,0.47894,0.511537,4,0
0.491149,0.480772,0.506898,4,0
0.495056,0.485411,0.504334,4,0
0.493713,0.490905,0.50116,4,0
0.49005,0.490416,0.500061,4,0
0.49298,0.49005,0.506409,4,0
0.494933,0.497009,0.508851,4,0
0.488829,0.490905,0.514955,4,0
0.49884,0.489195,0.529484,4,0
0.499329,0.493957,0.532047,4,0
0.499206,0.485167,0.539373,4,0
0.500549,0.488463,0.542425,4,0
0.501526,0.484922,0.545843,4,0
0.501282,0.481748,0.546087,4,0
0.501404,0.483457,0.54389,4,0
0.501526,0.481992,0.542913,4,0
0.501648,0.47833,0.541692,4,0
0.501526,0.476132,0.539495,4,0
0.502014,0.47247,0.536809,4,0
0.502014,0.470516,0.535588,4,0
0.503113,0.47247,0.537297,4,1
0.505677,0.476254,0.536931,4,0
0.507874,0.476987,0.536687,4,0
0.507264,0.482603,0.53339,4,0
0.507874,0.486754,0.529606,4,0
0.507508,0.49237,0.524844,4,0
0.503724,0.496154,0.522403,4,0
0.504822,0.497619,0.522158,4,0
0.50409,0.500061,0.519717,4,0
0.501892,0.501526,0.519717,4,0
0.502869,0.506776,0.518374,4,0
0.501038,0.509095,0.518008,4,0
0.500427,0.507874,0.520205,4,0
0.501038,0.515566,0.521548,4,0
0.500427,0.518374,0.524234,4,0
0.497131,0.513124,0.527042,4,0
0.492858,0.513368,0.532047,4,0
0.492614,0.515688,0.533024,4,0
0.491271,0.507386,0.533634,4,0
0.492126,0.505189,0.532047,4,0
0.491149,0.499939,0.531559,4,0
0.490538,0.494323,0.530704,4,0
0.492614,0.493468,0.527286,4,0
0.48773,0.485289,0.525211,4,0
0.490905,0.487242,0.525455,4,0
0.488707,0.486265,0.520083,4,0
0.486876,0.480039,0.519717,4,0
0.491881,0.484678,0.517519,4,0
0.487853,0.48419,0.514101,4,0
0.491637,0.485533,0.513857,4,0
0.488951,0.489806,0.508851,4,0
0.491149,0.485289,0.508729,4,0
0.499329,0.494567,0.508241,4,0
0.493591,0.496032,0.511293,4,0
0.491881,0.496154,0.511903,4,0
0.500916,0.496276,0.518618,4,0
0.49237,0.494079,0.522769,4,0
0.498474,0.486998,0.534367,4,0
0.500549,0.491149,0.538396,4,0
0.497009,0.486876,0.542058,4,0
0.503724,0.487853,0.542547,4,0
0.506043,0.486876,0.538518,4,0
0.500183,0.483702,0.53864,4,0
0.504822,0.489195,0.536442,4,0
0.503479,0.486754,0.5351,4,0
0.503479,0.481382,0.536198,4,0
0.5047,0.483702,0.534367,4,0
0.503724,0.481016,0.533268,4,0
0.505677,0.479551,0.535466,4,0
0.504456,0.482725,0.535344,4,1
0.503846,0.479673,0.537297,4,0
0.503357,0.47833,0.535954,4,0
0.505189,0.476377,0.534245,4,0
0.506532,0.478818,0.531803,4,0
0.504578,0.476621,0.530582,4,0
0.507752,0.481626,0.528263,4,0
0.506776,0.486876,0.525699,4,0
0.506043,0.48773,0.524844,4,0
0.507874,0.493224,0.522891,4,0
0.504578,0.497009,0.519839,4,0
0.505555,0.498108,0.519595,4,0
0.503846,0.504334,0.518252,4,0
0.50177,0.509095,0.517641,4,0
0.498962,0.511293,0.51874,4,0
0.499329,0.515688,0.52167,4,0
0.496887,0.519106,0.524356,4,0
0.494689,0.516054,0.528263,4,0
0.494567,0.516909,0.531071,4,0
0.494201,0.513735,0.533879,4,0
0.49237,0.507752,0.534733,4,0
0.49298,0.5047,0.535954,4,0
0.494689,0.501404,0.537053,4,0
0.49237,0.497375,0.534611,4,0
0.493102,0.49237,0.532536,4,0
0.491027,0.487608,0.528385,4,0
0.489073,0.482603,0.523501,4,0
0.487853,0.481382,0.517763,4,0
0.485777,0.47894,0.513368,4,0
0.489684,0.481992,0.511293,4,0
0.489928,0.486754,0.506898,4,0
0.487486,0.488463,0.505555,4,0
0.490416,0.491393,0.506654,4,0
0.488341,0.493591,0.5047,4,0
0.491271,0.494201,0.506776,4,0
0.495666,0.496032,0.50934,4,0
0.49237,0.492614,0.511293,4,0
0.50116,0.492858,0.517886,4,0
0.500549,0.492003,0.522036,4,0
0.502014,0.489073,0.531925,4,0
0.506043,0.495422,0.538152,4,0
0.503479,0.488585,0.544256,4,0
0.505677,0.487364,0.548651,4,0
0.505555,0.48773,0.548529,4,0
0.505311,0.483824,0.54743,4,0
0.505067,0.485289,0.541814,4,0
0.504334,0.483213,0.539983,4,0
0.506043,0.483335,0.53632,4,0
0.50702,0.480772,0.532658,4,1
0.504334,0.478818,0.530827,4,0
0.505555,0.477353,0.530094,4,0
0.505433,0.480527,0.529728,4,0
0.501892,0.476377,0.531193,4,0
0.507386,0.480039,0.532169,4,0
0.506409,0.481138,0.530704,4,0
0.506776,0.479184,0.530827,4,0
0.507508,0.484922,0.528019,4,0
0.506043,0.485045,0.526187,4,0
0.505433,0.488951,0.524112,4,0
0.503479,0.493102,0.522769,4,0
0.502136,0.494079,0.523379,4,0
0.503724,0.501526,0.522403,4,0
0.499939,0.502136,0.521792,4,0
0.500061,0.502625,0.523623,4,0
0.501038,0.512636,0.523868,4,0
0.498962,0.514223,0.525699,4,0
0.498474,0.513368,0.528019,4,0
0.496521,0.515932,0.529239,4,0
0.494933,0.513246,0.529972,4,0
0.49591,0.51288,0.530949,4,0
0.493468,0.51056,0.530949,4,0
0.491149,0.501526,0.530827,4,0
0.492248,0.500305,0.52985,4,0
0.492003,0.494567,0.528873,4,0
0.489928,0.486876,0.528751,4,0
0.490783,0.484678,0.525455,4,0
0.490416,0.482603,0.519351,4,0
0.491515,0.481504,0.513979,4,0
0.490905,0.482237,0.511293,4,0
0.491393,0.484678,0.507997,4,0
0.490783,0.48944,0.506776,4,0
0.489928,0.490538,0.507997,4,0
0.495422,0.493102,0.510805,4,0
0.485899,0.492858,0.510316,4,0
0.494811,0.491515,0.517641,4,0
0.499084,0.493835,0.520693,4,0
0.493591,0.489073,0.524844,4,0
0.50177,0.489562,0.531193,4,0
0.500183,0.488951,0.534855,4,0
0.50116,0.485289,0.539006,4,0
0.503479,0.487364,0.540227,4,0
0.502869,0.483824,0.54157,4,0
0.503968,0.484556,0.54096,4,0
0.50409,0.483824,0.539128,4,0
0.504456,0.483091,0.536687,4,0
0.503357,0.480527,0.534367,4,0
0.505067,0.48065,0.531437,4,1
0.503357,0.479795,0.52985,4,0
0.504334,0.48065,0.528507,4,0
0.503724,0.482359,0.527408,4,0
0.503968,0.479917,0.527286,4,0
0.503357,0.477719,0.529239,4,0
0.504578,0.481138,0.528995,4,0
0.504578,0.478086,0.530827,4,0
0.505677,0.476743,0.530582,4,0
0.506287,0.479795,0.528019,4,0
0.507997,0.48187,0.526676,4,0
0.5047,0.484312,0.524844,4,0
0.50763,0.489562,0.524356,4,0
0.50702,0.496887,0.524234,4,0
0.502625,0.499817,0.525699,4,0
0.503235,0.502747,0.528629,4,0
0.503235,0.508607,0.528263,4,0
0.501038,0.509217,0.528385,4,0
0.500305,0.511049,0.529728,4,0
0.499817,0.513124,0.529606,4,0
0.49884,0.511659,0.529728,4,0
0.497986,0.510805,0.531681,4,0
0.497009,0.509584,0.531803,4,0
0.4953,0.503479,0.532414,4,0
0.494445,0.499329,0.533268,4,0
0.493346,0.496032,0.532047,4,0
0.492492,0.495178,0.527408,4,0
0.488219,0.488707,0.5246,4,0
0.489195,0.484922,0.521426,4,0
0.488707,0.482481,0.515322,4,0
0.488951,0.480527,0.51056,4,0
0.491759,0.482725,0.507508,4,0
0.48944,0.48712,0.50409,4,0
0.487364,0.485899,0.503113,4,0
0.494933,0.491149,0.50702,4,0
0.491759,0.496887,0.506043,4,0
0.491881,0.49237,0.510682,4,0
0.499939,0.494323,0.516054,4,0
0.487242,0.488097,0.518862,4,0
0.497497,0.482237,0.530338,4,0
0.499817,0.488219,0.531925,4,0
0.494201,0.47894,0.537907,4,0
0.499451,0.48126,0.541814,4,0
0.498596,0.480039,0.540838,4,0
0.499329,0.478086,0.540349,4,0
0.500549,0.479795,0.53803,4,0
0.500305,0.478208,0.535222,4,0
0.501282,0.475278,0.53339,4,0
0.501038,0.475644,0.531925,4,0
0.501404,0.474057,0.531559,4,1
0.500671,0.472104,0.532536,4,0
0.499329,0.47015,0.533024,4,0
0.503724,0.471981,0.533512,4,0
0.502869,0.473935,0.531437,4,0
0.502991,0.47308,0.530582,4,0
0.508119,0.483457,0.527408,4,0
0.505189,0.486265,0.524478,4,0
0.503724,0.487975,0.522036,4,0
0.503968,0.494445,0.51813,4,0
0.500305,0.496276,0.516298,4,0
0.500671,0.497131,0.518008,4,0
0.50177,0.505189,0.517519,4,0
0.499695,0.504822,0.520449,4,0
0.499206,0.50763,0.523135,4,0
0.497497,0.507752,0.526187,4,0
0.498718,0.507874,0.528873,4,0
0.498474,0.510682,0.529361,1,0
0.500427,0.510927,0.530827,1,0
0.500305,0.507386,0.52753,1,0
0.498718,0.505799,0.52753,1,0
0.497253,0.506165,0.528873,1,0
0.491759,0.503846,0.529972,1,0
0.48187,0.496521,0.528019,1,0
0.476621,0.488219,0.528385,1,0
0.474423,0.482847,0.523868,1,0
0.477719,0.479062,0.520449,1,0
0.486387,0.472104,0.517641,1,0
0.492614,0.477109,0.512025,1,0
0.493713,0.481626,0.505311,1,0
0.493835,0.485045,0.505067,1,0
0.491149,0.488341,0.500916,1,0
0.486143,0.491637,0.499939,1,0
0.488707,0.491881,0.50763,1,0
0.4953,0.486632,0.519106,1,0
0.499084,0.486632,0.522158,1,0
0.502503,0.484068,0.529239,1,0
0.502991,0.485777,0.534977,1,0
0.502136,0.488585,0.535832,1,0
0.502503,0.48773,0.536809,1,0
0.505555,0.487975,0.536931,1,0
0.508729,0.489318,0.536198,1,0
0.510927,0.491149,0.535466,1,0
0.510805,0.489928,0.532414,1,0
0.512514,0.491027,0.528995,1,0
0.51581,0.492003,0.529239,1,0
0.51581,0.490783,0.525088,1,0
0.51642,0.489318,0.523501,1,0
0.51813,0.488219,0.523013,1,0
0.520083,0.489562,0.523868,1,0
0.519839,0.49066,0.52106,1,0
0.520693,0.491515,0.522036,1,0
0.521914,0.488829,0.52106,1,0
0.522036,0.489195,0.522036,1,0
0.523135,0.490294,0.521792,1,0
0.523257,0.491027,0.52106,1,0
0.522891,0.490416,0.519473,1,0
0.523868,0.492248,0.518984,1,0
0.524356,0.491881,0.518862,1,0
0.524722,0.493957,0.518252,1,0
0.524844,0.494445,0.517886,1,0
0.524478,0.492492,0.517641,1,0
0.524234,0.493102,0.517641,1,0
0.52399,0.493591,0.516665,1,0
0.525088,0.492003,0.517153,1,0
0.527042,0.490538,0.516909,1,0
0.529728,0.48944,0.516054,1,0
0.531559,0.489928,0.514833,1,0
0.531437,0.49066,0.513368,1,0
0.530582,0.49005,0.513002,1,0
0.529606,0.491515,0.51288,1,0
0.528629,0.491637,0.511049,1,0
0.528019,0.488829,0.508729,1,0
0.527774,0.489073,0.508607,1,0
0.528873,0.49005,0.508729,1,0
0.529484,0.489928,0.508607,1,0
0.529972,0.488341,0.508485,1,0
0.530094,0.488707,0.508851,1,0
0.529728,0.489806,0.508851,1,0
0.529239,0.490172,0.508241,1,0
0.528873,0.489073,0.508729,1,0
0.529606,0.48773,0.509217,1,0
0.528263,0.487853,0.508363,1,0
0.527652,0.488585,0.508729,1,0
0.527774,0.487853,0.508729,1,0
0.527652,0.486021,0.508851,1,0
0.528263,0.486265,0.509095,1,0
0.528385,0.486754,0.509095,1,0
0.528507,0.48651,0.508607,1,0
0.528995,0.485655,0.508607,1,0
0.528873,0.485899,0.508851,1,0
0.528751,0.486632,0.508363,1,0
0.528507,0.486754,0.508485,1,0
0.528873,0.486387,0.508485,1,0
0.529117,0.487364,0.508241,1,0
0.529484,0.488219,0.507874,1,0
0.529484,0.488829,0.50763,1,0
0.529606,0.488463,0.507386,1,0
0.529484,0.489073,0.507508,1,0
0.529728,0.489684,0.507264,1,0
0.530704,0.49005,0.507386,1,0
0.531559,0.490538,0.507264,1,0
0.531437,0.491393,0.507386,1,0
0.529728,0.491637,0.50702,1,0
0.530094,0.49066,0.507508,1,0
0.53046,0.490172,0.507752,1,0
0.530949,0.491149,0.507142,1,0
0.531437,0.492736,0.506287,1,0
0.531925,0.493713,0.506165,1,0
0.532047,0.493102,0.50702,1,0
0.531681,0.492858,0.507997,1,0
0.531437,0.493102,0.508607,1,0
0.530949,0.493957,0.508363,1,0
0.531071,0.494811,0.509584,1,0
0.530216,0.499939,0.510682,1,0
0.52985,0.498352,0.511537,1,0
0.530704,0.492003,0.512025,1,0
0.53046,0.49005,0.511415,1,0
0.530094,0.491393,0.509462,1,0
0.529728,0.493346,0.508241,1,0