0.505433,0.475644,0.51642,0,0
0.505555,0.475522,0.516298,0,0
0.505799,0.475644,0.516298,0,0
0.505677,0.475766,0.516665,0,0
0.505555,0.475522,0.51642,0,0
0.505677,0.475888,0.516543,0,0
0.505433,0.475888,0.516543,0,0
0.505555,0.475766,0.516298,0,0
0.505311,0.475644,0.51642,0,0
0.505311,0.475522,0.516543,0,0
0.505555,0.475522,0.516298,0,0
0.505677,0.475888,0.516543,0,0
0.505555,0.475888,0.516543,0,0
0.505677,0.475888,0.516665,0,0
0.505677,0.475888,0.516787,0,0
0.505555,0.47601,0.516787,0,0
0.505189,0.476254,0.516787,0,0
0.505311,0.476254,0.516665,0,0
0.505555,0.476377,0.516665,0,0
0.505677,0.476132,0.516298,0,0
0.505433,0.4754,0.516298,0,0
0.505555,0.475156,0.516298,0,0
0.505311,0.474911,0.516298,0,0
0.505189,0.475034,0.516176,0,0
0.505067,0.4754,0.516054,0,0
0.505067,0.475644,0.516176,0,0
0.505067,0.475766,0.51642,0,0
0.505311,0.475522,0.516298,0,0
0.505311,0.475766,0.516176,0,0
0.505433,0.475522,0.516176,0,0
0.505311,0.475522,0.516298,0,0
0.505189,0.4754,0.51642,0,0
0.504822,0.4754,0.516176,0,0
0.505067,0.475278,0.516054,0,0
0.505067,0.475156,0.516176,0,0
0.504944,0.475278,0.515932,0,0
0.505067,0.475156,0.515932,0,0
0.505189,0.475278,0.515932,0,0
0.505189,0.475156,0.516176,0,0
0.505067,0.475278,0.516298,0,0
0.505067,0.4754,0.516176,0,0
0.504822,0.475644,0.516054,0,0
0.504944,0.4754,0.516054,0,0
0.505067,0.475034,0.516298,0,0
0.504944,0.475278,0.515932,0,0
0.504822,0.4754,0.51581,0,0
0.504944,0.475278,0.515932,0,0
0.504944,0.475278,0.516054,0,0
0.505067,0.475034,0.51581,0,0
0.504822,0.475034,0.515932,0,0
0.504944,0.474911,0.516054,0,0
0.504944,0.475156,0.515932,0,0
0.504944,0.475156,0.516176,0,0
0.504822,0.475278,0.516176,0,0
0.504822,0.475156,0.515932,0,0
0.504822,0.475156,0.515932,0,0
0.504944,0.475156,0.515932,0,0
0.504944,0.475156,0.516054,0,0
0.505067,0.475034,0.515932,0,0
0.504944,0.475156,0.516176,0,0
0.504822,0.475156,0.516054,0,0
0.504944,0.475278,0.516054,0,0
0.504944,0.475156,0.516054,0,0
0.505067,0.475156,0.516176,0,0
0.505067,0.474911,0.515932,0,0
0.505067,0.475644,0.516176,0,0
0.505189,0.475278,0.516176,0,0
0.504944,0.4754,0.516176,0,0
0.504822,0.4754,0.516054,0,0
0.504578,0.475278,0.516176,0,0
0.504334,0.475278,0.516543,0,0
0.504822,0.475156,0.516176,0,0
0.504944,0.4754,0.515932,0,0
0.505067,0.475156,0.516054,0,0
0.504822,0.475034,0.516298,0,0
0.505189,0.475034,0.51642,0,0
0.505433,0.475156,0.516298,0,0
0.505555,0.475278,0.51642,0,0
0.505311,0.475522,0.516298,0,0
0.505433,0.475522,0.516665,0,0
0.505555,0.475766,0.516665,0,0
0.505799,0.476132,0.516665,0,0
0.505555,0.476254,0.516787,0,0
0.505555,0.47601,0.517031,0,0
0.505433,0.47601,0.516909,0,0
0.505555,0.476132,0.517031,0,0
0.505555,0.476254,0.517031,0,0
0.505921,0.476254,0.516909,0,0
0.506043,0.476254,0.517275,0,0
0.505921,0.476377,0.517031,0,0
0.505921,0.476254,0.517031,0,0
0.506043,0.476254,0.517153,0,0
0.506043,0.476377,0.517397,0,0
0.506287,0.476499,0.516909,0,0
0.506165,0.476621,0.517153,0,0
0.506409,0.476743,0.517397,0,0
0.506287,0.476499,0.517397,0,0
0.506287,0.476377,0.517519,0,0
0.506165,0.476499,0.517397,0,0
0.506165,0.476377,0.517275,0,0
0.506165,0.476499,0.517397,0,0
0.506165,0.476499,0.517641,0,0
0.506165,0.476621,0.517275,0,0
0.506165,0.476621,0.517275,0,0
0.506287,0.476499,0.517275,0,0
0.506287,0.476499,0.517153,0,0
0.506287,0.476621,0.517275,0,0
0.506043,0.476743,0.517397,0,0
0.506165,0.476621,0.517275,0,0
0.506165,0.476377,0.517397,0,0
0.506165,0.476377,0.517153,0,0
0.506043,0.476377,0.517275,0,0
0.506043,0.476254,0.517519,0,0
0.505921,0.476499,0.517397,0,0
0.506043,0.476499,0.517153,0,0
0.506043,0.476499,0.517031,0,0
0.506043,0.476377,0.517153,0,0
0.506043,0.476377,0.517275,0,0
0.506043,0.476254,0.517275,0,0
0.506043,0.476377,0.517397,0,0
0.506043,0.476499,0.517519,0,0
0.505799,0.476499,0.517031,0,0
0.505921,0.476377,0.517275,0,0
0.505921,0.476377,0.517275,0,0
0.505921,0.476254,0.517275,0,0
0.505677,0.476132,0.517153,0,0
0.505555,0.476377,0.517031,0,0
0.505799,0.476499,0.517153,0,0
0.505677,0.476377,0.517275,0,0
0.505799,0.476254,0.517153,0,0
0.505921,0.47601,0.517153,0,0
0.505799,0.476499,0.517275,0,0
0.505677,0.476621,0.517031,0,0
0.505555,0.476499,0.516909,0,0
0.505311,0.476132,0.517031,0,0
0.505189,0.475766,0.516543,0,0
0.505067,0.475888,0.517031,0,0
0.505311,0.475888,0.517153,0,0
0.505799,0.47601,0.516665,0,0
0.505921,0.475888,0.516909,0,0
0.505921,0.4754,0.516909,0,0
0.505799,0.475278,0.516665,0,0
0.505921,0.475766,0.516543,0,0
0.505555,0.475888,0.516543,0,0
0.505189,0.475644,0.51642,0,0
0.504944,0.475766,0.51642,0,0
0.504944,0.475522,0.516176,0,0
0.504822,0.475644,0.516054,0,0
0.5047,0.475278,0.516176,0,0
0.504822,0.475156,0.51642,0,0
0.504944,0.475522,0.516298,0,0
0.504944,0.475766,0.516543,0,0
0.504944,0.475766,0.51642,0,0
0.505067,0.475644,0.516298,0,0
0.505067,0.4754,0.516665,0,0
0.505189,0.475644,0.516665,0,0
0.505311,0.475644,0.516176,0,0
0.505189,0.475644,0.516543,0,0
0.505311,0.475522,0.516543,0,0
0.505189,0.475522,0.516787,0,0
0.505067,0.475644,0.51642,0,0
0.505189,0.4754,0.51642,0,0
0.504944,0.475522,0.516176,0,0
0.505067,0.4754,0.51642,0,0
0.505067,0.475522,0.516176,0,0
0.504944,0.475766,0.516543,0,0
0.505067,0.475766,0.516543,0,0
0.505067,0.475644,0.516543,0,0
0.504822,0.4754,0.516543,0,0
0.504944,0.4754,0.516543,0,0
0.505189,0.475644,0.516543,0,0
0.505311,0.475888,0.516543,0,0
0.505799,0.475888,0.516787,0,0
0.505677,0.476377,0.516909,0,0
0.505555,0.476254,0.516787,0,0
0.505433,0.476132,0.516909,0,0
0.505189,0.475766,0.516665,0,0
0.505311,0.475644,0.516543,0,0
0.505311,0.475766,0.516543,0,0
0.505189,0.475888,0.516543,0,0
0.505067,0.475888,0.516665,0,0
0.505189,0.475644,0.516787,0,0
0.505189,0.475888,0.516665,0,0
0.505311,0.475888,0.516543,0,0
0.505555,0.475888,0.516665,0,0
0.505433,0.47601,0.516787,0,0
0.505433,0.475888,0.516787,0,0
0.505555,0.475888,0.516909,0,0
0.505433,0.47601,0.516543,0,0
0.505555,0.475766,0.516787,0,0
0.505555,0.475888,0.516787,0,0
0.505555,0.47601,0.516909,0,0
0.505433,0.476132,0.516787,0,0
0.505433,0.47601,0.516665,0,0
0.505311,0.47601,0.516787,0,0
0.505311,0.47601,0.516543,0,0
0.505311,0.475766,0.517031,0,0
0.505433,0.475766,0.516665,0,0
0.505433,0.47601,0.51642,0,0
0.505799,0.475888,0.516543,0,0
0.505555,0.475888,0.516665,0,0
0.505433,0.475644,0.516665,0,0
0.505433,0.475766,0.51642,0,0
0.505433,0.47601,0.516787,0,0
0.505311,0.475766,0.516665,0,0
0.505311,0.475766,0.516543,0,0
0.505311,0.475644,0.51642,0,0
0.505189,0.475644,0.51642,0,0
0.505189,0.475644,0.516298,0,0
0.505189,0.475522,0.516543,0,0
0.505311,0.475644,0.51642,0,0
0.505311,0.475522,0.51642,0,0
0.505311,0.475522,0.516543,0,0
0.505189,0.475644,0.51642,0,0
0.505433,0.475522,0.51642,0,0
0.505189,0.475522,0.516054,0,0
0.505067,0.475522,0.516176,0,0
0.505067,0.4754,0.516176,0,0
0.505189,0.4754,0.516176,0,0
0.505311,0.4754,0.516298,0,0
0.505189,0.475278,0.516176,0,0
0.504944,0.475278,0.516176,0,0
0.505067,0.4754,0.516054,0,0
0.5047,0.475278,0.516054,0,0
0.504944,0.475278,0.516176,0,0
0.504944,0.475156,0.516298,0,0
0.504822,0.4754,0.516176,0,0
0.5047,0.475278,0.515932,0,0
0.504822,0.475034,0.516176,0,0
0.505067,0.475034,0.516176,0,0
0.505067,0.4754,0.516054,0,0
0.504944,0.4754,0.516176,0,0
0.504822,0.4754,0.516298,0,0
0.504944,0.4754,0.515932,0,0
0.504944,0.4754,0.516176,0,0
0.504822,0.475156,0.516176,0,0
0.504822,0.4754,0.516176,0,0
0.505067,0.4754,0.516054,0,0
0.505311,0.475644,0.516176,0,0
0.505433,0.475644,0.516298,0,0
0.505189,0.475522,0.516665,0,0
0.505311,0.475522,0.516543,0,0
0.505433,0.47601,0.51642,0,0
0.505433,0.475522,0.51642,0,0
0.505311,0.475522,0.516543,0,0
0.505311,0.475644,0.516787,0,0
0.505433,0.476132,0.516665,0,0
0.505677,0.476132,0.516665,1,0
0.505677,0.476132,0.516665,1,0
0.505433,0.476132,0.516787,1,0
0.505677,0.476377,0.517031,1,0
0.505433,0.476499,0.517153,1,0
0.505677,0.476377,0.517397,1,0
0.505921,0.476254,0.517397,1,0
0.505799,0.476254,0.517275,1,0
0.505921,0.476499,0.517519,1,0
0.505799,0.476499,0.517397,1,0
0.506043,0.476377,0.517763,1,0
0.506287,0.476743,0.517397,1,0
0.506287,0.477231,0.517397,1,0
0.506654,0.476865,0.518008,1,0
0.506532,0.476987,0.51813,1,0
0.506532,0.477231,0.51813,1,0
0.506532,0.477231,0.51813,1,0
0.506409,0.477109,0.518252,1,0
0.506409,0.477109,0.518008,1,0
0.506409,0.477353,0.51813,1,0
0.506532,0.477353,0.518496,1,0
0.506409,0.477353,0.518374,1,0
0.506776,0.477231,0.518252,1,0
0.506654,0.477353,0.518252,1,0
0.506776,0.477353,0.518252,1,0
0.506654,0.477475,0.518252,1,0
0.506898,0.477475,0.518252,1,0
0.506776,0.477475,0.518496,1,0
0.506776,0.477231,0.518374,1,0
0.506776,0.477475,0.518618,1,0
0.506898,0.477353,0.518374,1,0
0.506776,0.477475,0.518374,1,0
0.506898,0.477719,0.518618,1,0
0.507142,0.477719,0.518618,1,0
0.507142,0.477719,0.51874,1,0
0.507142,0.477964,0.518618,1,0
0.507142,0.478086,0.519106,1,0
0.50702,0.477964,0.518862,1,0
0.507264,0.477719,0.51874,1,0
0.507142,0.477842,0.518862,1,0
0.507264,0.478086,0.518984,1,0
0.50763,0.478208,0.518984,1,0
0.507997,0.478696,0.519228,1,0
0.508241,0.47894,0.519351,1,0
0.508241,0.479184,0.519595,1,0
0.508363,0.479307,0.519351,1,0
0.508119,0.479307,0.519106,1,0
0.507874,0.479062,0.519228,1,0
0.507874,0.479184,0.519351,1,0
0.507997,0.47894,0.519351,1,0
0.507997,0.47894,0.519351,1,0
0.507997,0.478696,0.519351,1,0
0.508363,0.478818,0.519228,1,0
0.508607,0.479307,0.519351,1,0
0.508729,0.479429,0.519228,1,0
0.508729,0.479307,0.519228,1,0
0.508973,0.479184,0.519473,1,0
0.508973,0.479184,0.519351,1,0
0.508851,0.479551,0.519473,1,0
0.508973,0.479551,0.519473,1,0
0.508851,0.47894,0.519228,1,0
0.508607,0.478574,0.519473,1,0
0.508485,0.478574,0.519351,1,0
0.508485,0.478696,0.519228,1,0
0.508485,0.478574,0.519106,1,0
0.508241,0.478208,0.519351,1,0
0.508363,0.477964,0.519473,1,0
0.507997,0.478452,0.518984,1,0
0.507997,0.47894,0.519106,1,0
0.507752,0.479429,0.519228,1,0
0.50763,0.479184,0.519717,1,0
0.507386,0.479184,0.519351,1,0
0.507142,0.47894,0.519473,1,0
0.507142,0.47833,0.519595,1,0
0.507508,0.477842,0.519106,1,0
0.507752,0.477597,0.519351,1,0
0.507874,0.47833,0.518862,1,0
0.507874,0.478818,0.519228,1,0
0.508119,0.479307,0.519228,1,0
0.507874,0.479307,0.519228,1,0
0.507264,0.47894,0.519228,1,0
0.506654,0.478696,0.519106,1,0
0.506532,0.47833,0.519106,1,0
0.506654,0.477719,0.51874,1,0
0.506654,0.477231,0.518984,1,0
0.506654,0.477231,0.518374,1,0
0.506654,0.476987,0.518252,1,0
0.506898,0.476743,0.518496,1,0
0.50702,0.476743,0.518252,1,0
0.507264,0.476987,0.518008,1,0
0.506898,0.477353,0.518008,1,0
0.506654,0.477353,0.518008,1,0
0.506532,0.477109,0.517886,1,0
0.506654,0.477353,0.518252,1,0
0.506654,0.477597,0.51813,1,0
0.506532,0.477353,0.518252,1,0
0.506532,0.477109,0.51813,1,0
0.506165,0.476987,0.517763,1,0
0.506287,0.476743,0.517641,1,0
0.506532,0.476743,0.517763,1,0
0.506654,0.476865,0.517763,1,0
0.506654,0.476621,0.517886,1,0
0.506776,0.476621,0.51813,1,0
0.50702,0.476865,0.517641,1,0
0.507142,0.476987,0.517519,1,0
0.507386,0.477231,0.518008,1,0
0.507386,0.476987,0.518008,1,0
0.507264,0.477231,0.518008,1,0
0.507264,0.476987,0.517519,1,0
0.507386,0.476865,0.517763,1,0
0.507508,0.476987,0.517886,1,0
0.507386,0.477719,0.517763,1,0
0.507386,0.478086,0.517886,1,0
0.507386,0.477475,0.51813,1,0
0.506898,0.476987,0.518008,1,0
0.506654,0.476254,0.518008,1,0
0.507142,0.476377,0.517763,1,0
0.507264,0.476499,0.518008,1,0
0.507264,0.476987,0.517763,1,0
0.507264,0.477109,0.517641,1,0
0.507264,0.476987,0.517153,1,0
0.507142,0.476865,0.517275,1,0
0.507264,0.476743,0.517641,1,0
0.50702,0.476865,0.518008,1,0
0.507142,0.476987,0.518496,1,0
0.507142,0.477353,0.518252,1,0
0.50702,0.477597,0.518252,1,0
0.50702,0.477353,0.518008,1,0
0.507142,0.476987,0.51813,1,0
0.507264,0.476865,0.517763,1,0
0.507508,0.476865,0.517886,1,0
0.50763,0.477475,0.517886,1,0
0.507508,0.477964,0.518008,1,0
0.507142,0.477842,0.518252,1,0
0.506898,0.477475,0.518252,1,0
0.506287,0.477231,0.518252,1,0
0.506287,0.476865,0.518008,1,0
0.506165,0.477109,0.517763,1,0
0.506165,0.477109,0.518008,1,0
0.506654,0.477109,0.517763,1,0
0.506898,0.477109,0.517763,1,0
0.50702,0.477109,0.517641,1,0
0.507142,0.476865,0.517886,1,0
0.507142,0.476621,0.517641,1,0
0.506898,0.476743,0.517763,1,0
0.50702,0.476499,0.517641,1,0
0.506898,0.476743,0.517641,1,0
0.506776,0.476621,0.517275,1,0
0.506776,0.476621,0.517275,1,0
0.506654,0.476499,0.517153,1,0
0.506898,0.476499,0.517153,1,0
0.506898,0.476499,0.517397,1,0
0.506776,0.476499,0.517153,1,0
0.506776,0.476621,0.517275,1,0
0.506898,0.476499,0.517519,1,0
0.50702,0.476499,0.517397,1,0
0.506776,0.476377,0.517275,1,0
0.506898,0.476499,0.517397,1,0
0.506898,0.476499,0.517519,1,0
0.506776,0.476621,0.517641,1,0
0.506776,0.476743,0.517397,1,0
0.506654,0.476743,0.517397,1,0
0.506654,0.476743,0.517519,1,0
0.506776,0.476621,0.517275,1,0
0.506654,0.476621,0.517397,1,0
0.506898,0.476743,0.517641,1,0
0.506776,0.476743,0.517519,1,0
0.506654,0.476743,0.517641,1,0
0.506654,0.476621,0.517886,1,0
0.506776,0.476743,0.517763,1,0
0.506654,0.476865,0.517641,1,0
0.506776,0.476987,0.517763,1,0
0.506654,0.476865,0.518008,1,0
0.506776,0.477231,0.517641,1,0
0.50702,0.477597,0.517153,1,0
0.506409,0.481138,0.518862,1,0
0.507264,0.471127,0.519961,1,0
0.507386,0.472348,0.519106,1,0
0.506532,0.477597,0.519228,1,0
0.505311,0.478696,0.519106,1,0
0.505433,0.475644,0.519717,1,0
0.503968,0.475522,0.520693,1,0
0.504334,0.474301,0.522403,1,0
0.503846,0.476621,0.524356,1,0
0.501282,0.478574,0.524966,1,0
0.500183,0.478208,0.5246,1,0
0.498596,0.475888,0.528263,1,0
0.497619,0.473813,0.531437,1,0
0.495422,0.478452,0.529728,1,0
0.493102,0.480894,0.528019,1,0
0.489073,0.483946,0.525699,1,0
0.485411,0.482725,0.524356,1,0
0.482969,0.484922,0.523257,1,0
0.48065,0.487975,0.522647,1,0
0.479429,0.493102,0.520816,1,0
0.48065,0.499084,0.520205,1,0
0.484312,0.496765,0.524966,1,0
0.48773,0.502381,0.522891,1,0
0.491759,0.50763,0.52106,1,0
0.493835,0.511293,0.519351,1,0
0.494811,0.516054,0.515322,1,0
0.494567,0.51642,0.510927,1,0
0.494445,0.511171,0.507874,1,0
0.493591,0.51056,0.504334,1,0
0.490783,0.508363,0.501648,1,0
0.48773,0.505677,0.498962,1,0
0.485045,0.501648,0.498474,1,0
0.482969,0.497131,0.503235,1,0
0.480039,0.486632,0.514223,1,0
0.477719,0.48419,0.519106,1,0
0.469906,0.483824,0.525943,1,0
0.464656,0.484434,0.530827,1,0
0.462581,0.493468,0.538762,1,0
0.463069,0.497864,0.543768,1,0
0.470639,0.513124,0.549506,1,0
0.474789,0.523623,0.544866,1,0
0.481016,0.528507,0.540349,1,0
0.486754,0.528751,0.53278,1,0
0.493468,0.526065,0.525699,1,0
0.497375,0.52106,0.518008,1,0
0.499817,0.517275,0.512392,1,0
0.500305,0.515322,0.506898,1,0
0.500183,0.51227,0.504212,1,0
0.499206,0.50763,0.502991,1,0
0.4953,0.503968,0.502625,1,0
0.490783,0.499451,0.503479,1,0
0.486021,0.492126,0.50763,1,0
0.479551,0.485777,0.511781,1,0
0.474057,0.479429,0.520327,1,0
0.467831,0.477964,0.525943,1,0
0.462215,0.484068,0.532292,1,0
0.456477,0.490783,0.537297,1,0
0.457453,0.498596,0.539617,1,0
0.46368,0.504456,0.544622,1,0
0.471981,0.519595,0.544622,1,0
0.47894,0.528873,0.538518,1,0
0.484922,0.525699,0.529728,1,0
0.490172,0.521548,0.522891,1,0
0.48944,0.511659,0.513735,1,0
0.485777,0.494811,0.5047,1,0
0.482725,0.492858,0.503601,1,0
0.482603,0.503235,0.503601,1,0
0.482481,0.503235,0.51056,1,0
0.482603,0.511415,0.510438,1,0
0.482359,0.515932,0.509828,1,0
0.482725,0.51874,0.510805,1,0
0.483457,0.519595,0.509584,1,0
0.484434,0.517275,0.508241,1,0
0.483824,0.511659,0.507264,1,0
0.484434,0.508729,0.50702,1,0
0.483824,0.506287,0.506409,1,0
0.482847,0.501526,0.50763,1,0
0.481504,0.500549,0.510072,1,0
0.480161,0.4953,0.51288,1,0
0.478208,0.491027,0.516298,1,0
0.474301,0.486998,0.519473,1,0
0.472226,0.485045,0.524844,1,0
0.468685,0.485045,0.529239,1,0
0.468197,0.488097,0.533512,1,0
0.466976,0.492003,0.535954,1,0
0.471127,0.501404,0.543401,1,0
0.475766,0.507874,0.544866,1,0
0.481992,0.517153,0.541936,1,0
0.4848,0.523746,0.538762,1,0
0.487608,0.525577,0.534245,1,0
0.490416,0.523746,0.529117,1,0
0.492614,0.523013,0.523623,1,0
0.493957,0.520205,0.519717,1,0
0.495544,0.51813,0.51581,1,0
0.496032,0.5152,0.512636,1,0
0.496398,0.51227,0.509828,1,0
0.4953,0.509462,0.507508,1,0
0.49298,0.506043,0.504456,1,0
0.490538,0.501404,0.504944,1,0
0.488707,0.499695,0.505921,1,0
0.485655,0.494933,0.508241,1,0
0.48126,0.487975,0.513368,1,0
0.478574,0.486387,0.519351,1,0
0.473813,0.484922,0.523623,1,0
0.470272,0.485167,0.528629,1,0
0.466488,0.488829,0.532658,1,0
0.466121,0.493102,0.537175,1,0
0.469051,0.499939,0.540593,1,0
0.474057,0.508729,0.543523,1,0
0.479429,0.519961,0.542547,1,0
0.48358,0.528019,0.54157,1,0
0.485899,0.533268,0.53632,1,0
0.490905,0.531315,0.531559,1,0
0.493346,0.527408,0.52399,1,0
0.495666,0.523135,0.518862,1,0
0.495666,0.519839,0.514345,1,0
0.493224,0.512147,0.510438,1,0
0.488829,0.506043,0.50763,1,0
0.483824,0.499084,0.507874,1,0
0.483213,0.502747,0.508363,1,0
0.483824,0.509706,0.510072,1,0
0.486021,0.516054,0.51227,1,0
0.486754,0.520816,0.511659,1,0
0.486387,0.521426,0.50934,1,0
0.485899,0.516054,0.508607,1,0
0.485899,0.512392,0.508851,1,0
0.48651,0.507386,0.509462,1,0
0.485289,0.500427,0.51227,1,0
0.485167,0.495788,0.514955,1,0
0.48187,0.492003,0.517153,1,0
0.484678,0.489195,0.520816,1,0
0.476377,0.488585,0.520571,1,0
0.476865,0.483457,0.525333,1,0
0.472104,0.485777,0.52692,1,0
0.469173,0.486632,0.530582,1,0
0.466854,0.488097,0.534245,1,0
0.468319,0.496032,0.539128,1,0
0.473813,0.507874,0.544866,1,0
0.480527,0.521548,0.546087,1,0
0.4848,0.529606,0.542791,1,0
0.488219,0.532292,0.536442,1,0
0.491881,0.527774,0.530827,1,0
0.494323,0.52167,0.525455,1,0
0.496398,0.518618,0.520693,1,0
0.497253,0.517886,0.516176,1,0
0.497009,0.516909,0.513246,1,0
0.496643,0.511659,0.511293,1,0
0.496765,0.508485,0.508607,1,0
0.494445,0.506654,0.507264,1,0
0.491515,0.504456,0.506287,1,0
0.489318,0.499817,0.507508,1,0
0.484312,0.494079,0.50763,1,0
0.481992,0.488951,0.511659,1,0
0.477109,0.484434,0.515078,1,0
0.477109,0.482969,0.518618,1,0
0.472226,0.483824,0.521914,1,0
0.469051,0.484922,0.525333,1,0
0.467098,0.487975,0.529606,1,0
0.464656,0.491637,0.534977,1,0
0.466243,0.497375,0.540715,1,0
0.47015,0.503846,0.543768,1,0
0.472714,0.515078,0.545965,1,0
0.479917,0.521792,0.544622,1,0
0.487364,0.528629,0.537663,1,0
0.492126,0.531193,0.52753,1,0
0.494323,0.524112,0.521426,1,0
0.494079,0.515932,0.515078,1,0
0.493835,0.511659,0.510316,1,0
0.493346,0.505921,0.509706,1,0
0.491149,0.507264,0.508851,1,0
0.489684,0.51056,0.509584,1,0
0.49005,0.516909,0.510072,1,0
0.491881,0.522281,0.510438,1,0
0.492248,0.523868,0.509095,1,0
0.490905,0.520816,0.506287,1,0
0.492736,0.514101,0.506654,1,0
0.490172,0.508973,0.506165,1,0
0.489928,0.50116,0.507142,1,0
0.488097,0.493591,0.510682,1,1
0.485533,0.485899,0.514955,1,0
0.481138,0.480405,0.518496,1,0
0.478452,0.479917,0.524844,1,0
0.474667,0.481504,0.531193,1,0
0.468929,0.482725,0.537053,1,0
0.462703,0.487242,0.54157,1,0
0.465023,0.494689,0.548041,1,0
0.471615,0.510682,0.548285,1,0
0.478208,0.523379,0.547064,1,0
0.483213,0.529239,0.541936,1,0
0.485167,0.531315,0.534489,1,0
0.488585,0.524356,0.530827,1,0
0.493957,0.523501,0.525088,1,0
0.497253,0.525577,0.519595,1,0
0.499573,0.521548,0.517397,1,0
0.499817,0.517886,0.513368,1,0
0.500305,0.515688,0.511415,1,0
0.499084,0.512147,0.508851,1,0
0.496521,0.50934,0.506165,1,0
0.494079,0.508973,0.504334,1,0
0.492858,0.504822,0.504578,1,0
0.49237,0.498962,0.506165,1,0
0.489195,0.496887,0.507752,1,0
0.486021,0.491027,0.510927,1,0
0.483091,0.484678,0.516054,1,0
0.479184,0.48358,0.522647,1,0
0.475034,0.480527,0.528019,1,0
0.468807,0.48065,0.53571,1,0
0.463802,0.483457,0.539861,1,0
0.464046,0.490905,0.5445,1,0
0.467586,0.502747,0.54743,1,0
0.474545,0.516665,0.550116,1,0
0.480405,0.530582,0.546698,1,0
0.484678,0.536931,0.538518,1,0
0.489684,0.533879,0.533146,1,0
0.494811,0.527286,0.527652,1,0
0.496398,0.523257,0.520693,1,0
0.49823,0.518984,0.516054,1,0
0.495788,0.513124,0.512392,1,0
0.491759,0.505067,0.507997,1,0
0.486387,0.497864,0.507386,1,0
0.480894,0.494689,0.506165,1,0
0.48065,0.498474,0.508729,1,0
0.480894,0.510805,0.510194,1,0
0.483824,0.516665,0.511659,1,0
0.485533,0.519839,0.50934,1,0
0.488707,0.519106,0.508119,1,0
0.488829,0.513124,0.507264,1,1
0.491027,0.50702,0.50763,1,0
0.488341,0.499206,0.509584,1,0
0.488707,0.491149,0.514589,1,0
0.485167,0.485777,0.518252,1,0
0.481626,0.481992,0.523868,1,0
0.477231,0.476254,0.528141,1,0
0.470028,0.479184,0.531437,1,0
0.465023,0.480283,0.534855,1,0
0.461238,0.485655,0.537663,1,0
0.464412,0.495666,0.543645,1,0
0.471249,0.505555,0.547186,1,0
0.477842,0.51813,0.545843,1,0
0.482725,0.527286,0.54157,1,0
0.486021,0.530704,0.534611,1,0
0.490416,0.524966,0.530216,1,0
0.493835,0.522891,0.523623,1,0
0.496276,0.521426,0.51813,1,0
0.498596,0.519228,0.513857,1,0
0.49884,0.515566,0.510316,1,0
0.497741,0.510316,0.50702,1,0
0.497131,0.507508,0.504578,1,0
0.494323,0.50409,0.501892,1,0
0.492003,0.500549,0.502381,1,0
0.489318,0.495666,0.505189,1,0
0.486998,0.488341,0.509462,1,0
0.483091,0.482237,0.515444,1,0
0.480772,0.480039,0.521304,1,0
0.474545,0.479429,0.527774,1,0
0.469296,0.480039,0.533757,1,0
0.465389,0.483702,0.539373,1,0
0.467953,0.492492,0.546698,1,0
0.473813,0.506776,0.551703,1,0
0.479307,0.525333,0.551337,1,0
0.483457,0.532536,0.54511,1,0
0.488097,0.534123,0.538396,1,0
0.492492,0.527164,0.530338,1,0
0.495056,0.522281,0.523868,1,0
0.495788,0.520327,0.516543,1,0
0.495178,0.517275,0.511293,1,0
0.49298,0.510927,0.508363,1,0
0.490172,0.502503,0.506409,1,0
0.484678,0.497497,0.505189,1,0
0.479307,0.496765,0.505555,1,0
0.478208,0.499206,0.509462,1,0
0.480527,0.509217,0.511659,1,0
0.483457,0.514833,0.51227,1,0
0.486143,0.517031,0.50995,1,0
0.488951,0.515566,0.508241,1,1
0.487975,0.508485,0.507386,1,0
0.489562,0.499451,0.509462,1,0
0.48712,0.491515,0.512636,1,0
0.486265,0.485533,0.517519,1,0
0.48358,0.48065,0.523379,1,0
0.475522,0.480772,0.529606,1,0
0.467953,0.478208,0.533146,1,0
0.460383,0.477597,0.533757,1,0
0.461238,0.485655,0.538762,1,0
0.468319,0.495178,0.544256,1,0
0.476865,0.51288,0.547064,1,0
0.482847,0.527652,0.546331,1,0
0.484556,0.533024,0.538762,1,0
0.487975,0.530827,0.532658,1,0
0.490538,0.523013,0.527042,1,0
0.494689,0.519351,0.52106,1,0
0.497986,0.519717,0.516298,1,0
0.498596,0.513979,0.513368,1,0
0.497864,0.513002,0.508363,1,0
0.497253,0.508119,0.506287,1,0
0.494811,0.50409,0.503968,1,0
0.492248,0.502869,0.502747,1,0
0.490172,0.49823,0.504578,1,0
0.486143,0.49237,0.507142,1,0
0.484312,0.486876,0.511415,1,0
0.481748,0.482359,0.516787,1,0
0.477597,0.48126,0.522158,1,0
0.473691,0.477719,0.527286,1,0
0.467464,0.477964,0.531437,1,0
0.46368,0.481138,0.536442,1,0
0.467464,0.489806,0.543768,1,0
0.474057,0.502625,0.549994,1,0
0.480527,0.524112,0.55036,1,0
0.484678,0.536565,0.545355,1,0
0.489318,0.538884,0.538274,1,0
0.492003,0.533268,0.529484,1,0
0.496276,0.522769,0.524722,1,0
0.498352,0.523013,0.517153,1,0
0.497375,0.517275,0.512636,1,0
0.492126,0.507874,0.508973,1,0
0.485777,0.500794,0.506287,1,0
0.481748,0.494567,0.50763,1,0
0.480405,0.496154,0.508485,1,0
0.480161,0.503479,0.510072,1,0
0.481504,0.50702,0.513002,1,0
0.483213,0.515932,0.511049,1,0
0.485655,0.51874,0.508851,1,0
0.48712,0.515444,0.508363,1,1
0.489073,0.510805,0.507386,1,0
0.48944,0.504578,0.508119,1,0
0.491027,0.496887,0.513246,1,0
0.48773,0.492248,0.51642,1,0
0.487975,0.486021,0.522891,1,0
0.480283,0.477231,0.529361,1,0
0.477353,0.474301,0.532292,1,0
0.46954,0.476499,0.534611,1,0
0.464046,0.47894,0.53632,1,0
0.4649,0.486021,0.540838,1,0
0.471615,0.500183,0.545599,1,0
0.477964,0.50763,0.546331,1,0
0.483335,0.520449,0.54389,1,0
0.485411,0.526187,0.538762,1,0
0.488341,0.527042,0.532169,1,0
0.49066,0.523013,0.528507,1,0
0.494445,0.523013,0.524356,1,0
0.496643,0.520816,0.518984,1,0
0.498108,0.518496,0.5152,1,0
0.497375,0.515078,0.511659,1,0
0.497741,0.509828,0.507874,1,0
0.497009,0.507752,0.504212,1,0
0.495178,0.503724,0.502869,1,0
0.493346,0.499206,0.502014,1,0
0.490783,0.495544,0.50409,1,0
0.49066,0.488829,0.50995,1,0
0.487242,0.483213,0.515322,1,0
0.486021,0.483335,0.522403,1,0
0.478696,0.474423,0.525455,1,0
0.467953,0.471371,0.529972,1,0
0.460383,0.469906,0.535466,1,0
0.46368,0.47601,0.542058,1,0
0.470883,0.48712,0.545965,1,0
0.477597,0.502381,0.548895,1,0
0.48187,0.517031,0.545721,1,0
0.482481,0.526798,0.539495,1,0
0.482847,0.525821,0.534733,1,0
0.48773,0.519595,0.529484,1,0
0.491881,0.515566,0.524966,1,0
0.492614,0.508363,0.519106,1,0
0.491637,0.506043,0.514955,1,0
0.490294,0.50116,0.51349,1,0
0.487975,0.499939,0.511781,1,0
0.486143,0.501892,0.510316,1,0
0.48358,0.504334,0.509584,1,0
0.484068,0.509462,0.510682,1,0
0.485045,0.515444,0.51227,1,0
0.486143,0.519839,0.511415,1,1
0.489684,0.520327,0.509584,1,0
0.490172,0.513979,0.508119,1,0
0.49005,0.506165,0.507997,1,0
0.49005,0.496276,0.51227,1,0
0.489073,0.487364,0.516543,1,0
0.488219,0.480161,0.521304,1,0
0.48358,0.477964,0.523623,1,0
0.479795,0.477231,0.52692,1,0
0.474179,0.476621,0.530094,1,0
0.470028,0.478574,0.53339,1,0
0.466854,0.483213,0.537663,1,0
0.46954,0.490416,0.542547,1,0
0.477597,0.495788,0.544012,1,0
0.487975,0.515688,0.54389,1,0
0.489318,0.53339,0.537541,1,0
0.491515,0.540105,0.534367,1,0
0.493713,0.538396,0.530949,1,0
0.497741,0.528385,0.527164,1,0
0.501282,0.526431,0.523257,1,0
0.503113,0.523013,0.518984,1,0
0.503479,0.521426,0.513735,1,0
0.501282,0.514589,0.511415,1,0
0.498596,0.512636,0.50763,1,0
0.497375,0.507264,0.506165,1,0
0.494323,0.5047,0.505433,1,0
0.491637,0.501526,0.506409,1,0
0.490783,0.496643,0.508607,1,0
0.48773,0.49066,0.512758,1,0
0.486021,0.484434,0.516787,1,0
0.48419,0.483824,0.520816,1,0
0.48187,0.480527,0.527774,1,0
0.475644,0.479429,0.532169,1,0
0.470028,0.479917,0.540349,1,0
0.468685,0.487242,0.545721,1,0
0.473446,0.497864,0.548651,1,0
0.480772,0.514101,0.551093,1,0
0.485289,0.526431,0.54743,1,0
0.489195,0.532902,0.54096,1,0
0.491637,0.532169,0.533879,1,0
0.495056,0.525211,0.528629,1,0
0.497009,0.520449,0.522769,1,0
0.498474,0.521426,0.517641,1,0
0.496887,0.517397,0.513857,1,0
0.49591,0.51227,0.511537,1,0
0.491637,0.509706,0.509462,1,0
0.487975,0.501892,0.508363,1,0
0.48065,0.497619,0.50702,1,0
0.476865,0.496276,0.507386,1,1
0.475522,0.494689,0.50934,1,0
0.476499,0.500427,0.511415,1,0
0.479184,0.508119,0.511537,1,0
0.483702,0.514223,0.510438,1,0
0.48712,0.5152,0.508729,1,0
0.487608,0.512758,0.507264,1,0
0.489195,0.506532,0.509095,1,0
0.489073,0.49823,0.512392,1,0
0.48944,0.492248,0.517031,1,0
0.487364,0.483946,0.522403,1,0
0.484434,0.47894,0.527896,1,0
0.476377,0.474423,0.53046,1,0
0.470272,0.471859,0.533024,1,0
0.46661,0.479795,0.536565,1,0
0.467098,0.487853,0.542058,1,0
0.472836,0.499939,0.546698,1,0
0.479062,0.514955,0.547674,1,0
0.483457,0.525455,0.546087,1,0
0.485655,0.531071,0.540471,1,0
0.490294,0.52753,0.535832,1,0
0.494567,0.525699,0.529728,1,0
0.497741,0.522525,0.522891,1,0
0.500061,0.520327,0.516909,1,0
0.501038,0.517275,0.51288,1,0
0.500427,0.514101,0.508363,1,0
0.500305,0.509095,0.505677,1,0
0.498962,0.504578,0.503113,1,0
0.494933,0.500916,0.501404,1,0
0.492248,0.496765,0.502991,1,0
0.489195,0.490172,0.507142,1,0
0.487608,0.481626,0.514223,1,0
0.484068,0.478574,0.520327,1,0
0.479062,0.475034,0.527774,1,0
0.470639,0.47247,0.533757,1,0
0.464534,0.471493,0.541204,1,0
0.468319,0.486754,0.552436,1,0
0.477964,0.505311,0.557929,1,0
0.48358,0.525333,0.55329,1,0
0.488829,0.533757,0.547308,1,0
0.493102,0.534977,0.537419,1,0
0.497009,0.528385,0.530094,1,0
0.499573,0.523501,0.522647,1,0
0.499206,0.521182,0.516543,1,0
0.498596,0.519473,0.512514,1,0
0.496398,0.511659,0.50934,1,0
0.492003,0.502259,0.50763,1,0
0.481138,0.494323,0.505921,1,0
0.475888,0.48187,0.510194,1,1
0.474545,0.496154,0.511781,1,0
0.477842,0.506165,0.5152,1,0
0.48126,0.5152,0.514955,1,0
0.484068,0.519961,0.511781,1,0
0.488097,0.519473,0.508851,1,0
0.490905,0.515322,0.506654,1,0
0.49237,0.505067,0.507752,1,0
0.494201,0.495178,0.51056,1,0
0.491149,0.485289,0.513368,1,0
0.491881,0.477475,0.520693,1,0
0.484068,0.472714,0.523746,1,0
0.476621,0.467953,0.531681,1,0
0.466366,0.468807,0.537175,1,0
0.460872,0.47894,0.543279,1,0
0.465145,0.492003,0.553901,1,0
0.474057,0.510927,0.557807,1,0
0.485533,0.529484,0.554755,1,0
0.491393,0.54096,0.544866,1,0
0.496765,0.539006,0.53571,1,0
0.499695,0.529117,0.529239,1,0
0.500305,0.521548,0.522769,1,0
0.500061,0.52167,0.516298,1,0
0.501404,0.516176,0.514345,1,0
0.499939,0.511049,0.511415,1,0
0.497619,0.508241,0.507142,1,0
0.497131,0.503968,0.504822,1,0
0.493835,0.500671,0.502991,1,0
0.491393,0.497864,0.502259,1,0
0.49005,0.491881,0.506287,1,0
0.486143,0.486998,0.509462,1,0
0.485655,0.481138,0.517275,1,0
0.47833,0.475888,0.5246,1,0
0.474545,0.475156,0.531925,1,0
0.46954,0.475888,0.539617,1,0
0.468685,0.487364,0.54682,1,0
0.472592,0.500549,0.553412,1,0
0.478452,0.516054,0.555366,1,0
0.484556,0.528629,0.553046,1,0
0.488951,0.533757,0.544866,1,0
0.494323,0.532536,0.537907,1,0
0.498596,0.525211,0.531681,1,0
0.500061,0.523623,0.523135,1,0
0.500305,0.522158,0.517397,1,0
0.499695,0.517275,0.513368,1,0
0.497986,0.510194,0.508729,1,0
0.492492,0.500061,0.50702,1,0
0.483457,0.493102,0.506654,1,0
0.477353,0.490416,0.508607,1,0
0.474545,0.488951,0.514345,1,1
0.475156,0.496765,0.516787,1,0
0.476743,0.501892,0.515566,1,0
0.480405,0.507386,0.513368,1,0
0.484434,0.513124,0.508119,1,0
0.48944,0.508973,0.506165,1,0
0.492614,0.503968,0.505433,1,0
0.493102,0.497741,0.507142,1,0
0.494323,0.485045,0.514955,1,0
0.491149,0.475766,0.522525,1,0
0.4848,0.468441,0.530216,1,0
0.472714,0.471737,0.534367,1,0
0.46429,0.476987,0.540105,1,0
0.466488,0.49237,0.547308,1,0
0.470883,0.504212,0.552191,1,0
0.478818,0.515566,0.555366,1,0
0.486387,0.528629,0.549872,2,0
0.491393,0.532902,0.543523,2,0
0.4953,0.525699,0.538274,2,0
0.49823,0.521304,0.531193,2,0
0.500305,0.519106,0.523868,2,0
0.50116,0.517275,0.518374,2,0
0.500794,0.514711,0.514223,2,0
0.499206,0.513124,0.50995,2,0
0.497131,0.508485,0.506776,2,0
0.495544,0.506409,0.504944,2,0
0.491759,0.504944,0.503724,2,0
0.490905,0.501526,0.505311,2,0
0.488097,0.496276,0.506409,2,0
0.488097,0.489684,0.50995,2,0
0.484678,0.483946,0.51349,2,0
0.481748,0.482237,0.516054,2,0
0.479429,0.476621,0.522769,2,0
0.475522,0.47601,0.527408,2,0
0.473446,0.476377,0.533512,2,0
0.471371,0.477964,0.538396,2,0
0.472836,0.484434,0.542058,2,0
0.477597,0.493713,0.545233,2,0
0.483946,0.505067,0.548529,2,0
0.488585,0.515444,0.547308,2,0
0.491393,0.524722,0.54389,2,0
0.492126,0.528385,0.538762,2,0
0.493713,0.524844,0.533512,2,0
0.496521,0.520449,0.528995,2,0
0.49823,0.518252,0.525455,2,0
0.498596,0.519106,0.519961,2,0
0.497009,0.515566,0.516176,2,0
0.494567,0.509584,0.513002,2,0
0.489562,0.501038,0.508729,2,0
0.484922,0.492858,0.508973,2,0
0.480405,0.493591,0.507386,2,0
0.479062,0.49298,0.508607,2,0
0.479551,0.494323,0.51056,2,0
0.477353,0.499451,0.509462,2,0
0.478452,0.500549,0.510072,2,0
0.480772,0.501892,0.511659,2,0
0.480894,0.503479,0.511781,2,0
0.482725,0.502625,0.513246,2,0
0.484434,0.502381,0.513246,2,0
0.482237,0.502747,0.514101,2,0
0.480894,0.498108,0.514833,2,0
0.47894,0.493713,0.516298,2,0
0.480039,0.48773,0.520205,2,0
0.476987,0.487364,0.522647,2,0
0.478452,0.489928,0.524112,2,0
0.477842,0.490538,0.524478,2,0
0.479307,0.491027,0.527042,2,0
0.480405,0.488219,0.528507,2,0
0.480405,0.485777,0.527896,2,0
0.480772,0.485289,0.527286,2,0
0.482359,0.485899,0.525455,2,0
0.483213,0.485533,0.524478,2,0
0.48419,0.485655,0.523379,2,0
0.484312,0.485411,0.522403,2,0
0.484556,0.485655,0.521548,2,0
0.4848,0.486021,0.52106,2,0
0.485167,0.486143,0.521182,2,0
0.485289,0.486632,0.520449,2,0
0.486143,0.486876,0.520205,2,0
0.486265,0.48712,0.520571,2,0
0.48651,0.48712,0.520693,2,0
0.486632,0.487608,0.520205,2,0
0.486876,0.486998,0.520327,2,0
0.486632,0.487242,0.521548,2,0
0.486998,0.487364,0.522158,2,0
0.486876,0.488829,0.521426,2,0
0.486876,0.488097,0.521304,2,0
0.487364,0.487486,0.522281,2,0
0.48712,0.489073,0.521182,2,0
0.486998,0.488097,0.520816,2,0
0.487242,0.487242,0.521182,2,0
0.487364,0.48773,0.523379,2,0
0.486876,0.485533,0.52399,2,0
0.486754,0.485045,0.523868,2,0
0.48712,0.487975,0.524478,2,0
0.48712,0.489684,0.52399,2,0
0.486876,0.486021,0.523501,2,0
0.486021,0.486754,0.524234,2,0
0.485167,0.489195,0.5246,2,0
0.483457,0.491393,0.525088,2,0
0.481626,0.497864,0.527408,2,0
0.478696,0.502503,0.53046,2,0
0.480039,0.510194,0.534733,2,0
0.4848,0.516176,0.534367,2,0
0.485533,0.520571,0.529361,2,0
0.488219,0.523013,0.528385,2,0
0.491759,0.519106,0.525577,2,0
0.494445,0.520938,0.521304,2,0
0.496276,0.523135,0.516543,2,0
0.497009,0.524722,0.51349,2,0
0.496765,0.530582,0.51227,2,0
0.497253,0.531315,0.510438,2,0
0.499206,0.532292,0.50995,2,0
0.500671,0.53046,0.508241,2,0
0.503968,0.523379,0.507508,2,0
0.505921,0.517886,0.508729,2,0
0.505189,0.517763,0.506043,2,0
0.502136,0.507874,0.502503,2,0
0.501648,0.50177,0.50409,2,0
0.500549,0.492492,0.501892,2,0
0.4953,0.488951,0.498962,2,0
0.497741,0.485411,0.499206,2,0
0.494567,0.477109,0.49884,2,0
0.48773,0.467586,0.493346,2,0
0.471981,0.457942,0.492614,2,0
0.442803,0.446344,0.497619,2,0
0.44085,0.442925,0.503479,2,0
0.451227,0.429984,0.507142,2,0
0.458796,0.433403,0.507386,2,0
0.466488,0.447442,0.505677,2,0
0.474911,0.460505,0.504334,2,0
0.483213,0.471981,0.503968,2,0
0.486876,0.481504,0.502136,2,0
0.490905,0.483946,0.502381,2,0
0.495178,0.489562,0.498108,2,0
0.500061,0.495056,0.496398,2,0
0.504944,0.506654,0.497497,2,0
0.507508,0.516176,0.499206,2,0
0.505433,0.52106,0.503479,2,0
0.502869,0.52106,0.50934,2,0
0.499329,0.531925,0.511049,2,0
0.494201,0.536931,0.50995,2,0
0.49066,0.53571,0.512636,2,0
0.486876,0.532047,0.516298,2,0
0.485411,0.527774,0.518008,2,0
0.486143,0.524844,0.519228,2,0
0.485899,0.524112,0.519351,2,0
0.485777,0.525088,0.519228,2,0
0.487242,0.523379,0.519839,2,0
0.488097,0.522403,0.520083,2,0
0.489195,0.525088,0.520571,2,0
0.49066,0.524722,0.519717,2,0
0.491637,0.523623,0.520205,2,0
0.49237,0.522525,0.52167,2,0
0.492614,0.522281,0.520938,2,0
0.492492,0.52167,0.520571,2,0
0.491637,0.52106,0.519595,2,0
0.491515,0.519717,0.520083,2,0
0.491271,0.519839,0.520449,2,0
0.490905,0.519228,0.521426,2,0
0.490538,0.519717,0.521914,2,0
0.49066,0.519595,0.522158,2,0
0.49066,0.519473,0.521182,2,0
0.490416,0.518984,0.521304,2,0
0.490416,0.519473,0.521426,2,0
0.490783,0.519351,0.520938,2,0
0.49066,0.519595,0.521182,2,0
0.49005,0.520571,0.522158,2,0
0.489806,0.522281,0.522158,2,0
0.488097,0.52399,0.522891,2,0
0.485777,0.528385,0.523746,2,0
0.483091,0.532902,0.523868,2,0
0.483824,0.537175,0.523135,2,0
0.487975,0.53803,0.52167,2,0
0.491027,0.536687,0.520449,2,0
0.494323,0.531803,0.520327,2,0
0.496521,0.528507,0.519473,2,0
0.498962,0.524722,0.515932,2,0
0.500427,0.517641,0.512636,2,0
0.500794,0.51056,0.509828,2,0
0.500183,0.504822,0.506654,2,0
0.496276,0.497864,0.504578,2,0
0.492003,0.49298,0.504456,2,0
0.489562,0.493102,0.503235,2,0
0.486754,0.491759,0.502014,2,0
0.486754,0.489195,0.503724,2,0
0.487364,0.482481,0.505555,2,0
0.485289,0.476499,0.506898,2,0
0.483824,0.476865,0.506776,2,0
0.481626,0.471737,0.506287,2,0
0.478696,0.469784,0.508485,2,0
0.474667,0.465877,0.509095,2,0
0.46722,0.455988,0.51227,2,0
0.459285,0.446221,0.512025,2,0
0.455744,0.447198,0.515444,2,0
0.462947,0.444512,0.521182,2,0
0.468929,0.449762,0.513124,2,0
0.472348,0.453424,0.514833,2,0
0.478574,0.460017,0.515078,2,0
0.483457,0.469906,0.51227,2,0
0.485411,0.476987,0.508485,2,0
0.485533,0.48419,0.505555,2,0
0.487486,0.489928,0.503601,2,0
0.489928,0.492858,0.500671,2,0
0.493835,0.496276,0.500183,2,0
0.4953,0.502869,0.500794,2,0
0.497009,0.500916,0.502259,2,0
0.499939,0.512636,0.500549,2,0
0.499329,0.517641,0.500794,2,0
0.500061,0.51813,0.50116,2,0
0.501526,0.522525,0.50177,2,0
0.503479,0.526431,0.503357,2,0
0.504944,0.53046,0.503846,2,0
0.506043,0.533512,0.507874,2,0
0.504944,0.536809,0.50763,2,0
0.507142,0.539495,0.509828,2,0
0.506654,0.543157,0.511415,2,0
0.507508,0.546575,0.513368,2,0
0.508241,0.549872,0.514101,2,0
0.50934,0.549261,0.511537,2,0
0.50763,0.548651,0.51227,2,0
0.507508,0.548651,0.507874,2,0
0.506776,0.544866,0.508363,2,0
0.506287,0.538274,0.508729,2,0
0.505921,0.535344,0.507874,2,0
0.506043,0.532414,0.506776,2,0
0.505555,0.526065,0.506898,2,0
0.503357,0.522281,0.505433,2,0
0.500549,0.516787,0.505555,2,0
0.497741,0.513857,0.504334,2,0
0.493346,0.509095,0.504212,2,0
0.491149,0.502625,0.503479,2,0
0.486632,0.50116,0.502869,2,0
0.485533,0.491149,0.50409,2,0
0.486021,0.490172,0.50409,2,0
0.486876,0.486265,0.503479,2,0
0.488951,0.480283,0.505067,2,0
0.487975,0.471249,0.505189,2,0
0.488219,0.46661,0.502136,2,0
0.486143,0.457331,0.502991,2,0
0.482603,0.456477,0.501038,2,0
0.479551,0.456477,0.502747,2,0
0.479062,0.448175,0.503357,2,0
0.476743,0.449029,0.503357,2,0
0.476865,0.449152,0.506287,2,0
0.479429,0.447809,0.505921,2,0
0.482115,0.450372,0.50409,2,0
0.483213,0.456477,0.503601,2,0
0.484312,0.46136,0.502014,2,0
0.485289,0.463313,0.501282,2,0
0.485411,0.466488,0.502014,2,0
0.485899,0.470761,0.50116,2,0
0.486387,0.474423,0.50177,2,0
0.48651,0.477842,0.503479,2,0
0.48773,0.484312,0.504822,2,0
0.487608,0.490294,0.503846,2,0
0.488463,0.497253,0.505677,2,0
0.488707,0.503479,0.505799,2,0
0.489684,0.507386,0.503357,2,0
0.490294,0.510805,0.503601,2,0
0.492126,0.515566,0.504212,2,0
0.493835,0.515566,0.502747,2,0
0.495422,0.52106,0.504822,2,0
0.497741,0.522769,0.506409,2,0
0.500305,0.526431,0.506776,2,0
0.502381,0.531071,0.509584,2,0
0.503113,0.533146,0.510194,2,0
0.503846,0.53864,0.513735,2,0
0.504456,0.541448,0.515078,2,0
0.505677,0.546453,0.516298,2,0
0.504334,0.548651,0.516543,2,0
0.503724,0.551215,0.516298,2,0
0.503113,0.551215,0.514345,2,0
0.502991,0.544744,0.513735,2,0
0.503235,0.539373,0.513979,2,0
0.503357,0.535954,0.51288,2,0
0.503479,0.533146,0.511537,2,0
0.503724,0.531437,0.509828,2,0
0.503357,0.526798,0.508607,2,0
0.501282,0.521426,0.507264,2,0
0.499573,0.517763,0.506898,2,0
0.496154,0.512392,0.505433,2,0
0.494323,0.50763,0.5047,2,0
0.492003,0.502747,0.504334,2,0
0.492614,0.497497,0.505433,2,0
0.490172,0.491271,0.504944,2,0
0.489562,0.482847,0.505555,2,0
0.485655,0.477109,0.505799,2,0
0.48712,0.477231,0.506043,2,0
0.486754,0.473935,0.505189,2,0
0.48651,0.468807,0.507752,2,0
0.48358,0.462337,0.506287,2,0
0.479917,0.458796,0.50934,2,0
0.474545,0.455378,0.509584,2,0
0.470883,0.450861,0.510927,2,0
0.471981,0.452204,0.514833,2,0
0.475156,0.452936,0.514589,2,0
0.477597,0.452204,0.513735,2,0
0.480772,0.457942,0.512025,2,0
0.482481,0.462215,0.509584,2,0
0.48358,0.4649,0.508973,2,0
0.484312,0.46954,0.507752,2,0
0.485045,0.475522,0.507264,2,0
0.485411,0.479795,0.506287,2,0
0.485167,0.485655,0.505067,2,0
0.487608,0.488707,0.507874,2,0
0.489562,0.495788,0.506409,2,0
0.490538,0.503968,0.505555,2,0
0.491759,0.508363,0.505189,2,0
0.49298,0.511293,0.505799,2,0
0.493713,0.514101,0.505677,2,0
0.496032,0.517763,0.506287,2,0
0.497864,0.520816,0.506654,2,0
0.499939,0.523501,0.508973,2,0
0.501404,0.525821,0.510682,2,0
0.501282,0.530704,0.511781,2,0
0.503113,0.533757,0.516909,2,0
0.503968,0.541936,0.518618,2,0
0.504944,0.549383,0.520449,2,0
0.505555,0.553779,0.519839,2,0
0.504822,0.553779,0.517519,2,0
0.504334,0.548163,0.51642,2,0
0.503968,0.543279,0.514711,2,0
0.50409,0.539739,0.513735,2,0
0.504456,0.535222,0.512514,2,0
0.503846,0.530582,0.511415,2,0
0.502991,0.525211,0.510194,2,0
0.501526,0.520205,0.50995,2,0
0.500305,0.516176,0.507997,2,0
0.498352,0.51288,0.506654,2,0
0.4953,0.506776,0.504822,2,0
0.492003,0.501038,0.5047,2,0
0.490783,0.496398,0.504944,2,0
0.48944,0.494567,0.502991,2,0
0.488951,0.488341,0.502869,2,0
0.487853,0.484678,0.502869,2,0
0.486265,0.481016,0.502625,2,0
0.485777,0.475034,0.504334,2,1
0.48419,0.471859,0.502503,2,0
0.484068,0.465755,0.505067,2,0
0.479673,0.45904,0.504456,2,0
0.474789,0.455256,0.506043,2,0
0.471493,0.44732,0.508851,2,0
0.470639,0.446344,0.51056,2,0
0.474179,0.449884,0.513735,2,0
0.476987,0.452326,0.514467,2,0
0.479673,0.456843,0.513002,2,0
0.48065,0.46136,0.511537,2,0
0.48187,0.467586,0.510194,2,0
0.483457,0.471981,0.509706,2,0
0.484556,0.476377,0.508607,2,0
0.485289,0.480772,0.509095,2,0
0.485777,0.484922,0.508729,2,0
0.486265,0.489684,0.50763,2,0
0.486876,0.494933,0.507508,2,0
0.487853,0.499817,0.506043,2,0
0.489318,0.504578,0.505799,2,0
0.49005,0.508851,0.503968,2,0
0.491881,0.512514,0.504334,2,0
0.493713,0.514711,0.503968,2,0
0.495788,0.519961,0.502625,2,0
0.498474,0.521548,0.503601,2,0
0.500916,0.525577,0.506898,2,0
0.503479,0.528507,0.506532,2,0
0.5047,0.532536,0.508485,2,0
0.507142,0.541082,0.51227,2,0
0.507142,0.548407,0.512147,2,0
0.507874,0.554389,0.514101,2,0
0.50763,0.558784,0.512025,2,0
0.50409,0.555732,0.510072,2,0
0.503113,0.54743,0.510927,2,0
0.502625,0.541082,0.510194,2,0
0.502503,0.536931,0.509706,2,0
0.502014,0.532414,0.509828,2,0
0.50177,0.528507,0.508607,2,0
0.500305,0.524234,0.507874,2,0
0.49823,0.518984,0.50763,2,0
0.496643,0.516787,0.506532,2,0
0.494201,0.513735,0.504578,2,0
0.492736,0.508241,0.504822,2,0
0.491027,0.503113,0.504212,2,0
0.490416,0.500794,0.50409,2,0
0.491637,0.495788,0.504334,2,0
0.491149,0.490294,0.502136,2,0
0.491393,0.480894,0.505433,2,0
0.487853,0.473202,0.504578,2,1
0.486387,0.473691,0.503724,2,0
0.4848,0.468075,0.503724,2,0
0.482359,0.464534,0.504578,2,0
0.475156,0.455744,0.505555,2,0
0.471737,0.45489,0.507264,2,0
0.467586,0.449762,0.508851,2,0
0.471615,0.450861,0.510072,2,0
0.475522,0.450983,0.511415,2,0
0.478452,0.454035,0.510072,2,0
0.479795,0.459407,0.508119,2,0
0.481626,0.464778,0.50763,2,0
0.482237,0.466488,0.506776,2,0
0.482969,0.469418,0.506776,2,0
0.483824,0.474789,0.506532,2,0
0.482847,0.476621,0.504944,2,0
0.485167,0.480161,0.508485,2,0
0.487486,0.485655,0.507997,2,0
0.488951,0.491393,0.507142,2,0
0.490538,0.497864,0.508363,2,0
0.491393,0.503357,0.506165,2,0
0.491759,0.508119,0.506043,2,0
0.491881,0.511537,0.506532,2,0
0.494079,0.513613,0.505189,2,0
0.498352,0.516054,0.506287,2,0
0.501648,0.520693,0.506776,2,0
0.504944,0.524478,0.508363,2,0
0.504578,0.531071,0.510194,2,0
0.504944,0.537663,0.513124,2,0
0.503479,0.542791,0.5152,2,0
0.504578,0.547796,0.518008,2,0
0.504334,0.553168,0.51813,2,0
0.503113,0.554877,0.515322,2,0
0.502625,0.552314,0.513613,2,0
0.503357,0.5445,0.512758,2,0
0.503235,0.539617,0.511415,2,0
0.503357,0.536198,0.510316,2,0
0.502503,0.530949,0.508851,2,0
0.500794,0.526431,0.50763,2,0
0.499573,0.521914,0.506776,2,0
0.497619,0.51874,0.504578,2,0
0.496643,0.513368,0.503479,2,0
0.494201,0.50702,0.5047,2,0
0.492248,0.50177,0.504212,2,0
0.489684,0.500061,0.502991,2,0
0.489684,0.495788,0.502136,2,0
0.487242,0.489073,0.501282,2,0
0.488097,0.484922,0.50409,2,0
0.486021,0.477964,0.506043,2,0
0.487608,0.474911,0.509462,2,1
0.488219,0.468807,0.507997,2,0
0.486998,0.459407,0.509095,2,0
0.482115,0.458308,0.508607,2,0
0.475156,0.455622,0.508485,2,0
0.468075,0.446588,0.509462,2,0
0.469173,0.445001,0.511537,2,0
0.474667,0.447809,0.51288,2,0
0.477109,0.450983,0.511293,2,0
0.477597,0.4555,0.509828,2,0
0.481504,0.460994,0.509584,2,0
0.484678,0.465999,0.510438,2,0
0.486632,0.470639,0.508973,2,0
0.486876,0.4754,0.507508,2,0
0.486998,0.48126,0.506654,2,0
0.487364,0.485899,0.505433,2,0
0.486998,0.49237,0.503479,2,0
0.488951,0.497986,0.504822,2,0
0.48944,0.50177,0.503601,2,0
0.491271,0.50763,0.504456,2,0
0.492003,0.510805,0.505921,2,0
0.493713,0.51288,0.504944,2,0
0.496032,0.516176,0.506165,2,0
0.49823,0.517886,0.507142,2,0
0.499695,0.518618,0.50702,2,0
0.502747,0.522403,0.509584,2,0
0.504212,0.5246,0.510438,2,0
0.506043,0.531071,0.513002,2,0
0.507997,0.535588,0.516054,2,0
0.509217,0.542669,0.518618,2,0
0.511415,0.552191,0.523501,2,0
0.51056,0.556098,0.523868,2,0
0.510438,0.554511,0.521426,2,0
0.507386,0.549994,0.519839,2,0
0.507386,0.543401,0.51874,2,0
0.50702,0.538884,0.517397,2,0
0.506898,0.532902,0.51581,2,0
0.506532,0.528507,0.513979,2,0
0.505067,0.524112,0.509828,2,0
0.502747,0.518008,0.507264,2,0
0.501892,0.514223,0.505067,2,0
0.500305,0.511781,0.502869,2,0
0.497375,0.505921,0.502136,2,0
0.494079,0.500549,0.50177,2,0
0.492858,0.496154,0.500671,2,0
0.491515,0.48773,0.500794,2,0
0.490416,0.485045,0.501526,2,0
0.48944,0.477597,0.502136,2,0
0.49066,0.475644,0.503601,2,1
0.491515,0.475034,0.502503,2,0
0.484922,0.462581,0.502625,2,0
0.478086,0.464778,0.505921,2,0
0.472104,0.460017,0.508973,2,0
0.468319,0.445855,0.513613,2,0
0.473324,0.445855,0.516176,2,0
0.475278,0.445733,0.515566,2,0
0.476987,0.448785,0.513368,2,0
0.479307,0.45489,0.510316,2,0
0.481138,0.459163,0.507752,2,0
0.483091,0.462459,0.506409,2,0
0.48358,0.465877,0.505067,2,0
0.48419,0.469906,0.505433,2,0
0.48419,0.475156,0.506532,2,0
0.484434,0.479917,0.506043,2,0
0.485533,0.483335,0.505921,2,0
0.487975,0.489562,0.505677,2,0
0.491271,0.494079,0.504212,2,0
0.493468,0.498962,0.502869,2,0
0.494567,0.50409,0.50177,2,0
0.495666,0.510438,0.500671,2,0
0.497864,0.514101,0.501404,2,0
0.499817,0.516298,0.503235,2,0
0.504456,0.52399,0.508241,2,0
0.503601,0.52692,0.510682,2,0
0.504822,0.534733,0.51227,2,0
0.503235,0.542547,0.51288,2,0
0.504212,0.549261,0.514711,2,0
0.504334,0.555244,0.514589,2,0
0.505189,0.555976,0.515322,2,0
0.503479,0.554755,0.51227,2,0
0.502991,0.547918,0.511049,2,0
0.503968,0.541936,0.511049,2,0
0.504212,0.538884,0.509828,2,0
0.503235,0.533634,0.509095,2,0
0.503357,0.530949,0.508119,2,0
0.502747,0.525821,0.50702,2,0
0.502136,0.522281,0.506532,2,0
0.501526,0.515688,0.505799,2,0
0.499084,0.51056,0.506532,2,0
0.495788,0.505067,0.504578,2,0
0.491637,0.501038,0.505311,2,0
0.489684,0.499573,0.502625,2,0
0.485899,0.497741,0.502747,2,0
0.486998,0.494567,0.503724,2,0
0.484068,0.491637,0.502014,2,0
0.485777,0.486876,0.502381,2,0
0.484922,0.480772,0.502136,2,0
0.485045,0.471981,0.503968,2,1
0.482725,0.467464,0.502747,2,0
0.477597,0.456965,0.500916,2,0
0.468441,0.450372,0.50177,2,0
0.468441,0.451593,0.507386,2,0
0.469906,0.445855,0.50934,2,0
0.471737,0.445001,0.508241,2,0
0.476499,0.446099,0.50763,2,0
0.47833,0.452326,0.505555,2,0
0.479184,0.459773,0.503968,2,0
0.480772,0.464412,0.502747,2,0
0.481992,0.467342,0.502991,2,0
0.484068,0.470883,0.502625,2,0
0.48358,0.473935,0.502136,2,0
0.485167,0.479673,0.502381,2,0
0.485045,0.485289,0.502503,2,0
0.486632,0.489318,0.503357,2,0
0.487242,0.494567,0.504212,2,0
0.488219,0.500061,0.503479,2,0
0.489928,0.50409,0.502014,2,0
0.490783,0.508729,0.501892,2,0
0.492003,0.513857,0.501892,2,0
0.493835,0.51349,0.502869,2,0
0.497131,0.517153,0.505555,2,0
0.499329,0.522158,0.507752,2,0
0.502503,0.525455,0.513002,2,0
0.504578,0.533757,0.5152,2,0
0.502136,0.540105,0.514955,2,0
0.500427,0.547186,0.517763,2,0
0.499695,0.548529,0.518862,2,0
0.499329,0.548895,0.520327,2,0
0.498962,0.548651,0.51813,2,0
0.499084,0.547064,0.515566,2,0
0.499939,0.541936,0.514345,2,0
0.500305,0.537541,0.513613,2,0
0.500183,0.53339,0.511659,2,0
0.500794,0.530216,0.509217,2,0
0.500183,0.52399,0.507508,2,0
0.498962,0.519595,0.507508,2,0
0.497131,0.515688,0.505189,2,0
0.494567,0.511781,0.504944,2,0
0.493957,0.508729,0.504944,2,0
0.492736,0.503724,0.503235,2,0
0.493102,0.497375,0.503601,2,0
0.491515,0.491881,0.502259,2,0
0.491149,0.480039,0.503235,2,0
0.489684,0.472836,0.500427,2,0
0.487364,0.467342,0.503357,2,1
0.486632,0.469662,0.50409,2,0
0.484068,0.469662,0.500305,2,0
0.48126,0.459651,0.50116,2,0
0.475278,0.453547,0.505189,2,0
0.471737,0.449884,0.506532,2,0
0.472836,0.445489,0.507874,2,0
0.476987,0.446221,0.510072,2,0
0.479551,0.446344,0.508973,2,0
0.481016,0.451959,0.506165,2,0
0.484068,0.458064,0.503968,2,0
0.484678,0.462215,0.503113,2,0
0.485411,0.467953,0.502136,2,0
0.486143,0.472714,0.501038,2,0
0.486265,0.476132,0.502014,2,0
0.486632,0.479673,0.502381,2,0
0.488219,0.482725,0.501404,2,0
0.491271,0.485533,0.502014,2,0
0.494323,0.494079,0.50409,2,0
0.496643,0.499695,0.504944,2,0
0.496887,0.505677,0.505189,2,0
0.497619,0.514711,0.506532,2,0
0.49823,0.518984,0.506654,2,0
0.500916,0.522891,0.50934,2,0
0.502259,0.525577,0.512025,2,0
0.502259,0.529361,0.511781,2,0
0.503724,0.534611,0.518252,2,0
0.502136,0.537175,0.518252,2,0
0.503601,0.540227,0.523013,2,0
0.502869,0.541082,0.522769,2,0
0.502381,0.54682,0.51874,2,0
0.5047,0.548895,0.519961,2,0
0.505921,0.548407,0.518984,2,0
0.506776,0.546087,0.515932,2,0
0.507874,0.542058,0.513979,2,0
0.508729,0.538274,0.511049,2,0
0.509095,0.533879,0.509828,2,0
0.507997,0.528995,0.50763,2,0
0.505799,0.523135,0.506043,2,0
0.50409,0.516176,0.503724,2,0
0.501892,0.50995,0.503968,2,0
0.499329,0.504334,0.501404,2,0
0.494933,0.500061,0.500916,2,0
0.493713,0.497864,0.497986,2,0
0.493713,0.484434,0.502625,2,0
0.488829,0.483335,0.501282,2,0
0.488097,0.481382,0.505433,2,0
0.48944,0.479551,0.510438,2,0
0.491149,0.469418,0.517031,2,0
0.488951,0.457697,0.519351,2,1
0.486143,0.452814,0.520938,2,0
0.479429,0.447198,0.515932,2,0
0.475644,0.449762,0.516909,2,0
0.47015,0.449029,0.51874,2,0
0.473446,0.449518,0.517397,2,0
0.479062,0.451227,0.516543,2,0
0.482969,0.457575,0.514467,2,0
0.485167,0.462947,0.512025,2,0
0.486387,0.46661,0.510682,2,0
0.488585,0.471981,0.50934,2,0
0.48944,0.479307,0.508119,2,0
0.490172,0.48773,0.505433,2,0
0.491027,0.490905,0.505311,2,0
0.492126,0.496276,0.505067,2,0
0.492248,0.502869,0.50409,2,0
0.493468,0.505067,0.502625,2,0
0.494689,0.510682,0.503113,2,0
0.495056,0.51349,0.50116,2,0
0.496765,0.51349,0.503113,2,0
0.499817,0.519839,0.505311,2,0
0.501526,0.521914,0.505921,2,0
0.503724,0.525211,0.511415,2,0
0.505921,0.530949,0.511415,2,0
0.50763,0.534367,0.516543,2,0
0.511171,0.540838,0.520816,2,0
0.512514,0.549628,0.519228,2,0
0.513857,0.556464,0.518618,2,0
0.512025,0.560371,0.51581,2,0
0.511293,0.559394,0.512025,2,0
0.51056,0.55268,0.510805,2,0
0.510805,0.542791,0.511415,2,0
0.511781,0.536565,0.510438,2,0
0.511659,0.531925,0.512147,2,0
0.511293,0.52692,0.511293,2,0
0.509095,0.522525,0.508729,2,0
0.506654,0.51642,0.506532,2,0
0.50409,0.511781,0.505555,2,0
0.500671,0.507997,0.50409,2,0
0.497253,0.505921,0.504334,2,0
0.495422,0.501526,0.502625,2,0
0.495788,0.501282,0.502136,2,0
0.49298,0.493835,0.49884,2,0
0.49005,0.483091,0.502747,2,0
0.491027,0.475034,0.502381,2,0
0.491759,0.469296,0.50409,2,0
0.489684,0.465267,0.505677,2,0
0.492003,0.462581,0.50409,2,0
0.486143,0.457575,0.504456,2,1
0.482237,0.455012,0.505311,2,0
0.473202,0.448053,0.503113,2,0
0.467831,0.442559,0.504456,2,0
0.473202,0.44146,0.507264,2,0
0.478452,0.441216,0.506165,2,0
0.482603,0.446588,0.505067,2,0
0.485289,0.454401,0.503479,2,0
0.485777,0.460139,0.502014,2,0
0.487975,0.464168,0.501038,2,0
0.488951,0.469906,0.501892,2,0
0.489562,0.476987,0.502136,2,0
0.488829,0.482481,0.503235,2,0
0.488951,0.487486,0.503968,2,0
0.489318,0.493346,0.504456,2,0
0.488829,0.496643,0.504944,2,0
0.489318,0.502014,0.505067,2,0
0.490783,0.507264,0.504944,3,0
0.492003,0.511171,0.504456,3,0
0.493591,0.515444,0.504578,3,0
0.495178,0.516298,0.506654,3,0
0.497375,0.517275,0.506532,3,0
0.500183,0.522525,0.509584,3,0
0.501892,0.526554,0.511171,3,0
0.502625,0.529728,0.514101,3,0
0.504944,0.536442,0.519106,3,0
0.504822,0.542425,0.519106,3,0
0.506898,0.552191,0.522525,3,0
0.504456,0.553656,0.519473,3,0
0.502014,0.556342,0.517153,3,0
0.500549,0.552191,0.514589,3,0
0.502014,0.546209,0.51288,3,0
0.503113,0.540715,0.511537,3,0
0.503846,0.538396,0.509706,3,0
0.503479,0.532169,0.507874,3,0
0.502014,0.52692,0.506409,3,0
0.500671,0.52167,0.504212,3,0
0.497864,0.515688,0.503235,3,0
0.495788,0.511415,0.502136,3,0
0.49237,0.50763,0.500427,3,0
0.490294,0.502869,0.501404,3,0
0.488829,0.499817,0.500671,3,0
0.489195,0.498962,0.501038,3,0
0.49005,0.492492,0.502747,3,0
0.491027,0.48651,0.503846,3,0
0.490294,0.478818,0.5047,3,0
0.491271,0.473813,0.507874,3,0
0.492614,0.469173,0.509584,3,0
0.49237,0.460628,0.511659,3,0
0.490783,0.453302,0.513002,3,0
0.487364,0.44732,0.513979,3,0
0.484678,0.447686,0.514467,3,0
0.481748,0.447198,0.516176,3,0
0.48187,0.445001,0.515322,3,0
0.482969,0.445367,0.515078,3,0
0.486021,0.448785,0.514467,3,0
0.488341,0.454767,0.511781,3,0
0.48944,0.457087,0.510438,3,0
0.490905,0.461238,0.508851,3,0
0.491393,0.470394,0.507997,3,0
0.490783,0.47308,0.508241,3,0
0.490783,0.478208,0.508241,3,0
0.49005,0.485411,0.506409,3,0
0.489684,0.491393,0.506532,3,0
0.489928,0.496032,0.505677,3,0
0.490172,0.501526,0.503235,3,0
0.491027,0.505799,0.502503,3,0
0.492003,0.509462,0.502991,3,0
0.493468,0.510682,0.503235,3,0
0.496154,0.513368,0.503724,3,0
0.499084,0.516298,0.5047,3,0
0.501648,0.519228,0.506165,3,0
0.505311,0.523868,0.510927,3,0
0.509584,0.528873,0.514955,3,0
0.507997,0.539006,0.515078,3,0
0.506165,0.549017,0.516298,3,0
0.506043,0.555854,0.51642,3,0
0.5047,0.560127,0.516543,3,0
0.503724,0.556587,0.516543,3,0
0.504456,0.552436,0.515688,3,0
0.505311,0.549017,0.513368,3,0
0.506776,0.54389,0.51227,3,0
0.506776,0.537785,0.51056,3,0
0.506287,0.534611,0.509217,3,0
0.505799,0.528385,0.50763,3,0
0.503846,0.522158,0.506165,3,0
0.502136,0.516298,0.5047,3,0
0.499817,0.511049,0.5047,3,0
0.496276,0.507142,0.503601,3,0
0.494567,0.509095,0.500549,3,0
0.494445,0.498596,0.497864,3,0
0.493713,0.48651,0.499573,3,0
0.490905,0.48358,0.502259,3,0
0.490172,0.479795,0.501892,3,0
0.49005,0.476621,0.500427,3,0
0.491027,0.473935,0.500549,3,0
0.492126,0.465633,0.501282,3,0
0.48944,0.46075,0.500305,3,0
0.4848,0.455866,0.501404,3,0
0.47894,0.451837,0.502503,3,0
0.471127,0.445245,0.503846,3,0
0.468075,0.439018,0.508485,3,0
0.474667,0.440728,0.509217,3,0
0.481016,0.442681,0.509462,3,0
0.483213,0.447809,0.507997,3,0
0.485411,0.4555,0.505067,3,0
0.487975,0.459651,0.503724,3,0
0.488829,0.464412,0.502747,3,0
0.487975,0.47015,0.501892,3,0
0.48773,0.473935,0.50177,3,0
0.486387,0.47833,0.50177,3,0
0.485899,0.483091,0.502625,3,0
0.486876,0.486876,0.50409,3,0
0.49005,0.490416,0.505555,3,0
0.493224,0.494689,0.506532,3,0
0.494201,0.501526,0.504578,3,0
0.495056,0.509584,0.502381,3,0
0.495788,0.51642,0.500061,3,0
0.495544,0.518008,0.500305,3,0
0.497375,0.516665,0.500305,3,0
0.500549,0.519839,0.503601,3,0
0.502869,0.520816,0.5047,3,0
0.506043,0.526187,0.509217,3,0
0.509462,0.530949,0.513368,3,0
0.509462,0.537297,0.515444,3,0
0.50995,0.544988,0.517275,3,0
0.509462,0.554999,0.519228,3,0
0.511415,0.558784,0.520449,3,0
0.510805,0.559517,0.517519,3,0
0.509217,0.555366,0.51581,3,0
0.508851,0.547674,0.512636,3,0
0.508241,0.540105,0.512025,3,0
0.507874,0.537053,0.510682,3,0
0.507386,0.532414,0.509706,3,0
0.506776,0.528629,0.508119,3,0
0.505189,0.524966,0.506287,3,0
0.502991,0.519595,0.505555,3,0
0.500427,0.513979,0.504822,3,0
0.497009,0.509462,0.503968,3,0
0.493591,0.507264,0.503601,3,0
0.491393,0.502503,0.503724,3,0
0.48944,0.497986,0.505189,3,0
0.488951,0.495056,0.505311,3,0
0.488341,0.489684,0.505921,3,0
0.488097,0.484312,0.507264,3,0
0.485777,0.483702,0.508119,3,0
0.487486,0.48358,0.50934,3,0
0.48773,0.476499,0.510316,3,0
0.488463,0.46954,0.511171,3,0
0.48358,0.458918,0.510682,3,0
0.478452,0.451349,0.513857,3,0
0.473813,0.449396,0.513368,3,0
0.475644,0.445245,0.515566,3,0
0.477842,0.446099,0.517275,3,0
0.480039,0.447686,0.516054,3,0
0.483091,0.45257,0.513735,3,0
0.484434,0.458064,0.511049,3,0
0.484678,0.462337,0.508241,3,0
0.487364,0.466121,0.507264,3,0
0.488097,0.470028,0.506532,3,0
0.487608,0.475522,0.505555,3,0
0.487486,0.480405,0.506287,3,0
0.486632,0.485411,0.506898,3,0
0.487975,0.490416,0.506898,3,0
0.487364,0.495056,0.506287,3,0
0.489195,0.49823,0.506287,3,0
0.491881,0.501404,0.506043,3,0
0.494201,0.505067,0.504822,3,0
0.496154,0.506898,0.506409,3,0
0.499206,0.510927,0.506532,3,0
0.502014,0.515566,0.508363,3,0
0.504822,0.519473,0.514223,3,0
0.503479,0.524966,0.515688,3,0
0.501892,0.532536,0.5152,3,0
0.500671,0.535588,0.515444,3,0
0.499939,0.534001,0.516298,3,0
0.498962,0.532414,0.518252,3,0
0.499329,0.530338,0.519228,3,0
0.497986,0.52399,0.519106,3,0
0.497864,0.51813,0.519473,3,0
0.49591,0.516298,0.521426,3,0
0.493591,0.511659,0.523868,3,0
0.492003,0.508241,0.525455,3,0
0.490783,0.5047,0.528019,3,0
0.490416,0.498108,0.533879,3,0
0.492003,0.496154,0.537297,3,0
0.492126,0.496032,0.536565,3,0
0.49237,0.492492,0.536687,3,0
0.489928,0.494567,0.534611,3,0
0.492248,0.489928,0.534611,3,0
0.49237,0.485533,0.532658,3,0
0.492492,0.487853,0.528751,3,0
0.493102,0.488707,0.52692,3,0
0.494689,0.486143,0.527164,3,0
0.4953,0.48419,0.525699,3,0
0.496154,0.486876,0.524234,3,0
0.497009,0.487242,0.52399,3,0
0.497375,0.486876,0.524478,3,0
0.497741,0.485777,0.524234,3,0
0.49823,0.48651,0.524356,3,0
0.49884,0.486265,0.524966,3,0
0.499206,0.487364,0.525211,3,0
0.500061,0.488341,0.525088,3,0
0.500305,0.488707,0.525333,3,0
0.500061,0.489195,0.524966,3,0
0.499817,0.489684,0.5246,3,0
0.499329,0.489562,0.525088,3,0
0.498718,0.48944,0.525088,3,0
0.498108,0.488219,0.525455,3,0
0.497741,0.48712,0.526431,3,0
0.497009,0.486021,0.527042,3,0
0.496887,0.4848,0.527652,3,0
0.497009,0.485533,0.527774,3,0
0.497253,0.486998,0.52692,3,0
0.497741,0.487364,0.526554,3,0
0.497741,0.488219,0.525699,3,0
0.497864,0.488219,0.525088,3,0
0.49823,0.489318,0.525088,3,0
0.498474,0.49066,0.524844,3,0
0.497986,0.491027,0.5246,3,0
0.497253,0.491271,0.524234,3,0
0.496521,0.48944,0.5246,3,0
0.495788,0.487853,0.524966,3,0
0.496032,0.486632,0.525577,3,0
0.495544,0.486143,0.525088,3,0
0.495056,0.486021,0.525088,3,0
0.4953,0.486021,0.524722,3,0
0.495422,0.486998,0.5246,3,0
0.494689,0.486876,0.525333,3,0
0.493957,0.486876,0.525333,3,0
0.494201,0.486632,0.526676,3,0
0.493957,0.487975,0.527042,3,0
0.494445,0.488707,0.525943,3,0
0.494811,0.490538,0.524356,3,0
0.494811,0.490905,0.523623,3,0
0.494323,0.490416,0.523257,3,0
0.493468,0.49066,0.522281,3,0
0.492003,0.49066,0.521182,3,0
0.491271,0.48712,0.522525,3,0
0.492003,0.483702,0.523623,3,0
0.492736,0.483213,0.523501,3,0
0.494323,0.486021,0.522647,3,0
0.494079,0.487608,0.52167,3,0
0.493957,0.486387,0.521914,3,0
0.494079,0.485777,0.522281,3,0
0.494201,0.486265,0.521914,3,0
0.493835,0.48712,0.522647,3,0
0.495422,0.485167,0.523135,3,0
0.493713,0.485899,0.523379,3,0
0.493346,0.483946,0.527774,3,0
0.492003,0.480894,0.530216,3,0
0.491271,0.478452,0.527042,3,0
0.491881,0.476743,0.523868,3,0
0.49237,0.479551,0.521792,3,0
0.492248,0.479062,0.520449,3,0
0.492248,0.480161,0.519717,3,0
0.492858,0.483335,0.520205,3,0
0.493224,0.484068,0.519839,3,0
0.492614,0.484434,0.52106,3,0
0.492492,0.48358,0.522769,3,0
0.493346,0.483335,0.523135,3,0
0.493102,0.486143,0.524112,3,0
0.493102,0.487975,0.524234,3,0
0.49237,0.48712,0.524478,3,0
0.492003,0.487486,0.526187,3,0
0.491027,0.487975,0.527042,3,0
0.490416,0.486876,0.528141,3,0
0.490172,0.48773,0.530338,3,0
0.490783,0.489806,0.532414,3,0
0.491271,0.494445,0.530338,3,0
0.49237,0.499329,0.529361,3,0
0.492248,0.500061,0.52753,3,0
0.492126,0.501038,0.52753,3,0
0.492614,0.501404,0.526431,3,0
0.494689,0.5047,0.525333,3,0
0.496032,0.511049,0.52399,3,0
0.497497,0.517641,0.522525,3,0
0.498474,0.522769,0.52167,3,0
0.499206,0.527164,0.518618,3,0
0.499695,0.529606,0.518374,3,0
0.500794,0.52692,0.521182,3,0
0.502991,0.522158,0.524844,3,0
0.502503,0.51642,0.526676,3,0
0.502991,0.522525,0.523501,3,0
0.502381,0.522769,0.522647,3,0
0.503846,0.524722,0.52106,3,0
0.505433,0.522281,0.521426,3,0
0.508485,0.519595,0.522036,3,0
0.509095,0.516054,0.523746,3,0
0.50995,0.511659,0.524112,3,0
0.508729,0.504578,0.527164,3,0
0.502503,0.49823,0.527652,3,0
0.497986,0.49823,0.525943,3,0
0.496521,0.499451,0.525821,3,0
0.497131,0.500794,0.526065,3,0
0.498718,0.506287,0.52753,3,0
0.499573,0.509217,0.526187,3,0
0.500916,0.511659,0.526431,3,0
0.501648,0.51581,0.525699,3,0
0.501282,0.517519,0.524234,3,0
0.502259,0.517763,0.524722,3,0
0.502747,0.519595,0.523379,3,0
0.503357,0.521182,0.523257,3,0
0.503235,0.52106,0.523379,3,0
0.503113,0.523501,0.522281,3,0
0.503235,0.524478,0.522891,3,0
0.503724,0.523868,0.523379,3,0
0.503357,0.523257,0.523746,3,0
0.503357,0.521426,0.52399,3,0
0.502869,0.52167,0.52399,3,0
0.502259,0.521426,0.5246,3,0
0.501648,0.519351,0.524234,3,0
0.501038,0.517153,0.524112,3,0
0.500427,0.51874,0.523013,3,0
0.499695,0.521548,0.521304,3,0
0.499329,0.52167,0.521304,3,0
0.499573,0.520693,0.521426,3,0
0.498962,0.522036,0.521914,3,0
0.499451,0.523013,0.522158,3,0
0.499817,0.521792,0.522525,3,0
0.499573,0.52399,0.52167,3,0
0.500061,0.524112,0.522036,3,0
0.500549,0.522158,0.523379,3,0
0.500794,0.522036,0.523013,3,0
0.500794,0.521792,0.522403,3,0
0.501892,0.523135,0.522769,3,0
0.502381,0.520693,0.523135,3,0
0.502625,0.518984,0.523257,3,0
0.502991,0.519839,0.523746,3,0
0.503113,0.520205,0.525333,3,0
0.503357,0.519839,0.523746,3,0
0.502259,0.518618,0.5246,3,0
0.501892,0.517641,0.524966,3,0
0.502381,0.51642,0.524966,3,0
0.500183,0.514101,0.525088,3,0
0.499451,0.514711,0.525455,3,0
0.500305,0.514223,0.526676,3,0
0.502136,0.515078,0.525577,3,0
0.503235,0.514223,0.525943,3,0
0.501526,0.513979,0.524234,3,0
0.498962,0.510927,0.525088,3,0
0.497497,0.508485,0.525455,3,0
0.497009,0.507874,0.525699,3,0
0.496887,0.507874,0.526798,3,0
0.496643,0.509706,0.527042,3,0
0.497619,0.51227,0.527164,3,0
0.498352,0.513002,0.527042,3,0
0.49823,0.513368,0.527042,3,0
0.49823,0.513613,0.526065,3,0
0.497986,0.513979,0.525821,3,0
0.498474,0.514955,0.525455,3,0
0.497986,0.5152,0.525455,3,0
0.497986,0.515688,0.524722,3,0
0.498108,0.517153,0.524722,3,0
0.498352,0.518008,0.525455,3,0
0.498474,0.517397,0.525088,3,0
0.498718,0.51642,0.525088,3,0
0.499084,0.518008,0.523868,3,0
0.499329,0.517886,0.523501,3,0
0.499695,0.518008,0.522647,3,0
0.499817,0.51874,0.521914,3,0
0.499329,0.519473,0.522525,3,0
0.499206,0.519228,0.522769,3,0
0.499206,0.519106,0.523013,3,0
0.49823,0.52106,0.523013,3,0
0.497497,0.519717,0.523623,3,0
0.497619,0.519717,0.524356,3,0
0.497497,0.523379,0.52399,3,0
0.497986,0.52167,0.523868,3,0
0.498108,0.522647,0.523623,3,0
0.49823,0.522769,0.522647,3,0
0.49823,0.523135,0.521304,3,0
0.498108,0.52399,0.520327,3,0
0.498474,0.524722,0.519473,3,0
0.499451,0.522158,0.520693,3,0
0.499329,0.522036,0.521182,3,0
0.500427,0.521548,0.521182,3,0
0.500427,0.520449,0.522281,3,0
0.501526,0.519961,0.523868,3,0
0.501404,0.521792,0.523501,3,0
0.502259,0.518374,0.525333,3,0
0.503357,0.516543,0.527286,3,0
0.502136,0.516665,0.526798,3,0
0.501282,0.515444,0.526187,3,0
0.500916,0.515566,0.525821,3,0
0.500061,0.517519,0.524112,3,0
0.499939,0.513857,0.524844,3,1
0.499817,0.514345,0.525211,3,0
0.497986,0.514223,0.524844,3,0
0.497131,0.512392,0.525943,3,0
0.497253,0.514711,0.525699,3,0
0.499084,0.515078,0.527164,3,0
0.498474,0.512514,0.525211,3,0
0.497009,0.509095,0.527042,3,0
0.495544,0.506165,0.527652,3,0
0.494811,0.506043,0.527774,3,0
0.495544,0.507142,0.526309,3,0
0.496765,0.508241,0.527164,3,0
0.497253,0.509706,0.527408,3,0
0.497253,0.511781,0.526676,3,0
0.498352,0.512514,0.526065,3,0
0.498718,0.510682,0.527652,3,0
0.498962,0.510682,0.527042,3,0
0.499939,0.512514,0.525455,3,0
0.500183,0.513735,0.525455,3,0
0.50116,0.514833,0.525455,3,0
0.500671,0.516787,0.524112,3,0
0.501282,0.518008,0.523746,3,0
0.50177,0.518374,0.524112,3,0
0.502259,0.519228,0.524112,3,0
0.502503,0.519473,0.524234,3,0
0.502503,0.521304,0.523501,3,0
0.503235,0.52167,0.52399,3,0
0.503235,0.523135,0.521426,3,0
0.502747,0.523746,0.522525,3,0
0.501526,0.523257,0.522647,3,0
0.501038,0.522891,0.522891,3,0
0.500794,0.523501,0.522647,3,0
0.500671,0.523746,0.522158,3,0
0.500305,0.525699,0.521548,3,0
0.500061,0.526798,0.520693,3,0
0.499939,0.528019,0.51874,3,0
0.499939,0.528995,0.516298,3,0
0.500427,0.528873,0.516054,3,0
0.502503,0.527042,0.517519,3,0
0.504212,0.525088,0.519961,3,0
0.505555,0.522647,0.523135,3,0
0.506043,0.519473,0.525699,3,0
0.504578,0.517886,0.526798,3,0
0.5047,0.517641,0.526065,3,0
0.504456,0.519228,0.524722,3,0
0.503846,0.514833,0.525333,3,0
0.503846,0.516054,0.52692,3,0
0.503235,0.51874,0.523746,3,0
0.502991,0.516909,0.523746,3,0
0.503724,0.515566,0.525088,3,1
0.503235,0.508729,0.529606,3,0
0.500794,0.508241,0.527164,3,0
0.497741,0.511415,0.526309,3,0
0.497253,0.510805,0.52753,3,0
0.496276,0.50995,0.526309,3,0
0.49591,0.511293,0.524966,3,0
0.496154,0.511903,0.525577,3,0
0.496765,0.513368,0.524478,3,0
0.497009,0.514101,0.524966,3,0
0.497986,0.513246,0.526187,3,0
0.498352,0.512514,0.526309,3,0
0.49884,0.513246,0.525943,3,0
0.498962,0.514955,0.524966,3,0
0.499817,0.515322,0.525211,3,0
0.500794,0.516054,0.524844,3,0
0.500427,0.517275,0.52399,3,0
0.501404,0.518008,0.523379,3,0
0.501404,0.518496,0.522891,3,0
0.501282,0.518008,0.523501,3,0
0.50177,0.518374,0.523501,3,0
0.502381,0.518862,0.524478,3,0
0.503113,0.518984,0.524112,3,0
0.503357,0.518496,0.524234,3,0
0.503601,0.518862,0.524844,3,0
0.503479,0.519961,0.524478,3,0
0.503113,0.518252,0.525699,3,0
0.503235,0.518984,0.524844,3,0
0.502747,0.519717,0.525699,3,0
0.502625,0.518862,0.525943,3,0
0.501282,0.519595,0.524722,3,0
0.500794,0.518618,0.522769,3,0
0.501038,0.518374,0.523746,3,0
0.500305,0.521182,0.523135,3,0
0.500549,0.519351,0.522769,3,0
0.500549,0.519106,0.522525,3,0
0.500305,0.522525,0.522403,3,0
0.500916,0.523257,0.521914,3,0
0.500794,0.523746,0.520571,3,0
0.501648,0.525577,0.520938,3,0
0.502991,0.525211,0.521304,3,0
0.503724,0.524478,0.522281,3,0
0.504456,0.523013,0.522036,3,0
0.504944,0.522281,0.522525,3,0
0.505555,0.523868,0.523013,3,0
0.505433,0.523501,0.523501,3,0
0.507508,0.516176,0.526187,3,0
0.508607,0.516665,0.527408,3,0
0.507997,0.515078,0.52753,3,1
0.506898,0.515566,0.526187,3,0
0.505555,0.512147,0.526554,3,0
0.502869,0.51056,0.526431,3,0
0.50116,0.507264,0.526676,3,0
0.500183,0.504944,0.528141,3,0
0.498352,0.503968,0.527652,3,0
0.497497,0.506654,0.527896,3,0
0.496398,0.507874,0.527042,3,0
0.495666,0.507874,0.52692,3,0
0.495178,0.505921,0.527408,3,0
0.496276,0.507752,0.526798,3,0
0.496521,0.508241,0.526798,3,0
0.497009,0.507997,0.52753,3,0
0.498596,0.508973,0.527774,3,0
0.498962,0.511537,0.526309,3,0
0.500183,0.510805,0.528141,3,0
0.501526,0.510438,0.528263,3,0
0.50177,0.512636,0.527408,3,0
0.503357,0.515566,0.526187,3,0
0.503357,0.516298,0.524722,3,0
0.502991,0.516298,0.525211,3,0
0.502869,0.517153,0.524966,3,0
0.503235,0.519228,0.523257,3,0
0.503968,0.519961,0.524112,3,0
0.503968,0.519717,0.524356,3,0
0.503968,0.519351,0.5246,3,0
0.503724,0.520205,0.524722,3,0
0.503357,0.520816,0.524234,3,0
0.502259,0.520449,0.524478,3,0
0.501892,0.520327,0.524234,3,0
0.500427,0.522158,0.523257,3,0
0.500183,0.520693,0.521792,3,0
0.499939,0.522036,0.521548,3,0
0.499329,0.523379,0.521792,3,0
0.498962,0.520816,0.522525,3,0
0.499817,0.521914,0.521792,3,0
0.499939,0.524478,0.521182,3,0
0.499817,0.525821,0.520083,3,0
0.501282,0.524112,0.520693,3,0
0.502503,0.523013,0.522158,3,0
0.502991,0.522769,0.522281,3,0
0.503968,0.520693,0.522769,3,0
0.505433,0.518252,0.524112,3,0
0.505555,0.520938,0.52399,3,0
0.506165,0.514345,0.523379,3,0
0.506532,0.516543,0.525821,3,0
0.505921,0.518252,0.52399,3,0
0.506287,0.517275,0.526065,3,1
0.505433,0.517886,0.526065,3,0
0.505433,0.51813,0.524478,3,0
0.505555,0.515566,0.525333,3,0
0.505433,0.51349,0.525088,3,0
0.503846,0.507386,0.527286,3,0
0.501038,0.505799,0.527164,3,0
0.499573,0.503846,0.528751,3,0
0.49823,0.505189,0.529117,3,0
0.497009,0.505433,0.529606,3,0
0.496643,0.506287,0.52985,3,0
0.496521,0.507386,0.529606,3,0
0.497009,0.508607,0.529239,3,0
0.497619,0.509217,0.528751,3,0
0.498108,0.507997,0.529239,3,0
0.499939,0.507508,0.528019,3,0
0.500794,0.508363,0.527774,3,0
0.502381,0.508973,0.52692,3,0
0.503846,0.50763,0.528141,3,0
0.505433,0.507508,0.527774,3,0
0.505067,0.512758,0.524966,3,0
0.505921,0.517519,0.523501,3,0
0.504944,0.520083,0.523135,3,0
0.506532,0.517519,0.524966,3,0
0.507508,0.517519,0.526431,3,0
0.506654,0.517519,0.525088,3,0
0.507752,0.516787,0.5246,3,0
0.507752,0.518984,0.525577,3,0
0.507264,0.51813,0.525455,3,0
0.506654,0.518374,0.524722,3,0
0.506654,0.520205,0.5246,3,0
0.504944,0.520693,0.524722,3,0
0.50409,0.522525,0.523379,3,0
0.502625,0.521792,0.522403,3,0
0.502381,0.521426,0.522403,3,0
0.501526,0.521304,0.523013,3,0
0.500916,0.524356,0.521914,3,0
0.501892,0.523013,0.520938,3,0
0.501526,0.522403,0.522036,3,0
0.502014,0.525943,0.519717,3,0
0.503846,0.522525,0.520571,3,0
0.504944,0.521792,0.519717,3,0
0.506409,0.522525,0.520327,3,0
0.506654,0.524234,0.520205,3,0
0.50934,0.522158,0.522769,3,0
0.51056,0.520938,0.524112,3,0
0.512514,0.519595,0.52692,3,0
0.511415,0.517519,0.528385,3,0
0.510194,0.520571,0.526309,3,0
0.508485,0.519839,0.525577,3,1
0.507997,0.518984,0.523623,3,0
0.507997,0.515444,0.5246,3,0
0.506043,0.512514,0.52399,3,0
0.504456,0.51056,0.522769,3,0
0.503968,0.513613,0.522891,3,0
0.50177,0.510316,0.526431,3,0
0.500061,0.510438,0.527896,3,0
0.497864,0.512392,0.527286,3,0
0.497375,0.512636,0.527774,3,0
0.498108,0.513979,0.527896,3,0
0.498352,0.515566,0.52753,3,0
0.497864,0.51581,0.52753,3,0
0.498718,0.514345,0.527286,3,0
0.500305,0.512636,0.527896,3,0
0.501404,0.511049,0.52753,3,0
0.502747,0.511537,0.527286,3,0
0.503968,0.511659,0.526431,3,0
0.505921,0.513124,0.527652,3,0
0.506532,0.514467,0.526431,3,0
0.508363,0.516909,0.525088,3,0
0.508119,0.518252,0.524966,3,0
0.506165,0.520816,0.523623,3,0
0.505311,0.519595,0.523257,3,0
0.504212,0.520571,0.521426,3,0
0.50409,0.521548,0.519717,3,0
0.504578,0.5246,0.518618,3,0
0.504334,0.524234,0.518008,3,0
0.504334,0.526065,0.517275,3,0
0.503724,0.526065,0.516298,3,0
0.503357,0.524478,0.517519,3,0
0.502747,0.524234,0.520571,3,0
0.503479,0.528263,0.519351,3,0
0.503968,0.52753,0.521426,3,0
0.503479,0.528141,0.522281,3,0
0.503479,0.530094,0.52106,3,0
0.503235,0.529117,0.519961,3,0
0.502869,0.532658,0.516909,3,0
0.503601,0.531681,0.515932,3,0
0.505677,0.530582,0.517275,3,0
0.506532,0.528995,0.517275,3,0
0.507874,0.528995,0.519228,3,0
0.508241,0.525699,0.521304,3,0
0.509095,0.522891,0.52106,3,0
0.509706,0.519595,0.524356,3,0
0.508119,0.518618,0.522403,3,0
0.507386,0.516176,0.523013,3,0
0.505921,0.513979,0.525333,3,0
0.504334,0.512758,0.522891,3,1
0.5047,0.510438,0.527164,3,0
0.503968,0.509706,0.527286,3,0
0.502014,0.505555,0.526798,3,0
0.499573,0.505799,0.527896,3,0
0.497253,0.505555,0.526798,3,0
0.494201,0.502503,0.528019,3,0
0.494689,0.504212,0.528385,3,0
0.495056,0.505799,0.528141,3,0
0.495422,0.506532,0.528995,3,0
0.495056,0.507997,0.527896,3,0
0.495422,0.507752,0.528141,3,0
0.497497,0.507386,0.529117,3,0
0.498718,0.509584,0.528141,3,0
0.499695,0.50934,0.527286,3,0
0.500549,0.50934,0.528019,3,0
0.502625,0.512147,0.526309,3,0
0.503846,0.513002,0.526431,3,0
0.504578,0.515444,0.525088,3,0
0.503724,0.517153,0.523746,3,0
0.504212,0.519106,0.522891,3,0
0.504456,0.519473,0.523868,3,0
0.504578,0.518008,0.524234,3,0
0.504578,0.517153,0.524356,3,0
0.505921,0.518496,0.524844,3,0
0.504944,0.518374,0.525577,3,0
0.504944,0.519106,0.525821,3,0
0.504944,0.520571,0.524356,3,0
0.503968,0.522036,0.524356,3,0
0.502869,0.522403,0.524112,3,0
0.50177,0.523501,0.521914,3,0
0.502503,0.523746,0.522891,3,0
0.502259,0.523746,0.523135,3,0
0.501648,0.523257,0.521914,3,0
0.50177,0.523623,0.523013,3,0
0.501404,0.525333,0.521548,3,0
0.502381,0.525211,0.521304,3,0
0.502869,0.523623,0.522891,3,0
0.503724,0.523623,0.523013,3,0
0.5047,0.523013,0.522036,3,0
0.506287,0.522647,0.523257,3,0
0.507142,0.521426,0.523379,3,0
0.50763,0.517397,0.526187,3,0
0.507264,0.516298,0.530094,3,0
0.506654,0.514345,0.522036,3,0
0.506898,0.517519,0.526676,3,0
0.50702,0.515078,0.526676,3,0
0.506043,0.512514,0.525699,3,0
0.504212,0.510805,0.527164,3,1
0.503601,0.503235,0.52753,3,0
0.500549,0.500183,0.525699,3,0
0.498474,0.505067,0.526798,3,0
0.496887,0.509462,0.526187,3,0
0.495666,0.510927,0.529239,3,0
0.494933,0.511659,0.528385,3,0
0.494079,0.512636,0.52753,3,0
0.494567,0.513613,0.527408,3,0
0.495422,0.512025,0.527286,3,0
0.496398,0.510927,0.52692,3,0
0.496887,0.508363,0.52692,3,0
0.499695,0.509217,0.526554,3,0
0.501038,0.512758,0.526798,3,0
0.500916,0.510805,0.525211,3,0
0.501526,0.509828,0.52753,3,0
0.502747,0.512147,0.527286,3,0
0.503479,0.51288,0.525455,3,0
0.506287,0.51874,0.523868,3,0
0.503357,0.51874,0.523623,3,0
0.502381,0.51581,0.523623,3,0
0.503357,0.518374,0.523257,3,0
0.502259,0.519228,0.522769,3,0
0.502869,0.520693,0.522769,3,0
0.503601,0.522158,0.521914,3,0
0.503968,0.523746,0.522525,3,0
0.503846,0.526187,0.52167,3,0
0.502869,0.523623,0.521914,3,0
0.502747,0.522403,0.52167,3,0
0.50116,0.527164,0.519595,3,0
0.502136,0.52985,0.518374,3,0
0.50177,0.528507,0.519473,3,0
0.501892,0.530216,0.519595,3,0
0.502625,0.530704,0.518862,3,0
0.503846,0.532047,0.518618,3,0
0.504334,0.532414,0.517153,3,0
0.506165,0.530216,0.517031,3,0
0.508607,0.528263,0.519839,3,0
0.509217,0.527286,0.520816,3,0
0.511049,0.523013,0.522891,3,0
0.511049,0.521792,0.525943,3,0
0.510194,0.517763,0.522769,3,0
0.508607,0.514589,0.526676,3,0
0.508607,0.513979,0.528507,3,0
0.507752,0.510072,0.525821,3,0
0.505067,0.506287,0.528019,3,0
0.502014,0.503601,0.526798,3,0
0.497986,0.503235,0.525821,3,0
0.497131,0.504944,0.527164,3,1
0.495666,0.507874,0.52692,3,0
0.495056,0.508729,0.526187,3,0
0.494689,0.508241,0.52692,3,0
0.494323,0.512147,0.526431,3,0
0.493957,0.511903,0.526187,3,0
0.494933,0.51288,0.527164,3,0
0.494811,0.511659,0.527408,3,0
0.4953,0.50934,0.527408,3,0
0.498108,0.509095,0.528385,3,0
0.500305,0.510316,0.526309,3,0
0.500794,0.508851,0.528507,3,0
0.502014,0.511415,0.52692,3,0
0.501648,0.511537,0.526431,3,0
0.503968,0.511781,0.52692,3,0
0.5047,0.513979,0.525088,3,0
0.504456,0.51642,0.523257,4,0
0.503846,0.518008,0.522769,4,0
0.503724,0.519595,0.522158,4,0
0.504334,0.519717,0.522403,4,0
0.504456,0.520327,0.523623,4,0
0.505433,0.520938,0.523257,4,0
0.505799,0.520571,0.523746,4,0
0.505555,0.522036,0.524478,4,0
0.505067,0.522036,0.525577,4,0
0.504334,0.521304,0.527042,4,0
0.503479,0.523501,0.52399,4,0
0.502503,0.526309,0.520693,4,0
0.501526,0.529239,0.51874,4,0
0.500427,0.528873,0.518618,4,0
0.499939,0.528751,0.516543,4,0
0.500916,0.527896,0.51581,4,0
0.501282,0.528263,0.516543,4,0
0.50116,0.528507,0.515688,4,0
0.503479,0.527042,0.516665,4,0
0.50409,0.525211,0.517397,4,0
0.505555,0.525455,0.519839,4,0
0.506287,0.52692,0.517397,4,0
0.507874,0.523746,0.521182,4,0
0.507997,0.521182,0.524356,4,0
0.510194,0.521914,0.526187,4,0
0.510927,0.518496,0.528507,4,0
0.510682,0.516665,0.525821,4,0
0.50995,0.514467,0.528141,4,0
0.508363,0.509828,0.529484,4,0
0.504822,0.50702,0.528507,4,0
0.501526,0.505555,0.528629,4,0
0.498962,0.504334,0.528507,4,0
0.496643,0.506043,0.52692,4,0
0.495666,0.507874,0.525455,4,0
0.496154,0.507264,0.528141,4,0
0.495666,0.507386,0.528873,4,0
0.495544,0.508851,0.528629,4,0
0.495544,0.510927,0.527408,4,0
0.496521,0.511049,0.528385,4,0
0.49823,0.510316,0.529117,4,0
0.500061,0.510072,0.528995,4,0
0.500671,0.51056,0.528385,4,0
0.501526,0.510682,0.528141,4,0
0.502014,0.509095,0.527408,4,0
0.502259,0.508729,0.528019,4,0
0.503357,0.509706,0.528507,4,0
0.503235,0.511537,0.527408,4,0
0.503235,0.51349,0.526798,4,0
0.502869,0.514955,0.525333,4,0
0.502869,0.515566,0.524966,4,0
0.503601,0.515566,0.524966,4,0
0.504822,0.515932,0.5246,4,0
0.505921,0.517397,0.523868,4,0
0.506409,0.52106,0.523257,4,0
0.506287,0.521426,0.522769,4,0
0.505433,0.522525,0.522647,4,0
0.50409,0.523746,0.521304,4,0
0.503235,0.523501,0.520816,4,0
0.50177,0.5246,0.523257,4,0
0.501648,0.523013,0.523013,4,0
0.501648,0.521792,0.523135,4,0
0.501892,0.521548,0.523746,4,0
0.50116,0.522891,0.523135,4,0
0.502014,0.521426,0.522036,4,0
0.500916,0.523868,0.521182,4,0
0.502136,0.524356,0.521304,4,0
0.502869,0.523379,0.520938,4,0
0.503968,0.52106,0.522525,4,0
0.504334,0.520327,0.522403,4,0
0.506776,0.52106,0.523379,4,0
0.506776,0.518984,0.523379,4,0
0.507386,0.51642,0.526065,4,0
0.507264,0.516543,0.527286,4,0
0.506287,0.514589,0.526431,4,0
0.505311,0.514711,0.52753,4,0
0.504212,0.51642,0.528141,4,0
0.503724,0.513735,0.524478,4,0
0.505433,0.509828,0.527164,4,0
0.505067,0.50934,0.527652,4,0
0.503113,0.510316,0.528995,4,0
0.501892,0.51349,0.530704,4,0
0.499573,0.514833,0.526065,4,0
0.496887,0.511537,0.525455,4,0
0.495788,0.507997,0.526187,4,0
0.495178,0.511049,0.523746,4,0
0.496765,0.513124,0.525821,4,0
0.496643,0.513124,0.525821,4,0
0.49591,0.515566,0.524722,4,0
0.495666,0.515322,0.525943,4,0
0.498718,0.511171,0.528263,4,0
0.502381,0.511537,0.528751,4,0
0.502869,0.51288,0.527896,4,0
0.501526,0.510316,0.527774,4,0
0.502259,0.508973,0.528141,4,0
0.504822,0.50995,0.528019,4,0
0.505189,0.513857,0.52692,4,0
0.505067,0.516298,0.525211,4,0
0.503601,0.51642,0.523623,4,0
0.503113,0.51813,0.523379,4,0
0.502991,0.519351,0.522281,4,0
0.503846,0.51813,0.522281,4,0
0.504822,0.518374,0.522647,4,0
0.504212,0.520205,0.522891,4,0
0.50409,0.518008,0.523257,4,0
0.503357,0.519351,0.523623,4,0
0.503235,0.520693,0.523868,4,0
0.502503,0.518496,0.524478,4,0
0.502869,0.519595,0.523379,4,0
0.502747,0.521426,0.523379,4,0
0.501526,0.522647,0.523746,4,0
0.501282,0.52167,0.523868,4,0
0.501282,0.521914,0.52399,4,0
0.501282,0.522891,0.52167,4,0
0.501404,0.523013,0.521548,4,0
0.502136,0.525088,0.521304,4,0
0.504334,0.526431,0.518374,4,0
0.506776,0.525699,0.519473,4,0
0.508241,0.523135,0.523623,4,0
0.507264,0.522769,0.523746,4,0
0.509828,0.520571,0.522525,4,0
0.510927,0.51642,0.528507,4,0
0.50934,0.513002,0.529728,4,0
0.507508,0.508973,0.523623,4,0
0.508241,0.501648,0.52753,4,0
0.504212,0.498474,0.528873,4,0
0.500305,0.496154,0.524722,4,0
0.497619,0.49237,0.523135,4,0
0.491637,0.492614,0.521304,4,0
0.488951,0.491637,0.519106,4,0
0.486632,0.488219,0.518984,4,0
0.486632,0.486021,0.519595,4,0
0.484434,0.485167,0.519351,4,0
0.485045,0.485289,0.523135,4,0
0.484678,0.483824,0.523501,4,0
0.482969,0.480527,0.523135,4,0
0.482725,0.483213,0.524478,4,0
0.483702,0.483213,0.523379,4,0
0.483335,0.483824,0.523257,4,0
0.484434,0.48651,0.522281,4,0
0.4848,0.487242,0.520816,4,0
0.485899,0.477109,0.541692,4,0
0.4848,0.484678,0.522525,4,0
0.485289,0.497253,0.517886,4,0
0.485899,0.485167,0.523379,4,0
0.487486,0.481504,0.521426,4,0
0.487853,0.481626,0.520449,4,0
0.488219,0.479184,0.519351,4,0
0.489073,0.479673,0.518008,4,0
0.488829,0.48065,0.518008,4,0
0.48944,0.480161,0.517763,4,0
0.489073,0.479795,0.518984,4,0
0.488829,0.482725,0.518618,4,0
0.488463,0.482481,0.518862,4,0
0.488341,0.482481,0.519595,4,0
0.488341,0.482359,0.519473,4,0
0.487975,0.481992,0.519228,4,0
0.487486,0.481748,0.518862,4,0
0.487608,0.481138,0.519228,4,0
0.488219,0.481504,0.519106,4,0
0.488341,0.481016,0.519106,4,0
0.48712,0.481992,0.51874,4,0
0.486387,0.482359,0.519228,4,0
0.488585,0.479917,0.518374,4,0
0.489806,0.475278,0.517031,4,0
0.491027,0.474423,0.516298,4,0
0.490783,0.475156,0.516298,4,0
0.488829,0.4754,0.516909,4,0
0.487486,0.476621,0.516909,4,0
0.486021,0.480527,0.515322,4,0
0.486632,0.47894,0.513979,4,0
0.485655,0.474545,0.513246,4,0
0.485899,0.472714,0.513124,4,0
0.484678,0.474423,0.509217,4,0
0.482359,0.475034,0.506654,4,0
0.48126,0.468929,0.507874,4,0
0.478452,0.471127,0.501404,4,0
0.477597,0.468929,0.503724,4,0
0.479917,0.4754,0.505189,4,0
0.481626,0.477719,0.502747,4,0
0.485045,0.479551,0.505799,4,0
0.487608,0.474667,0.500671,4,0
0.49066,0.478696,0.503724,4,0
0.491271,0.478208,0.506654,4,0
0.490905,0.478208,0.503601,4,0
0.494567,0.47601,0.512147,4,0
0.495666,0.487364,0.51642,4,0
0.493102,0.513979,0.516787,4,0
0.491515,0.541448,0.523135,4,0
0.489562,0.541448,0.531925,4,0
0.489195,0.521304,0.53925,4,0
0.489073,0.52167,0.534733,4,0
0.489684,0.523013,0.531437,4,0
0.491149,0.520083,0.528019,4,0
0.492003,0.519839,0.52399,4,0
0.493591,0.51581,0.520938,4,0
0.494689,0.513613,0.51813,4,0
0.494933,0.515688,0.514833,4,0
0.495056,0.5152,0.512025,4,0
0.496032,0.517886,0.508241,4,0
0.496887,0.519228,0.505555,4,0
0.495666,0.513124,0.502259,4,0
0.494201,0.505921,0.507264,4,0
0.491027,0.498108,0.515078,4,0
0.485655,0.49066,0.527164,4,0
0.482969,0.502136,0.528751,4,0
0.481626,0.506898,0.529606,4,0
0.48126,0.500549,0.531803,4,0
0.479062,0.492858,0.530338,4,0
0.478086,0.489684,0.53278,4,0
0.478208,0.490416,0.531193,4,0
0.478574,0.490538,0.530704,4,0
0.481138,0.495422,0.532292,4,0
0.48358,0.499817,0.529728,4,0
0.485289,0.500305,0.525088,4,0
0.484556,0.500305,0.527774,4,0
0.48065,0.496032,0.531803,4,0
0.47894,0.495788,0.529972,4,0
0.479551,0.494689,0.530094,4,0
0.482481,0.494811,0.528507,4,0
0.485777,0.499573,0.521792,4,0
0.489318,0.512025,0.51581,4,0
0.489684,0.508973,0.514467,4,0
0.489928,0.506287,0.513124,4,0
0.490783,0.504822,0.511903,4,0
0.491759,0.505677,0.512636,4,0
0.491881,0.503601,0.516543,4,0
0.488463,0.501892,0.520083,4,0
0.484922,0.500549,0.522891,4,0
0.479429,0.497375,0.525699,4,0
0.476499,0.498352,0.52692,4,0
0.475888,0.504456,0.529972,4,0
0.473446,0.510072,0.529117,4,0
0.473446,0.508973,0.528995,4,0
0.477719,0.506043,0.532169,4,0
0.481016,0.49066,0.533879,4,0
0.481382,0.480894,0.532047,4,0
0.481748,0.474423,0.526309,4,0
0.483946,0.47308,0.522158,4,0
0.485411,0.478208,0.516054,4,0
0.486754,0.482237,0.51227,4,0
0.488951,0.485533,0.509095,4,0
0.490416,0.486998,0.507142,4,0
0.491149,0.489195,0.5047,4,0
0.492492,0.488951,0.50409,4,0
0.492736,0.487853,0.502381,4,0
0.491393,0.484434,0.502869,4,0
0.490294,0.487608,0.502503,4,0
0.487486,0.493224,0.506409,4,0
0.487608,0.501282,0.523257,4,0
0.484922,0.528751,0.534855,4,0
0.481504,0.540349,0.546942,4,0
0.478452,0.541448,0.551215,4,0
0.476254,0.528507,0.547918,4,0
0.475522,0.527042,0.538152,4,0
0.479673,0.532292,0.529728,4,0
0.483213,0.520816,0.524356,4,0
0.485045,0.517763,0.521914,4,0
0.486876,0.513857,0.517275,4,0
0.489928,0.513735,0.511537,4,0
0.492126,0.512636,0.507752,4,0
0.493591,0.511903,0.506898,4,0
0.495422,0.513613,0.502869,4,0
0.496887,0.510805,0.501526,4,0
0.497741,0.512025,0.501404,4,0
0.497986,0.515444,0.500305,4,0
0.496887,0.515444,0.501526,4,0
0.49298,0.515078,0.503724,4,0
0.490783,0.516543,0.509706,4,0
0.489562,0.518008,0.520083,4,0
0.487853,0.513613,0.529239,4,0
0.482359,0.51056,0.53339,4,0
0.476865,0.509462,0.534855,4,0
0.472592,0.513735,0.534611,4,0
0.468319,0.519351,0.530704,4,0
0.468075,0.511293,0.529239,4,0
0.471615,0.477353,0.533512,4,0
0.472714,0.464412,0.538518,4,0
0.475766,0.454279,0.539983,4,0
0.482725,0.466488,0.526798,4,0
0.484312,0.469906,0.519595,4,0
0.488341,0.480527,0.510805,4,0
0.491637,0.487242,0.507508,4,0
0.496032,0.491515,0.505311,4,0
0.496276,0.492126,0.501648,4,0
0.49591,0.491271,0.500549,4,0
0.495544,0.491515,0.500061,4,0
0.496521,0.490294,0.50116,4,0
0.492492,0.488097,0.502259,4,0
0.490416,0.487242,0.504822,4,0
0.490416,0.482725,0.508485,4,0
0.489073,0.477231,0.512392,4,0
0.485655,0.473446,0.514711,4,0
0.48419,0.477964,0.520083,4,0
0.484678,0.492736,0.528751,4,0
0.483335,0.505311,0.535222,4,0
0.483091,0.514101,0.539861,4,0
0.481382,0.522525,0.543768,4,0
0.482481,0.518496,0.54682,4,0
0.48358,0.520571,0.546331,4,0
0.485289,0.517031,0.545599,4,0
0.48773,0.515688,0.539739,4,0
0.490416,0.51874,0.530949,4,0
0.492736,0.518862,0.526798,4,0
0.493224,0.513368,0.520449,4,0
0.494933,0.513368,0.517275,4,0
0.494445,0.513735,0.514345,4,0
0.495178,0.513246,0.509706,4,0
0.49591,0.513368,0.507997,4,0
0.496643,0.512025,0.507508,4,0
0.496032,0.513979,0.506165,4,0
0.495422,0.515688,0.505189,4,0
0.494079,0.51581,0.506165,4,0
0.492614,0.518496,0.508729,4,0
0.492614,0.51874,0.512025,4,0
0.493957,0.516054,0.516909,4,0
0.491881,0.518984,0.520816,4,0
0.48651,0.518496,0.521548,4,0
0.484922,0.51349,0.528629,4,0
0.481382,0.511659,0.531315,4,0
0.479551,0.507997,0.534611,4,0
0.478086,0.500794,0.535344,4,0
0.47894,0.491271,0.540593,4,0
0.479917,0.487486,0.540715,4,0
0.481748,0.482237,0.543279,4,0
0.481504,0.483946,0.539128,4,0
0.483091,0.490294,0.533757,4,0
0.4848,0.488463,0.528507,4,0
0.486632,0.490294,0.522281,4,0
0.485655,0.489806,0.516054,4,0
0.487608,0.491393,0.513368,4,0
0.487975,0.492736,0.509462,4,0
0.49005,0.493591,0.508241,4,0
0.491149,0.496521,0.507386,4,0
0.492003,0.49591,0.506409,4,0
0.491393,0.495788,0.506898,4,0
0.48944,0.49591,0.506898,4,0
0.487975,0.493957,0.50702,4,0
0.488097,0.491637,0.509584,4,0
0.487608,0.48712,0.512514,4,0
0.487975,0.483824,0.516543,4,0
0.486143,0.484434,0.523135,4,0
0.484922,0.488951,0.528385,4,0
0.486876,0.496154,0.534611,4,0
0.48358,0.504456,0.539861,4,0
0.48419,0.513735,0.54096,4,0
0.484434,0.516176,0.543157,4,0
0.48419,0.520449,0.5445,4,0
0.485899,0.519351,0.543035,4,0
0.488585,0.519595,0.539739,4,0
0.489195,0.52167,0.537175,4,0
0.49005,0.518008,0.532902,4,0
0.49237,0.518008,0.526187,4,0
0.493224,0.51288,0.523746,4,0
0.49237,0.511537,0.519473,4,0
0.492492,0.511781,0.514833,4,0
0.492126,0.512025,0.510438,4,0
0.493102,0.511659,0.507752,4,0
0.493591,0.512636,0.506898,4,0
0.493835,0.513368,0.505433,4,0
0.493713,0.514955,0.504822,4,0
0.49237,0.515932,0.506776,4,0
0.491881,0.519717,0.508485,4,0
0.491759,0.523746,0.51227,4,0
0.490538,0.522158,0.515078,4,0
0.489318,0.513246,0.521426,4,0
0.488951,0.502991,0.524356,4,0
0.486265,0.496154,0.527408,4,0
0.485899,0.496154,0.530094,4,0
0.485045,0.494079,0.531803,4,0
0.4848,0.495178,0.536565,4,0
0.483335,0.488585,0.538152,4,0
0.484678,0.482359,0.541814,4,1
0.484922,0.474911,0.543401,4,0
0.48712,0.475034,0.540227,4,0
0.48944,0.476377,0.536198,4,0
0.490905,0.477231,0.529239,4,0
0.492003,0.47894,0.524112,4,0
0.491027,0.482115,0.520327,4,0
0.491393,0.485167,0.515932,4,0
0.491149,0.489073,0.511537,4,0
0.491759,0.491637,0.508729,4,0
0.491881,0.492736,0.50763,4,0
0.491271,0.493591,0.507142,4,0
0.492126,0.494323,0.506776,4,0
0.491637,0.493713,0.506654,4,0
0.48944,0.492614,0.509095,4,0
0.490416,0.489928,0.511049,4,0
0.492248,0.484556,0.515322,4,0
0.494323,0.481138,0.519595,4,0
0.492126,0.48065,0.524844,4,0
0.488097,0.484434,0.525699,4,0
0.483335,0.48358,0.527042,4,0
0.479673,0.486021,0.534855,4,0
0.477231,0.497986,0.538152,4,0
0.477475,0.513735,0.539861,4,0
0.477719,0.517275,0.541448,4,0
0.479429,0.514101,0.542425,4,0
0.482359,0.515688,0.538884,4,0
0.484434,0.512147,0.537053,4,0
0.485045,0.510072,0.532292,4,0
0.485655,0.510072,0.525211,4,0
0.48712,0.509584,0.521548,4,0
0.487486,0.508973,0.517763,4,0
0.488463,0.508485,0.513857,4,0
0.489318,0.507874,0.51056,4,0
0.489928,0.508241,0.508119,4,0
0.490905,0.508363,0.505555,4,0
0.490905,0.508973,0.503968,4,0
0.49066,0.509095,0.503724,4,0
0.488341,0.510072,0.504822,4,0
0.486876,0.512514,0.508973,4,0
0.485899,0.510927,0.516665,4,0
0.485777,0.507874,0.52399,4,0
0.485289,0.508363,0.528019,4,0
0.482237,0.504212,0.528141,4,0
0.479062,0.500061,0.527652,4,0
0.473935,0.492736,0.529239,4,0
0.474179,0.492003,0.532658,4,0
0.474545,0.491027,0.536687,4,1
0.477475,0.484434,0.539617,4,0
0.479184,0.476865,0.539983,4,0
0.481748,0.47601,0.537053,4,0
0.486143,0.473569,0.534001,4,0
0.489684,0.48187,0.530827,4,0
0.49066,0.487486,0.520938,4,0
0.491759,0.486265,0.51642,4,0
0.492126,0.491637,0.511781,4,0
0.492248,0.494567,0.508851,4,0
0.492126,0.493713,0.508851,4,0
0.491881,0.495178,0.506409,4,0
0.492248,0.492858,0.506043,4,0
0.491149,0.49237,0.506898,4,0
0.488463,0.492858,0.508241,4,0
0.489928,0.492736,0.510682,4,0
0.489684,0.489684,0.514101,4,0
0.487853,0.484678,0.515932,4,0
0.486387,0.479917,0.520449,4,0
0.482847,0.479551,0.523379,4,0
0.485045,0.489073,0.534123,4,0
0.488951,0.494689,0.542058,4,0
0.489684,0.495422,0.545477,4,0
0.491515,0.504944,0.548407,4,0
0.493468,0.50995,0.549139,4,0
0.493713,0.509095,0.546331,4,0
0.494567,0.513002,0.540838,4,0
0.496032,0.519228,0.535466,4,0
0.497497,0.515566,0.532902,4,0
0.497741,0.5152,0.528751,4,0
0.497864,0.515444,0.523868,4,0
0.497375,0.514467,0.519473,4,0
0.497253,0.512758,0.514467,4,0
0.496887,0.512147,0.511293,4,0
0.496765,0.51227,0.509095,4,0
0.496398,0.511293,0.507508,4,0
0.495666,0.512636,0.505311,4,0
0.494811,0.513246,0.504944,4,0
0.494079,0.513613,0.506898,4,0
0.493957,0.5152,0.509706,4,0
0.495178,0.517641,0.513735,4,0
0.4953,0.519351,0.51874,4,0
0.497009,0.519351,0.525943,4,0
0.494689,0.521548,0.528385,4,0
0.493468,0.518496,0.529972,4,0
0.492003,0.51642,0.53339,4,0
0.485899,0.508851,0.534001,4,0
0.484556,0.502747,0.538884,4,0
0.482725,0.495178,0.541204,4,0
0.483213,0.487364,0.542669,4,1
0.481016,0.483702,0.540715,4,0
0.482725,0.48065,0.538396,4,0
0.484434,0.482115,0.532536,4,0
0.485167,0.481626,0.528751,4,0
0.485655,0.481504,0.522281,4,0
0.486387,0.484312,0.515688,4,0
0.486265,0.489684,0.510682,4,0
0.488219,0.490416,0.509095,4,0
0.490538,0.493713,0.507508,4,0
0.491149,0.4953,0.505189,4,0
0.492248,0.496643,0.504456,4,0
0.49298,0.495056,0.506287,4,0
0.490416,0.495178,0.50763,4,0
0.488951,0.495666,0.508119,4,0
0.489928,0.492614,0.510927,4,0
0.488219,0.487242,0.514711,4,0
0.488097,0.485533,0.518618,4,0
0.490416,0.486754,0.52399,4,0
0.492858,0.491149,0.53339,4,0
0.493468,0.491637,0.543157,4,0
0.49298,0.493102,0.548163,4,0
0.492248,0.49591,0.551825,4,0
0.49237,0.499939,0.552314,4,0
0.49237,0.503968,0.548895,4,0
0.49237,0.507142,0.545355,4,0
0.493835,0.507752,0.54096,4,0
0.494933,0.508607,0.535222,4,0
0.495544,0.510682,0.531071,4,0
0.496276,0.51288,0.525088,4,0
0.496643,0.512025,0.520693,4,0
0.497009,0.510927,0.517641,4,0
0.496398,0.510072,0.514345,4,0
0.496276,0.510927,0.508607,4,0
0.495666,0.512514,0.50702,4,0
0.494933,0.513857,0.505433,4,0
0.494689,0.515444,0.504822,4,0
0.494323,0.516054,0.506898,4,0
0.494201,0.517641,0.510072,4,0
0.493835,0.519595,0.513246,4,0
0.494445,0.522281,0.516176,4,0
0.493713,0.515566,0.521304,4,0
0.493591,0.507386,0.526676,4,0
0.492614,0.500183,0.531803,4,0
0.491149,0.495178,0.533268,4,0
0.491027,0.49298,0.536687,4,0
0.489684,0.492614,0.539006,4,0
0.489073,0.490416,0.542669,4,0
0.49005,0.48651,0.546942,4,1
0.492126,0.487242,0.548163,4,0
0.493468,0.48773,0.54511,4,0
0.493346,0.488951,0.539739,4,0
0.49298,0.48773,0.533879,4,0
0.492858,0.487364,0.528141,4,0
0.492492,0.487364,0.522647,4,0
0.491759,0.488341,0.517153,4,0
0.492003,0.490172,0.514223,4,0
0.492003,0.492736,0.511537,4,0
0.492248,0.494811,0.508607,4,0
0.493102,0.494323,0.507874,4,0
0.493224,0.494201,0.507752,4,0
0.493102,0.495788,0.508119,4,0
0.491881,0.495178,0.509584,4,0
0.491881,0.494811,0.512636,4,0
0.492492,0.495544,0.515932,4,0
0.493224,0.495544,0.519228,4,0
0.493591,0.49066,0.526554,4,0
0.496398,0.493835,0.536687,4,0
0.49823,0.489562,0.544256,4,0
0.499451,0.48944,0.550848,4,0
0.500916,0.494445,0.554389,4,0
0.500427,0.494201,0.549506,4,0
0.499939,0.498474,0.546331,4,0
0.498596,0.503357,0.540593,4,0
0.498718,0.512758,0.533634,4,0
0.499573,0.51642,0.530094,4,0
0.499084,0.514589,0.52692,4,0
0.49884,0.514223,0.523257,4,0
0.499084,0.511781,0.520327,4,0
0.498352,0.511537,0.517275,4,0
0.497497,0.511903,0.514467,4,0
0.497009,0.513613,0.512025,4,0
0.496276,0.513735,0.510072,4,0
0.49591,0.512514,0.509706,4,0
0.496521,0.513613,0.510927,4,0
0.496887,0.513857,0.513613,4,0
0.497864,0.514711,0.516665,4,0
0.497497,0.517886,0.518984,4,0
0.496643,0.516787,0.52167,4,0
0.496398,0.514833,0.523501,4,0
0.494567,0.518252,0.528141,4,0
0.492858,0.518862,0.529972,4,0
0.493224,0.516665,0.530216,4,0
0.491515,0.505799,0.53571,4,0
0.491393,0.500427,0.539739,4,0
0.490416,0.488951,0.54096,4,0
0.490416,0.48358,0.544866,4,1
0.491149,0.475522,0.543768,4,0
0.493835,0.476132,0.537297,4,0
0.494079,0.478452,0.533146,4,0
0.495178,0.481626,0.526431,4,0
0.493591,0.482603,0.520083,4,0
0.492126,0.483946,0.516909,4,0
0.492126,0.48712,0.51349,4,0
0.491759,0.490294,0.510438,4,0
0.492126,0.492003,0.509217,4,0
0.492126,0.491637,0.509217,4,0
0.493224,0.493468,0.508241,4,0
0.493468,0.494201,0.508485,4,0
0.49237,0.493346,0.50995,4,0
0.492248,0.492614,0.513735,4,0
0.492248,0.490416,0.517031,4,0
0.493224,0.488585,0.521304,4,0
0.494567,0.487364,0.526309,4,0
0.493957,0.486265,0.531803,4,0
0.49237,0.491027,0.536687,4,0
0.493224,0.504212,0.539861,4,0
0.493835,0.502991,0.546942,4,0
0.495056,0.514711,0.546209,4,0
0.495422,0.521426,0.541082,4,0
0.495666,0.520938,0.541814,4,0
0.495666,0.518252,0.53925,4,0
0.495788,0.516787,0.533879,4,0
0.496521,0.519106,0.529972,4,0
0.496887,0.514711,0.528263,4,0
0.496276,0.513979,0.523257,4,0
0.496154,0.514223,0.518374,4,0
0.495788,0.512392,0.515932,4,0
0.495544,0.511415,0.513246,4,0
0.495056,0.511903,0.510072,4,0
0.494933,0.511537,0.507874,4,0
0.494933,0.509706,0.507508,4,0
0.494933,0.51056,0.508241,4,0
0.4953,0.512636,0.508485,4,0
0.495544,0.513246,0.511049,4,0
0.49591,0.513735,0.515932,4,0
0.4953,0.5152,0.519595,4,0
0.49591,0.515078,0.524356,4,0
0.494079,0.51349,0.532169,4,0
0.49298,0.511903,0.535832,4,0
0.491515,0.51056,0.53864,4,0
0.491759,0.509217,0.541326,4,0
0.487975,0.503601,0.54218,4,0
0.485411,0.498718,0.541326,4,0
0.485289,0.48773,0.540838,4,0
0.484922,0.476987,0.539983,4,1
0.486387,0.473813,0.536687,4,0
0.488951,0.474423,0.533268,4,0
0.489684,0.476377,0.528141,4,0
0.489806,0.480161,0.521914,4,0
0.489684,0.483213,0.517519,4,0
0.490416,0.48651,0.51349,4,0
0.491149,0.48773,0.511781,4,0
0.491515,0.48944,0.508119,4,0
0.491881,0.492492,0.506898,4,0
0.492248,0.493346,0.506287,4,0
0.492614,0.494323,0.507142,4,0
0.493224,0.496398,0.507752,4,0
0.491759,0.494933,0.509095,4,0
0.491271,0.493713,0.510438,4,0
0.493102,0.492248,0.514101,4,0
0.492126,0.48944,0.51874,4,0
0.491759,0.485289,0.5246,4,0
0.490416,0.479062,0.52985,4,0
0.48773,0.476377,0.534123,4,0
0.482969,0.480039,0.541082,4,0
0.477597,0.488219,0.540593,4,0
0.480161,0.495056,0.542303,4,0
0.485777,0.491759,0.54743,4,0
0.484556,0.496398,0.542669,4,0
0.487608,0.499695,0.537175,4,0
0.487242,0.505799,0.532169,4,0
0.488219,0.509584,0.527164,4,0
0.489684,0.508119,0.523746,4,0
0.490416,0.509095,0.52106,4,0
0.491393,0.512514,0.516665,4,0
0.49237,0.51056,0.514589,4,0
0.49298,0.510805,0.512514,4,0
0.493102,0.512025,0.509706,4,0
0.49298,0.510072,0.507752,4,0
0.493468,0.509828,0.506165,4,0
0.494323,0.510805,0.506165,4,0
0.493713,0.511781,0.507752,4,0
0.492614,0.51227,0.508973,4,0
0.493591,0.51056,0.515322,4,0
0.494201,0.509828,0.522891,4,0
0.492614,0.509462,0.527286,4,0
0.493102,0.509462,0.531193,4,0
0.489318,0.502014,0.532292,4,0
0.48773,0.499939,0.534611,4,0
0.481016,0.496398,0.53571,4,0
0.47894,0.494811,0.545477,4,0
0.479062,0.490538,0.545843,4,0
0.48187,0.485167,0.546331,4,1
0.484434,0.478696,0.545965,4,0
0.487853,0.474911,0.538884,4,0
0.48944,0.475644,0.531193,4,0
0.490294,0.477231,0.5246,4,0
0.490538,0.479551,0.517153,4,0
0.490294,0.481504,0.511903,4,0
0.49066,0.486876,0.509095,4,0
0.492126,0.489195,0.507508,4,0
0.491881,0.489562,0.505189,4,0
0.492126,0.491149,0.504578,4,0
0.492126,0.492736,0.505189,4,0
0.492614,0.49298,0.505921,4,0
0.491515,0.493224,0.506287,4,0
0.490172,0.492614,0.507752,4,0
0.491759,0.488341,0.510316,4,0
0.491271,0.48419,0.513613,4,0
0.49005,0.482237,0.516909,4,0
0.489318,0.483824,0.52167,4,0
0.48944,0.488951,0.529972,4,0
0.488707,0.494445,0.536076,4,0
0.488585,0.500549,0.540105,4,0
0.486998,0.502259,0.545599,4,0
0.48651,0.50934,0.546942,4,0
0.488463,0.511415,0.545477,4,0
0.489562,0.517519,0.542913,4,0
0.491637,0.520327,0.538152,4,0
0.492492,0.520083,0.535954,4,0
0.49298,0.517397,0.53278,4,0
0.493102,0.517641,0.528263,4,0
0.493102,0.518008,0.522525,4,0
0.493591,0.51642,0.516909,4,0
0.493713,0.515444,0.513735,4,0
0.494079,0.513979,0.510805,4,0
0.494201,0.511781,0.50763,4,0
0.4953,0.510438,0.505189,4,0
0.495544,0.510316,0.503968,4,0
0.495666,0.511171,0.503846,4,0
0.49591,0.512392,0.505921,4,0
0.494567,0.5152,0.507874,4,0
0.493957,0.516665,0.511537,4,0
0.494079,0.519106,0.517519,4,0
0.494445,0.51874,0.523379,4,0
0.494933,0.519228,0.528507,4,0
0.494323,0.519717,0.531193,4,0
0.493468,0.515566,0.533512,4,0
0.492248,0.510682,0.536687,4,0
0.490294,0.508973,0.537907,4,0
0.48712,0.504822,0.543157,4,1
0.487486,0.507508,0.546453,4,0
0.486143,0.493713,0.545599,4,0
0.48944,0.486998,0.550238,4,0
0.492003,0.489073,0.546209,4,0
0.494079,0.490416,0.538396,4,0
0.494201,0.487242,0.531681,4,0
0.493957,0.485045,0.522036,4,0
0.494079,0.48651,0.516176,4,0
0.494323,0.490416,0.513124,4,0
0.494323,0.492003,0.508973,4,0
0.492614,0.49237,0.507508,4,0
0.49298,0.495178,0.506043,4,0
0.493468,0.494567,0.506165,4,0
0.49298,0.493591,0.506043,4,0
0.491759,0.493591,0.507752,4,0
0.490905,0.493591,0.508851,1,0
0.491637,0.49066,0.511659,1,0
0.492126,0.486998,0.515932,1,0
0.492126,0.487486,0.520327,1,0
0.492248,0.489073,0.527652,1,0
0.491027,0.490783,0.5351,1,0
0.490538,0.497864,0.54157,1,0
0.490294,0.508363,0.544134,1,0
0.491515,0.515566,0.545721,1,0
0.492248,0.518862,0.544988,1,0
0.493713,0.522891,0.543401,1,0
0.493835,0.520083,0.542303,1,0
0.494811,0.520205,0.538762,1,0
0.496276,0.521182,0.537053,1,0
0.496276,0.518008,0.534123,1,0
0.49591,0.516176,0.52985,1,0
0.496154,0.514467,0.525943,1,0
0.4953,0.513124,0.52106,1,0
0.495056,0.512147,0.516298,1,0
0.494567,0.510927,0.51227,1,0
0.494567,0.511171,0.508729,1,0
0.4953,0.50995,0.506409,1,0
0.495056,0.510438,0.505189,1,0
0.494811,0.510682,0.505067,1,0
0.494567,0.511537,0.505433,1,0
0.494567,0.513368,0.507874,1,0
0.495544,0.514955,0.511659,1,0
0.49591,0.517641,0.515444,1,0
0.496276,0.516787,0.520938,1,0
0.495422,0.516176,0.525577,1,0
0.492736,0.5152,0.530827,1,0
0.489684,0.510316,0.535588,1,0
0.486998,0.50702,0.539373,1,0
0.48651,0.501526,0.544256,1,0
0.485899,0.501526,0.545843,1,0
0.486998,0.500305,0.546087,1,0
0.490172,0.497009,0.545843,1,0
0.491637,0.494689,0.543523,1,0
0.491637,0.492736,0.539861,1,0
0.49237,0.491271,0.533268,1,0
0.49237,0.491637,0.526798,1,0
0.492126,0.491149,0.522158,1,0
0.493102,0.490783,0.51642,1,0
0.493468,0.49066,0.511415,1,0
0.494445,0.491759,0.508973,1,0
0.495666,0.491515,0.508119,1,0
0.4953,0.490172,0.507874,1,0
0.492614,0.49066,0.508363,1,0
0.492248,0.491271,0.509462,1,0
0.491271,0.489195,0.50934,1,0
0.492003,0.483824,0.508241,1,0
0.490294,0.476499,0.507508,1,0
0.487608,0.470394,0.513124,1,0
0.485045,0.479917,0.515688,1,0
0.482603,0.492126,0.517519,1,0
0.484556,0.499817,0.517397,1,0
0.485289,0.499939,0.524112,1,0
0.491759,0.501648,0.528751,1,0
0.476254,0.526676,0.534123,1,0
0.520205,0.50116,0.576364,1,0
0.494201,0.485411,0.563423,1,0
0.499695,0.471615,0.534001,1,0
0.499084,0.475522,0.516909,1,0
0.498596,0.490172,0.50763,1,0
0.502381,0.503601,0.509462,1,0
0.503724,0.496765,0.518862,1,0
0.50763,0.487975,0.537053,1,0
0.506654,0.490416,0.54157,1,0
0.505921,0.488585,0.534855,1,0
0.504212,0.490172,0.526065,1,0
0.502381,0.490416,0.520571,1,0
0.502014,0.488707,0.523135,1,0
0.501648,0.486021,0.52753,1,0
0.502503,0.486021,0.528507,1,0
0.502136,0.489073,0.526187,1,0
0.501648,0.488219,0.523623,1,0
0.501404,0.488219,0.522769,1,0
0.501526,0.485777,0.5246,1,0
0.502014,0.48419,0.525943,1,0
0.502014,0.4848,0.525088,1,0
0.502503,0.484678,0.523868,1,0
0.502869,0.483457,0.523623,1,0
0.502869,0.482603,0.523013,1,0
0.503235,0.482603,0.522647,1,0
0.503479,0.482115,0.522769,1,0
0.503724,0.480527,0.522891,1,0
0.503479,0.480039,0.522158,1,0
0.503357,0.480161,0.522158,1,0
0.503479,0.480894,0.52167,1,0
0.503235,0.481504,0.521426,1,0
0.503235,0.480772,0.521182,1,0
0.503235,0.480161,0.521182,1,0
0.503235,0.479551,0.521548,1,0
0.503235,0.479429,0.520816,1,0
0.503357,0.479062,0.520571,1,0
0.503235,0.479062,0.520571,1,0
0.503113,0.47894,0.520571,1,0
0.502991,0.479062,0.520571,1,0
0.502869,0.479429,0.520327,1,0
0.503113,0.479184,0.520571,1,0
0.503235,0.479062,0.520327,1,0
0.503113,0.479184,0.520571,1,0
0.503235,0.47894,0.520693,1,0
0.503235,0.479184,0.520571,1,0
0.503113,0.479307,0.520449,1,0
0.503113,0.479429,0.520449,1,0
0.503113,0.479307,0.520571,1,0
0.503235,0.479307,0.520449,1,0
0.503357,0.479307,0.520449,1,0
0.503235,0.479307,0.520449,1,0
0.503113,0.479429,0.520693,1,0
0.503113,0.479307,0.520693,1,0
0.503235,0.479184,0.520571,1,0
0.503113,0.479307,0.520693,1,0
0.503113,0.479307,0.520449,1,0
0.503235,0.479307,0.520449,1,0
0.503235,0.479307,0.520449,1,0
0.503235,0.479184,0.520571,1,0
0.503235,0.479184,0.520693,1,0
0.503113,0.479184,0.520693,1,0
0.503235,0.479307,0.520571,1,0
0.503357,0.479184,0.520816,1,0
0.503357,0.479429,0.520571,1,0
0.503235,0.479307,0.520327,1,0
0.503357,0.479429,0.520693,1,0
0.503357,0.479429,0.520449,1,0
0.503357,0.479307,0.520693,1,0
0.503357,0.479307,0.520571,1,0
0.503235,0.479429,0.520571,1,0
0.503357,0.479551,0.520449,1,0
0.503479,0.479429,0.520449,1,0
0.503235,0.479307,0.520449,1,0
0.503479,0.479184,0.520693,1,0