0.515078,0.497864,0.524844,1,0
0.514955,0.497619,0.525333,1,0
0.514955,0.497375,0.525088,1,0
0.515078,0.497864,0.525088,1,0
0.515322,0.497741,0.525455,1,0
0.515322,0.497619,0.525333,1,0
0.515078,0.497864,0.525333,1,0
0.514833,0.498108,0.525088,1,0
0.515078,0.497741,0.525088,1,0
0.515078,0.497986,0.525088,1,0
0.5152,0.497986,0.524844,1,0
0.5152,0.497619,0.524966,1,0
0.515322,0.498108,0.525211,1,0
0.5152,0.498108,0.525211,1,0
0.515322,0.498108,0.525211,1,0
0.5152,0.49823,0.525333,1,0
0.515078,0.498108,0.525088,1,0
0.515322,0.49823,0.525088,1,0
0.515444,0.498108,0.525211,1,0
0.515444,0.498108,0.524966,1,0
0.515444,0.498352,0.525088,1,0
0.5152,0.498108,0.525088,1,0
0.515444,0.498108,0.525211,1,0
0.5152,0.498352,0.525088,1,0
0.5152,0.498108,0.525088,1,0
0.515322,0.498474,0.525088,1,0
0.515078,0.498352,0.524966,1,0
0.5152,0.497986,0.525333,1,0
0.514833,0.498108,0.525333,1,0
0.515078,0.497741,0.525088,1,0
0.5152,0.497864,0.524966,1,0
0.5152,0.49823,0.525088,1,0
0.514955,0.49823,0.525088,1,0
0.515078,0.498108,0.525211,1,0
0.5152,0.497986,0.525088,1,0
0.5152,0.498108,0.525211,1,0
0.515322,0.49823,0.525211,1,0
0.5152,0.49823,0.524966,1,0
0.5152,0.498108,0.524966,1,0
0.515322,0.498108,0.525333,1,0
0.515322,0.49823,0.525211,1,0
0.5152,0.497986,0.524844,1,0
0.515078,0.49823,0.525211,1,0
0.514955,0.49823,0.525088,1,0
0.515322,0.498108,0.524844,1,0
0.5152,0.49823,0.525211,1,0
0.5152,0.498108,0.525333,1,0
0.5152,0.498352,0.525333,1,0
0.5152,0.498108,0.525088,1,0
0.515322,0.497986,0.525088,1,0
0.5152,0.49823,0.525333,1,0
0.515078,0.49823,0.525088,1,0
0.5152,0.497864,0.525211,1,0
0.515078,0.49823,0.525088,1,0
0.5152,0.497864,0.525088,1,0
0.5152,0.497986,0.524966,1,0
0.515078,0.497986,0.525211,1,0
0.515078,0.497986,0.525333,1,0
0.5152,0.497986,0.525211,1,0
0.515078,0.49823,0.525211,1,0
0.515322,0.498108,0.525088,0,0
0.5152,0.49823,0.524844,0,0
0.5152,0.498108,0.525211,0,0
0.5152,0.49823,0.525333,0,0
0.515322,0.498962,0.525088,0,0
0.5152,0.498108,0.525333,0,0
0.515444,0.498352,0.525577,0,0
0.515932,0.49884,0.524966,0,0
0.516665,0.499939,0.525088,0,0
0.518862,0.499329,0.5246,0,0
0.521304,0.498718,0.523868,0,0
0.523746,0.497497,0.523623,0,0
0.528751,0.494445,0.520816,0,0
0.527164,0.485777,0.520693,0,0
0.52692,0.48126,0.51874,0,0
0.520083,0.482847,0.51813,0,0
0.513979,0.485167,0.514467,1,0
0.510927,0.476377,0.505921,1,0
0.511171,0.463435,0.49591,1,0
0.507386,0.451349,0.484922,1,0
0.502259,0.453058,0.482481,1,0
0.499329,0.461482,0.480894,1,0
0.494689,0.463802,0.476865,1,0
0.489562,0.46429,0.476743,1,0
0.491027,0.468441,0.477475,1,0
0.497131,0.464412,0.473202,1,0
0.49591,0.508485,0.473324,1,0
0.491271,0.486998,0.475644,1,0
0.507264,0.503601,0.470883,1,0
0.508607,0.475888,0.503968,1,0
0.509462,0.48651,0.504822,1,0
0.524234,0.404957,0.494445,1,0
0.50702,0.480161,0.503479,1,0
0.503724,0.46368,0.495544,1,0
0.50409,0.46954,0.496521,1,0
0.503724,0.46954,0.494933,1,0
0.506287,0.471249,0.494567,1,0
0.505677,0.469662,0.494689,1,0
0.503724,0.468563,0.495178,1,0
0.5047,0.468319,0.495422,1,0
0.504822,0.467831,0.495422,1,0
0.503724,0.467953,0.494689,1,0
0.503235,0.468319,0.494567,1,0
0.503846,0.468441,0.495788,1,0
0.502503,0.468563,0.494811,1,0
0.502991,0.468563,0.493224,1,0
0.502381,0.468075,0.495056,1,0
0.501526,0.468441,0.496765,1,0
0.50116,0.467831,0.494567,1,0
0.501648,0.468197,0.494567,1,0
0.500794,0.47015,0.496521,1,0
0.501282,0.468319,0.494445,1,0
0.501404,0.467831,0.493224,1,0
0.500916,0.467831,0.494689,1,0
0.502014,0.467586,0.493468,1,0
0.501648,0.468807,0.496276,1,0
0.502503,0.470761,0.496521,1,0
0.504822,0.473691,0.498474,1,0
0.505433,0.470394,0.4953,1,0
0.507874,0.471737,0.489684,1,0
0.517763,0.471615,0.471371,1,0
0.5152,0.481382,0.46722,1,0
0.511903,0.47894,0.473446,1,0
0.50934,0.484434,0.474667,1,0
0.504578,0.476499,0.471981,1,0
0.500549,0.474667,0.474423,1,0
0.499451,0.472104,0.468319,1,0
0.496643,0.470516,0.46661,1,0
0.49005,0.465999,0.47247,1,0
0.48773,0.464168,0.473691,1,0
0.487364,0.46136,0.474545,1,0
0.48712,0.459895,0.477231,1,0
0.487242,0.455378,0.478696,1,0
0.486876,0.457209,0.486998,1,0
0.487364,0.457331,0.486021,1,0
0.484678,0.477231,0.477719,1,0
0.485045,0.496398,0.483824,1,0
0.482725,0.504822,0.491027,1,0
0.480772,0.508485,0.501404,1,0
0.485045,0.499206,0.513979,1,0
0.489073,0.497131,0.516909,1,0
0.49591,0.493957,0.518984,1,0
0.500427,0.49298,0.524356,1,0
0.506043,0.492126,0.525943,1,0
0.510072,0.496887,0.527042,1,0
0.508241,0.491759,0.529117,1,0
0.505555,0.498596,0.531681,1,0
0.503479,0.500916,0.530216,1,0
0.499817,0.502259,0.533879,1,0
0.499817,0.499451,0.532169,1,0
0.499451,0.498596,0.530338,1,0
0.497253,0.494689,0.537541,1,0
0.496643,0.496887,0.534123,1,0
0.501648,0.504456,0.531437,1,0
0.505677,0.501404,0.5246,1,0
0.50763,0.489684,0.525211,1,0
0.505555,0.491271,0.518862,1,0
0.500427,0.494567,0.515444,1,0
0.497131,0.49591,0.51581,1,0
0.493591,0.49237,0.515322,1,0
0.493224,0.493591,0.514833,1,0
0.493224,0.483213,0.512147,1,0
0.492736,0.469296,0.50763,1,0
0.490416,0.465267,0.513002,1,0
0.488951,0.467708,0.512758,1,0
0.488707,0.464656,0.507874,1,0
0.488951,0.462337,0.509584,1,0
0.488097,0.464534,0.507874,1,0
0.488341,0.465145,0.506409,1,0
0.488463,0.466243,0.504944,1,0
0.489195,0.466121,0.503357,1,0
0.489928,0.466243,0.502136,1,0
0.49066,0.468807,0.500549,1,0
0.491271,0.468807,0.499084,1,0
0.492248,0.469173,0.497497,1,0
0.492614,0.469906,0.497009,1,0
0.492736,0.470028,0.497375,1,0
0.49237,0.470272,0.496887,1,0
0.492248,0.469662,0.497131,1,0
0.491393,0.470028,0.497375,1,0
0.491149,0.469051,0.497375,1,0
0.490538,0.469173,0.497375,1,0
0.489806,0.468441,0.497986,1,0
0.489562,0.469418,0.497131,1,0
0.489806,0.470394,0.495788,1,0
0.49005,0.473202,0.494323,1,0
0.490538,0.47247,0.49298,1,0
0.490783,0.472714,0.491271,1,0
0.491149,0.473324,0.48944,1,0
0.490783,0.470639,0.488463,1,0
0.490905,0.47247,0.48712,1,0
0.491027,0.471737,0.486021,1,0
0.49066,0.47247,0.48651,1,0
0.491027,0.474911,0.486632,1,0
0.491881,0.475644,0.486021,1,0
0.49237,0.476499,0.48712,1,0
0.493224,0.476132,0.486998,1,0
0.494201,0.474057,0.486387,1,0
0.494323,0.47308,0.486021,1,0
0.494811,0.473446,0.4848,1,0
0.494567,0.471249,0.484922,1,0
0.494201,0.468441,0.485167,1,0
0.494323,0.466488,0.484678,1,0
0.494689,0.466366,0.483946,1,0
0.494323,0.465389,0.484068,1,0
0.494079,0.465511,0.484068,1,0
0.493346,0.468197,0.483457,1,0
0.49237,0.468807,0.48358,1,0
0.491027,0.469296,0.483824,1,0
0.484556,0.467464,0.484678,1,0
0.474057,0.457942,0.481748,1,0
0.465511,0.455622,0.472714,1,0
0.45611,0.439018,0.464656,1,0
0.455988,0.415334,0.46136,1,0
0.469296,0.425955,0.457331,1,0
0.484068,0.439507,0.46136,1,0
0.493468,0.449396,0.466854,1,0
0.502991,0.461726,0.470761,1,0
0.506898,0.479184,0.472714,1,0
0.509095,0.486632,0.483824,1,0
0.50934,0.494079,0.49298,1,0
0.511659,0.506776,0.499817,1,0
0.511293,0.513002,0.506654,1,0
0.509462,0.514345,0.511537,1,0
0.505799,0.514711,0.516054,1,0
0.500916,0.513857,0.517153,1,0
0.497375,0.514101,0.516909,1,0
0.493957,0.512636,0.516054,1,0
0.492248,0.510316,0.515566,1,0
0.489928,0.509462,0.512758,1,0
0.489562,0.507874,0.510072,1,0
0.489073,0.505677,0.504822,1,0
0.48712,0.500061,0.501648,1,0
0.484922,0.495544,0.496154,1,0
0.482481,0.490172,0.49066,1,0
0.482847,0.4848,0.487975,1,0
0.48065,0.481748,0.481992,1,0
0.479551,0.477231,0.48065,1,0
0.479307,0.48065,0.476743,1,0
0.480527,0.478208,0.474423,1,0
0.480894,0.475766,0.470028,1,0
0.482725,0.474789,0.466488,1,0
0.486143,0.471981,0.464656,1,0
0.486998,0.470516,0.464168,1,0
0.489562,0.470761,0.464778,1,0
0.491759,0.470516,0.466732,1,0
0.491515,0.469418,0.469296,1,0
0.493224,0.471249,0.472714,1,0
0.494933,0.476132,0.474179,1,0
0.496521,0.479307,0.471981,1,0
0.49884,0.473324,0.465877,1,0
0.49884,0.466732,0.461604,1,0
0.498596,0.468929,0.454645,1,0
0.494567,0.469173,0.452692,1,0
0.489195,0.467586,0.447931,1,0
0.483213,0.453424,0.440117,1,0
0.471127,0.449152,0.437798,1,0
0.462581,0.439629,0.431937,1,0
0.477719,0.437553,0.432182,1,0
0.492248,0.449396,0.432792,1,0
0.503968,0.465511,0.43853,1,0
0.512025,0.479673,0.449152,1,0
0.518252,0.484068,0.467098,1,0
0.52399,0.493713,0.480772,1,0
0.524966,0.510316,0.488585,1,0
0.520449,0.509462,0.499573,1,0
0.516054,0.50763,0.505677,1,0
0.511781,0.511171,0.508973,1,0
0.503724,0.514833,0.512147,1,0
0.494811,0.511415,0.516787,1,0
0.489806,0.509706,0.515688,1,0
0.4848,0.506654,0.51288,1,0
0.481626,0.501038,0.510438,1,0
0.481504,0.499206,0.506043,1,0
0.480405,0.496643,0.502625,1,0
0.479917,0.492003,0.500549,1,0
0.479795,0.492248,0.495178,1,0
0.478086,0.491515,0.493346,1,0
0.475766,0.487853,0.491393,1,0
0.4754,0.485167,0.489195,1,0
0.474667,0.482725,0.487486,1,0
0.474057,0.481504,0.486265,1,0
0.474789,0.481016,0.483702,1,0
0.474789,0.476987,0.483213,1,0
0.476621,0.480772,0.479551,1,0
0.477231,0.480161,0.477475,1,0
0.477597,0.479062,0.477719,1,0
0.479307,0.479062,0.475644,1,0
0.48126,0.479917,0.4754,1,0
0.483702,0.48126,0.473935,1,0
0.487364,0.480527,0.47247,1,0
0.486876,0.479429,0.469906,1,0
0.48712,0.479551,0.467831,1,0
0.486998,0.479062,0.467464,1,0
0.487608,0.480161,0.466243,1,0
0.488585,0.483946,0.466366,1,0
0.490905,0.485045,0.467342,1,0
0.492003,0.48419,0.469173,1,0
0.493835,0.485777,0.469906,1,0
0.495178,0.487364,0.46954,1,0
0.496521,0.485655,0.46954,1,0
0.497375,0.484434,0.46954,1,0
0.497619,0.484312,0.467831,1,0
0.496887,0.479917,0.465633,1,0
0.494567,0.476865,0.462825,1,0
0.486143,0.469173,0.4555,1,0
0.472226,0.451349,0.443047,1,0
0.458674,0.441948,0.428031,1,0
0.459651,0.439141,0.417043,1,0
0.473202,0.442925,0.41509,1,0
0.493713,0.462703,0.414357,1,1
0.509217,0.47247,0.423636,1,0
0.521548,0.484434,0.43621,1,0
0.529117,0.493102,0.455622,1,0
0.526065,0.499451,0.474057,1,0
0.522647,0.501526,0.488585,1,0
0.520327,0.507386,0.498108,1,0
0.517275,0.506287,0.508119,1,0
0.514223,0.507142,0.512758,1,0
0.50934,0.509095,0.518618,1,0
0.505677,0.51056,0.521182,1,0
0.499329,0.507874,0.521792,1,0
0.493957,0.505555,0.519473,1,0
0.490416,0.503235,0.514223,1,0
0.486387,0.500305,0.507508,1,0
0.482847,0.494933,0.501282,1,0
0.481504,0.492858,0.493591,1,0
0.47894,0.489195,0.486876,1,0
0.481626,0.490416,0.478696,1,0
0.478452,0.48358,0.476254,1,0
0.474545,0.485533,0.470394,1,0
0.472104,0.476743,0.475034,1,0
0.473446,0.481382,0.473446,1,0
0.472958,0.477353,0.474545,1,0
0.474179,0.476254,0.474179,1,0
0.477475,0.480161,0.471371,1,0
0.481748,0.480161,0.472958,1,0
0.485167,0.479429,0.475278,1,0
0.486143,0.481748,0.473691,1,0
0.488341,0.482115,0.47247,1,0
0.488341,0.478086,0.470516,1,0
0.488829,0.476621,0.468807,1,0
0.491515,0.477231,0.466976,1,0
0.495056,0.476987,0.465145,1,0
0.498474,0.473569,0.465877,1,0
0.499329,0.477597,0.465755,1,0
0.499329,0.477353,0.466854,1,0
0.49823,0.477109,0.468441,1,0
0.497741,0.479429,0.469296,1,0
0.496643,0.479184,0.469296,1,0
0.4953,0.477842,0.469051,1,0
0.494811,0.477109,0.467586,1,0
0.492858,0.475278,0.466243,1,0
0.491027,0.47247,0.46429,1,0
0.48651,0.466488,0.460994,1,0
0.481626,0.459773,0.454523,1,0
0.476132,0.453058,0.447442,1,0
0.469296,0.446466,0.442437,1,0
0.474545,0.445123,0.440972,1,0
0.482969,0.452326,0.441338,1,1
0.493591,0.459163,0.447198,1,0
0.503357,0.472226,0.453058,1,0
0.511537,0.48419,0.463802,1,0
0.51581,0.491027,0.478696,1,0
0.517397,0.498596,0.492614,1,0
0.515444,0.51056,0.502381,1,0
0.51227,0.514711,0.509706,1,0
0.508485,0.51349,0.514467,1,0
0.505677,0.51349,0.515444,1,0
0.500183,0.51227,0.514589,1,0
0.494689,0.510438,0.513124,1,0
0.488829,0.504578,0.511293,1,0
0.486632,0.500671,0.508485,1,0
0.48419,0.498474,0.503724,1,0
0.480894,0.492614,0.499939,1,0
0.47894,0.488463,0.495422,1,0
0.476987,0.483702,0.49237,1,0
0.476743,0.482969,0.489562,1,0
0.476621,0.482359,0.48651,1,0
0.475156,0.479551,0.484312,1,0
0.47601,0.475888,0.483946,1,0
0.477597,0.477842,0.481138,1,0
0.478452,0.477964,0.479062,1,0
0.480527,0.471249,0.480283,1,0
0.485167,0.472714,0.480405,1,0
0.486143,0.474789,0.478574,1,0
0.486387,0.473324,0.477353,1,0
0.488707,0.473569,0.475766,1,0
0.488463,0.476254,0.472104,1,0
0.489562,0.474423,0.471371,1,0
0.491637,0.476254,0.471249,1,0
0.493713,0.480772,0.469051,1,0
0.4953,0.479184,0.469173,1,0
0.496765,0.477597,0.469296,1,0
0.497375,0.479917,0.468319,1,0
0.499206,0.480161,0.467342,1,0
0.499695,0.476132,0.467708,1,0
0.499817,0.475766,0.466488,1,0
0.499939,0.475034,0.465877,1,0
0.499695,0.473569,0.465511,1,0
0.495422,0.471981,0.463313,1,0
0.486632,0.462093,0.458796,1,0
0.48126,0.451105,0.450494,1,0
0.473569,0.44146,0.443658,1,0
0.471615,0.436699,0.437798,1,0
0.482847,0.43621,0.436821,1,0
0.495056,0.445855,0.436455,1,0
0.502503,0.455378,0.439263,1,1
0.508363,0.469296,0.442559,1,0
0.514345,0.475034,0.453913,1,0
0.522769,0.485167,0.466732,1,0
0.526676,0.49823,0.479307,1,0
0.523746,0.504578,0.492126,1,0
0.51874,0.509095,0.504944,1,0
0.511659,0.511903,0.513857,1,0
0.50702,0.51349,0.518862,1,0
0.495544,0.50995,0.520327,1,0
0.491027,0.507997,0.518496,1,0
0.487486,0.504944,0.514467,1,0
0.485533,0.50116,0.511903,1,0
0.485411,0.501404,0.506532,1,0
0.483335,0.498962,0.502747,1,0
0.482237,0.494323,0.501648,1,0
0.480527,0.494323,0.497131,1,0
0.478208,0.492248,0.493102,1,0
0.479795,0.486754,0.492126,1,0
0.482847,0.486143,0.490172,1,0
0.482115,0.484068,0.485899,1,0
0.481138,0.477353,0.485045,1,0
0.48065,0.474301,0.483702,1,0
0.480039,0.474179,0.482603,1,0
0.480894,0.471249,0.481748,1,0
0.479184,0.471005,0.478086,1,0
0.481992,0.468929,0.475644,1,0
0.48126,0.469051,0.474423,1,0
0.482847,0.467586,0.475522,1,0
0.485655,0.471615,0.4754,1,0
0.487608,0.474545,0.474179,1,0
0.488463,0.46954,0.476621,1,0
0.492003,0.471737,0.476377,1,0
0.493713,0.475156,0.475766,1,0
0.495422,0.474057,0.475766,1,0
0.49823,0.47308,0.475766,1,0
0.500061,0.476254,0.474545,1,0
0.500427,0.47601,0.47308,1,0
0.500183,0.470639,0.47247,1,0
0.500183,0.470272,0.468685,1,0
0.500061,0.468441,0.465389,1,0
0.49823,0.466488,0.461726,1,0
0.493713,0.462337,0.458186,1,0
0.488707,0.45782,0.454279,1,0
0.486387,0.450372,0.452936,1,0
0.4848,0.446466,0.451593,1,0
0.483946,0.447198,0.450617,1,0
0.4848,0.449029,0.44964,1,0
0.486998,0.453058,0.448907,1,1
0.492003,0.45843,0.450739,1,0
0.498352,0.469051,0.455378,1,0
0.506409,0.474179,0.464168,1,0
0.512147,0.480894,0.476743,1,0
0.515078,0.488951,0.488097,1,0
0.517886,0.506287,0.491881,1,0
0.515078,0.50702,0.500916,1,0
0.510316,0.507386,0.506898,1,0
0.503113,0.51227,0.509828,1,0
0.494811,0.513735,0.513246,1,0
0.488341,0.512636,0.513857,1,0
0.486754,0.511781,0.513246,1,0
0.483946,0.507997,0.509584,1,0
0.483213,0.504578,0.506532,1,0
0.483213,0.502014,0.503357,1,0
0.481138,0.500427,0.500061,1,0
0.479062,0.4953,0.498474,1,0
0.475278,0.49298,0.496276,1,0
0.475888,0.490538,0.495056,1,0
0.477353,0.490905,0.491393,1,0
0.472836,0.484434,0.49066,1,0
0.473202,0.477597,0.492126,1,0
0.475888,0.484312,0.486632,1,0
0.475156,0.48065,0.485899,1,0
0.475888,0.477842,0.485777,1,0
0.477719,0.482603,0.481748,1,0
0.478574,0.479673,0.480772,1,0
0.479551,0.477597,0.479795,1,0
0.482359,0.480283,0.475766,1,0
0.484556,0.477964,0.47601,1,0
0.4848,0.477964,0.475644,1,0
0.486876,0.479062,0.473935,1,0
0.488097,0.478574,0.473324,1,0
0.489928,0.480772,0.471493,1,0
0.492492,0.481748,0.469418,1,0
0.492858,0.480527,0.46954,1,0
0.493468,0.477842,0.46954,1,0
0.495666,0.475766,0.468807,1,0
0.497741,0.475278,0.46722,1,0
0.497375,0.470761,0.46722,1,0
0.497864,0.471249,0.466732,1,0
0.498352,0.472104,0.46661,1,0
0.497375,0.471737,0.465877,1,0
0.494323,0.470394,0.46368,1,0
0.48944,0.467708,0.456477,1,0
0.484312,0.457087,0.450372,1,0
0.47894,0.450861,0.443536,1,0
0.474545,0.444512,0.435356,1,0
0.482603,0.445245,0.433525,1,1
0.494201,0.453058,0.434868,1,0
0.50409,0.46197,0.441216,1,0
0.516298,0.479062,0.452204,1,0
0.519595,0.485411,0.468563,1,0
0.518618,0.500916,0.485655,1,0
0.515322,0.512025,0.500427,1,0
0.511659,0.513246,0.510927,1,0
0.509462,0.515078,0.511537,1,0
0.503357,0.512147,0.510805,1,0
0.498474,0.506287,0.511781,1,0
0.493835,0.506043,0.510682,1,0
0.489928,0.503479,0.50934,1,0
0.485899,0.499206,0.508607,1,0
0.483335,0.496154,0.505677,1,0
0.483824,0.494445,0.502991,1,0
0.481992,0.492126,0.499939,1,0
0.479795,0.489073,0.496398,1,0
0.479184,0.486754,0.493468,1,0
0.479184,0.485045,0.489318,1,0
0.47894,0.483824,0.485777,1,0
0.480527,0.482115,0.482847,1,0
0.480161,0.485167,0.476865,1,0
0.480405,0.479551,0.476254,1,0
0.48065,0.479917,0.474911,1,0
0.481138,0.484068,0.472104,1,0
0.482115,0.479551,0.471127,1,0
0.482969,0.477842,0.466854,1,0
0.486143,0.476132,0.46429,1,0
0.490172,0.472958,0.468197,1,0
0.491271,0.473446,0.474179,1,0
0.493346,0.485899,0.472714,1,0
0.495178,0.482237,0.472592,1,0
0.493591,0.472958,0.473324,1,0
0.494689,0.476743,0.466976,1,0
0.494445,0.475278,0.4649,1,0
0.494201,0.473813,0.463191,1,0
0.494689,0.473935,0.462947,1,0
0.494811,0.475156,0.463924,1,0
0.49591,0.476132,0.465755,1,0
0.497253,0.477597,0.467586,1,0
0.497375,0.479184,0.468563,1,0
0.495788,0.477353,0.468807,1,0
0.490783,0.474667,0.465999,1,0
0.484678,0.47015,0.458064,1,0
0.479795,0.46075,0.454157,1,0
0.476743,0.460261,0.448175,1,0
0.480161,0.461726,0.445733,1,0
0.486754,0.463558,0.446588,1,1
0.492126,0.471615,0.452204,1,0
0.491637,0.476377,0.460383,1,0
0.488951,0.485289,0.468563,1,0
0.486632,0.493957,0.478574,1,0
0.488463,0.492858,0.48651,1,0
0.496032,0.495788,0.492248,1,0
0.502136,0.500061,0.496276,1,0
0.504334,0.500427,0.499695,1,0
0.500427,0.501038,0.503968,1,0
0.496521,0.505067,0.503968,1,0
0.490783,0.500305,0.506165,1,0
0.485533,0.499695,0.507264,1,0
0.478452,0.496643,0.506654,1,0
0.4754,0.49591,0.505921,1,0
0.473202,0.492736,0.505555,1,0
0.473691,0.493468,0.502991,1,0
0.474057,0.493102,0.500794,1,0
0.472836,0.491027,0.499817,1,0
0.4754,0.491271,0.499451,1,0
0.477353,0.49298,0.498108,1,0
0.47833,0.492126,0.497619,1,0
0.479795,0.493102,0.496398,1,0
0.477109,0.492736,0.494445,1,0
0.475888,0.489928,0.493224,1,0
0.476132,0.488829,0.490905,1,0
0.4754,0.485167,0.489562,1,0
0.476132,0.48126,0.488463,1,0
0.477353,0.481748,0.486754,1,0
0.479795,0.482115,0.484922,1,0
0.479917,0.48187,0.48358,1,0
0.480772,0.479184,0.483702,1,0
0.482237,0.481748,0.480527,1,0
0.484068,0.483335,0.478818,1,0
0.483335,0.479429,0.477353,1,0
0.484678,0.480772,0.474301,1,0
0.486265,0.479917,0.471981,1,0
0.486876,0.480283,0.469296,1,0
0.486265,0.476865,0.468319,1,0
0.486632,0.476377,0.468563,1,0
0.48651,0.480283,0.467342,1,0
0.486265,0.479184,0.468441,1,0
0.487364,0.480405,0.468441,1,0
0.488097,0.482359,0.467464,1,0
0.488219,0.482481,0.466854,1,0
0.488097,0.48126,0.466732,1,0
0.487608,0.480405,0.46661,1,0
0.484556,0.477719,0.465999,1,0
0.47833,0.472104,0.4649,1,1
0.473569,0.465633,0.460628,1,0
0.468929,0.460628,0.454157,1,0
0.460505,0.453424,0.448663,1,0
0.465633,0.454401,0.442681,1,0
0.473813,0.458552,0.442437,1,0
0.482237,0.468685,0.445367,1,0
0.491271,0.477109,0.453424,1,0
0.498474,0.483213,0.462825,1,0
0.504212,0.486143,0.476621,1,0
0.509462,0.496887,0.487364,1,0
0.510194,0.502625,0.497253,1,0
0.507508,0.503357,0.501892,1,0
0.504456,0.502503,0.507142,1,0
0.501404,0.504822,0.508119,1,0
0.498718,0.506776,0.508851,1,0
0.4953,0.506043,0.508485,1,0
0.491271,0.503968,0.507508,1,0
0.487608,0.50177,0.505311,1,0
0.485533,0.500549,0.500916,1,0
0.483702,0.496521,0.497009,1,0
0.480772,0.491637,0.493957,1,0
0.479917,0.488219,0.491393,1,0
0.479673,0.488097,0.487608,1,0
0.478574,0.483213,0.483824,1,0
0.478208,0.479184,0.479062,1,0
0.479184,0.47833,0.475522,1,0
0.479551,0.475644,0.473202,1,0
0.48126,0.476132,0.473202,1,0
0.482603,0.477719,0.472958,1,0
0.483702,0.478086,0.472226,1,0
0.486265,0.476377,0.473813,1,0
0.491149,0.478452,0.473202,1,0
0.493713,0.479184,0.469296,1,0
0.493957,0.47308,0.469173,1,0
0.4953,0.472104,0.468441,1,0
0.49591,0.473691,0.468929,1,0
0.496521,0.474911,0.468807,1,0
0.495666,0.472226,0.47015,1,0
0.4953,0.474301,0.468441,1,0
0.493835,0.471737,0.467342,1,0
0.492248,0.47015,0.464656,1,0
0.490294,0.469051,0.46136,1,0
0.48651,0.465633,0.458308,1,0
0.482969,0.460994,0.454767,1,0
0.48065,0.457942,0.451837,1,0
0.477719,0.458552,0.449029,1,0
0.476499,0.457209,0.445977,1,0
0.479551,0.461238,0.442437,1,0
0.48358,0.460872,0.443047,1,1
0.491637,0.467342,0.445733,1,0
0.498352,0.472836,0.451593,1,0
0.506165,0.480161,0.46075,1,0
0.512514,0.487608,0.474423,1,0
0.516909,0.496154,0.488951,1,0
0.516176,0.504334,0.497986,1,0
0.51288,0.50702,0.506165,1,0
0.508363,0.505921,0.51227,1,0
0.503601,0.508485,0.513979,1,0
0.499695,0.509828,0.515566,1,0
0.495056,0.507264,0.515688,1,0
0.492248,0.505189,0.512147,1,0
0.488341,0.501038,0.507874,1,0
0.487364,0.497253,0.503968,1,0
0.487242,0.494201,0.499329,1,0
0.484068,0.489806,0.494933,2,0
0.485411,0.483946,0.490172,2,0
0.484678,0.483946,0.484434,2,0
0.484922,0.477109,0.482725,2,0
0.484678,0.477964,0.478208,2,0
0.484434,0.477353,0.474911,2,0
0.485655,0.474057,0.472714,2,0
0.486021,0.472958,0.470272,2,0
0.48712,0.471615,0.469784,2,0
0.487608,0.468563,0.469296,2,0
0.487853,0.4649,0.467831,2,0
0.488585,0.460994,0.468563,2,0
0.48773,0.459773,0.469296,2,0
0.48651,0.46075,0.471127,2,0
0.485289,0.454035,0.476621,2,0
0.484434,0.450372,0.479062,2,0
0.483457,0.452326,0.483824,2,0
0.483457,0.455744,0.489684,2,0
0.484434,0.45904,0.495178,2,0
0.485289,0.467708,0.501404,2,0
0.486265,0.479673,0.508851,2,0
0.486021,0.486265,0.513002,2,0
0.486265,0.485045,0.515688,2,0
0.484434,0.491149,0.513613,2,0
0.485167,0.494201,0.513979,2,0
0.488585,0.487486,0.515932,2,0
0.493346,0.488097,0.51813,2,0
0.497375,0.493835,0.516787,2,0
0.500671,0.489318,0.519106,2,0
0.502747,0.496276,0.517641,2,0
0.504456,0.499817,0.516054,2,0
0.514223,0.479307,0.593212,2,0
0.49591,0.514345,0.517031,2,0
0.496276,0.502014,0.527774,2,0
0.4953,0.501892,0.530704,2,0
0.494323,0.501282,0.530704,2,0
0.493957,0.498352,0.52753,2,0
0.493346,0.496276,0.524966,2,0
0.493346,0.495056,0.525455,2,0
0.494445,0.497619,0.52692,2,0
0.495666,0.497986,0.528141,2,0
0.495788,0.49823,0.528019,2,0
0.495422,0.49823,0.527286,2,0
0.495056,0.497375,0.526798,2,0
0.493713,0.497741,0.527286,2,0
0.493346,0.496521,0.52753,2,0
0.493468,0.496154,0.527408,2,0
0.494323,0.496521,0.527408,2,0
0.494567,0.497253,0.527042,2,0
0.494201,0.497497,0.526798,2,0
0.494323,0.495788,0.527408,2,0
0.494201,0.496276,0.52692,2,0
0.494079,0.496521,0.527286,2,0
0.493346,0.496154,0.527164,2,0
0.493346,0.495666,0.526798,2,0
0.493224,0.495544,0.52692,2,0
0.493102,0.496032,0.527042,2,0
0.493224,0.495788,0.527042,2,0
0.493102,0.496276,0.527042,2,0
0.49298,0.496276,0.52692,2,0
0.493591,0.496765,0.526798,2,0
0.493346,0.495422,0.526798,2,0
0.492736,0.496887,0.52692,2,0
0.492614,0.494567,0.526187,2,0
0.492614,0.494079,0.526431,2,0
0.492736,0.493835,0.526431,2,0
0.492248,0.493591,0.526431,2,0
0.492126,0.494445,0.526554,2,0
0.49237,0.494689,0.526431,2,0
0.492248,0.494323,0.526309,2,0
0.492126,0.494323,0.526309,2,0
0.492248,0.494445,0.526309,2,0
0.492248,0.494323,0.526431,2,0
0.492492,0.494445,0.526187,2,0
0.49237,0.494811,0.526309,2,0
0.49237,0.494933,0.526431,2,0
0.492126,0.494933,0.526309,2,0
0.492126,0.494323,0.525943,2,0
0.492736,0.493957,0.526187,2,0
0.491881,0.493224,0.526187,2,0
0.491637,0.492492,0.526309,2,0
0.491881,0.493835,0.526065,2,0
0.491881,0.493957,0.526187,2,0
0.491881,0.493591,0.526065,2,0
0.491881,0.493468,0.525943,2,0
0.492003,0.493468,0.526065,2,0
0.492126,0.493346,0.525943,2,0
0.492003,0.493835,0.526065,2,0
0.491881,0.493468,0.526554,2,0
0.491759,0.493835,0.525943,2,0
0.491881,0.493468,0.525943,2,0
0.492003,0.493591,0.526187,2,0
0.492003,0.494445,0.526187,2,0
0.492003,0.494811,0.526187,2,0
0.492003,0.494445,0.525943,2,0
0.491759,0.493468,0.526065,2,0
0.491759,0.493591,0.525943,2,0
0.491881,0.494323,0.526065,2,0
0.491759,0.494445,0.525943,2,0
0.491881,0.494201,0.526187,2,0
0.491759,0.494079,0.526065,2,0
0.491515,0.494567,0.526065,2,0
0.491881,0.494445,0.526065,2,0
0.491759,0.494323,0.525943,2,0
0.491759,0.493957,0.525943,2,0
0.491393,0.493957,0.525943,2,0
0.491637,0.494445,0.525943,2,0
0.491759,0.494323,0.526065,2,0
0.491759,0.494323,0.525943,2,0
0.491637,0.494201,0.526187,2,0
0.491637,0.494201,0.526065,2,0
0.491759,0.494323,0.525943,2,0
0.491881,0.494323,0.526431,2,0
0.491881,0.494567,0.526309,2,0
0.491881,0.495056,0.526187,2,0
0.491759,0.496032,0.526309,2,0
0.491759,0.494811,0.526187,2,0
0.491515,0.493591,0.526065,2,0
0.491515,0.493713,0.525943,2,0
0.491637,0.494201,0.526309,2,0
0.490783,0.492858,0.525943,2,0
0.492126,0.492248,0.526431,2,0
0.492736,0.497619,0.526065,2,0
0.49237,0.497253,0.525821,2,0
0.492492,0.495788,0.526554,2,0
0.492492,0.496276,0.526431,2,0
0.491759,0.494811,0.526309,2,0
0.491393,0.493224,0.526554,2,0
0.491393,0.493346,0.526431,2,0
0.491881,0.494445,0.526309,2,0
0.491881,0.493468,0.526187,2,0
0.492126,0.494689,0.525943,2,0
0.492126,0.495056,0.526187,2,0
0.492126,0.494567,0.526431,2,0
0.492248,0.494689,0.526676,2,0
0.492126,0.493835,0.526798,2,0
0.491637,0.49237,0.52753,2,0
0.491515,0.495788,0.529239,2,0
0.496154,0.49591,0.534123,2,0
0.495178,0.481748,0.53803,2,0
0.491881,0.483824,0.543523,2,0
0.48944,0.482115,0.546698,2,0
0.487364,0.479307,0.543523,2,0
0.486021,0.477353,0.543279,2,0
0.485655,0.482115,0.537785,2,0
0.486387,0.48773,0.528629,2,0
0.487608,0.491271,0.518984,2,0
0.486998,0.494079,0.513735,2,0
0.485411,0.496643,0.510805,2,0
0.484922,0.499451,0.507752,2,0
0.485045,0.502503,0.503968,2,0
0.486998,0.503601,0.502869,2,0
0.488585,0.505799,0.500671,2,0
0.490172,0.506654,0.499817,2,0
0.49066,0.507386,0.497864,2,0
0.488463,0.507874,0.496765,2,0
0.486387,0.509584,0.497619,2,0
0.484678,0.508729,0.500061,2,0
0.485045,0.509095,0.501648,2,0
0.485045,0.508241,0.503968,2,0
0.48651,0.505311,0.507997,2,0
0.485411,0.502625,0.511659,2,0
0.484922,0.499451,0.514345,2,0
0.48773,0.497986,0.518984,2,0
0.488829,0.49591,0.522281,2,0
0.48773,0.493224,0.525333,2,0
0.488707,0.492248,0.532047,2,0
0.489195,0.493102,0.533757,2,0
0.489684,0.493224,0.53925,2,0
0.48944,0.493835,0.542425,2,0
0.489318,0.497253,0.545233,2,0
0.489318,0.497009,0.548651,2,0
0.489806,0.497009,0.551337,2,0
0.49005,0.49884,0.551825,2,0
0.489928,0.499573,0.551215,2,0
0.490905,0.499939,0.549994,2,0
0.491393,0.496032,0.548163,2,0
0.491393,0.495544,0.542791,2,0
0.491149,0.493835,0.540715,2,0
0.491027,0.491515,0.54096,2,0
0.491027,0.491027,0.538762,2,0
0.491027,0.496887,0.530338,2,0
0.49066,0.498352,0.525455,2,0
0.490416,0.500061,0.521914,2,0
0.49066,0.504456,0.517397,2,0
0.489806,0.508241,0.511903,2,0
0.492248,0.509095,0.508119,2,0
0.494079,0.508241,0.505433,2,0
0.493591,0.506165,0.503113,2,0
0.492003,0.505677,0.501038,2,0
0.489684,0.50702,0.500305,2,0
0.487486,0.510438,0.498718,2,0
0.486265,0.510438,0.498108,2,0
0.484556,0.510072,0.49823,2,0
0.482481,0.510316,0.498108,2,0
0.483335,0.51056,0.499939,2,0
0.483335,0.50934,0.501038,2,0
0.483824,0.506776,0.502747,2,0
0.48419,0.505189,0.505189,2,0
0.485533,0.50702,0.506532,2,0
0.485289,0.504944,0.508973,2,0
0.484312,0.50177,0.512392,2,0
0.485045,0.501892,0.518008,2,0
0.484434,0.503357,0.519473,2,0
0.486021,0.501282,0.524112,2,0
0.489806,0.500427,0.531193,2,0
0.491027,0.499817,0.53339,2,0
0.491271,0.498596,0.537663,2,0
0.492248,0.497864,0.542913,2,0
0.494567,0.500061,0.544134,2,0
0.494445,0.500061,0.549139,2,0
0.494933,0.500061,0.551703,2,0
0.495056,0.501404,0.552436,2,0
0.495544,0.500305,0.552314,2,0
0.49591,0.500916,0.55268,2,0
0.495178,0.49884,0.549139,2,0
0.495788,0.49823,0.546698,2,0
0.494567,0.495666,0.544012,2,0
0.493102,0.490905,0.541082,2,0
0.492248,0.492736,0.538396,2,0
0.491759,0.4953,0.5351,2,0
0.490783,0.495544,0.531803,2,0
0.490416,0.492858,0.529117,2,0
0.488585,0.493835,0.526065,2,0
0.489073,0.496765,0.522158,2,0
0.489318,0.497864,0.519839,2,0
0.489562,0.49823,0.51642,2,0
0.489684,0.502869,0.510682,2,0
0.489928,0.504334,0.50702,2,0
0.488951,0.506409,0.504822,2,0
0.489318,0.506654,0.503601,2,0
0.488219,0.506898,0.501648,2,0
0.48712,0.50763,0.50116,2,0
0.486265,0.508729,0.499939,2,0
0.485777,0.511293,0.497253,2,0
0.484068,0.511537,0.494445,2,0
0.483335,0.509584,0.497986,2,0
0.482359,0.511537,0.499817,2,0
0.482481,0.512025,0.499939,2,0
0.481504,0.51227,0.501526,2,0
0.482725,0.509095,0.506043,2,0
0.48358,0.507997,0.51056,2,0
0.482725,0.507997,0.512514,2,0
0.48358,0.505433,0.515444,2,0
0.484312,0.502503,0.520327,2,0
0.483946,0.501526,0.520693,2,0
0.485899,0.498596,0.52399,2,0
0.487486,0.498108,0.526554,2,0
0.488951,0.497619,0.525943,2,0
0.490905,0.493835,0.530582,2,0
0.491393,0.493102,0.532169,2,0
0.493835,0.495056,0.532414,2,0
0.4953,0.494445,0.535466,2,0
0.495422,0.49237,0.535832,2,0
0.497864,0.493224,0.539006,2,0
0.497864,0.491637,0.539617,2,0
0.49884,0.492248,0.54157,2,0
0.499084,0.492248,0.541692,2,0
0.49884,0.492248,0.541204,2,0
0.498962,0.49237,0.541082,2,0
0.499817,0.491637,0.540838,2,0
0.498962,0.491881,0.540227,2,0
0.498718,0.491149,0.541082,2,0
0.497986,0.489684,0.541814,2,0
0.496887,0.491637,0.539861,2,0
0.496032,0.492858,0.540471,2,0
0.495178,0.492492,0.540593,2,0
0.494323,0.488951,0.539617,2,0
0.494445,0.490538,0.536076,2,0
0.493346,0.493835,0.533757,2,0
0.492736,0.493835,0.532169,2,0
0.492003,0.493468,0.528751,2,0
0.491637,0.496521,0.523501,2,0
0.492492,0.499695,0.521426,2,1
0.49237,0.500916,0.516665,2,0
0.492614,0.503235,0.514223,2,0
0.492248,0.506043,0.50995,2,0
0.491637,0.507874,0.506287,2,0
0.490783,0.507264,0.504456,2,0
0.488219,0.508119,0.50177,2,0
0.485777,0.509828,0.500427,2,0
0.483946,0.511293,0.499451,2,0
0.482115,0.512636,0.498108,2,0
0.479673,0.514589,0.498352,2,0
0.478696,0.514711,0.499206,2,0
0.478452,0.514345,0.500794,2,0
0.478452,0.513002,0.50177,2,0
0.480894,0.510805,0.503479,2,0
0.481992,0.509462,0.504578,2,0
0.48126,0.508119,0.505433,2,0
0.481138,0.507874,0.507142,2,0
0.482725,0.507874,0.507508,2,0
0.481138,0.505067,0.508851,2,0
0.481016,0.502259,0.512392,2,0
0.48187,0.502747,0.515322,2,0
0.482603,0.503235,0.51581,2,0
0.482725,0.501282,0.517275,2,0
0.4848,0.49823,0.522647,2,0
0.485289,0.501282,0.5246,2,0
0.485533,0.501404,0.525821,2,0
0.487486,0.498718,0.528995,2,0
0.488463,0.498108,0.531681,2,0
0.49066,0.498718,0.53278,2,0
0.491515,0.496398,0.534489,2,0
0.491637,0.494201,0.536442,2,0
0.492248,0.493835,0.538884,2,0
0.49237,0.495178,0.539983,2,0
0.492248,0.496276,0.542669,2,0
0.492858,0.498596,0.545233,2,0
0.493591,0.500305,0.5445,2,0
0.493713,0.499329,0.54389,2,0
0.492736,0.496643,0.54389,2,0
0.492003,0.496643,0.542058,2,0
0.491881,0.496521,0.540105,2,0
0.492126,0.495056,0.538518,2,0
0.490783,0.4953,0.536442,2,0
0.490783,0.496154,0.534855,2,0
0.489684,0.498108,0.533146,2,0
0.489684,0.498596,0.530704,2,0
0.489562,0.499695,0.528507,2,0
0.487975,0.500916,0.524966,2,0
0.48773,0.502991,0.522158,2,0
0.485777,0.504578,0.518496,2,1
0.486754,0.504944,0.51642,2,0
0.486754,0.505799,0.513735,2,0
0.487853,0.506409,0.511781,2,0
0.488951,0.506043,0.50934,2,0
0.488219,0.505189,0.50702,2,0
0.487242,0.506532,0.504944,2,0
0.486265,0.507752,0.504334,2,0
0.484434,0.509217,0.503113,2,0
0.483702,0.511537,0.502136,2,0
0.482115,0.511415,0.501892,2,0
0.480772,0.510805,0.502747,2,0
0.479551,0.50995,0.504334,2,0
0.479917,0.50995,0.506165,2,0
0.481504,0.509828,0.506532,2,0
0.480405,0.508851,0.507508,2,0
0.480161,0.505921,0.510682,2,0
0.482603,0.505433,0.512025,2,0
0.482237,0.506287,0.512514,2,0
0.483457,0.502991,0.51642,2,0
0.484922,0.503357,0.518618,2,0
0.485289,0.50177,0.519473,2,0
0.486387,0.499084,0.522647,2,0
0.487608,0.498108,0.523746,2,0
0.488707,0.495666,0.524844,2,0
0.49237,0.495056,0.529484,2,0
0.49237,0.496154,0.530827,2,0
0.493468,0.495544,0.534367,2,0
0.493346,0.494811,0.536076,2,0
0.494567,0.494567,0.537541,2,0
0.494933,0.494201,0.53864,2,0
0.496276,0.495056,0.53864,2,0
0.496276,0.495544,0.53925,2,0
0.496643,0.494933,0.538518,2,0
0.497864,0.491759,0.537175,2,0
0.499084,0.490538,0.53864,2,0
0.49884,0.493835,0.538396,2,0
0.498474,0.497009,0.540838,2,0
0.497864,0.499817,0.544134,2,0
0.497741,0.500549,0.5445,2,0
0.497131,0.498718,0.54389,2,0
0.496643,0.497864,0.542913,2,0
0.496276,0.498962,0.540715,2,0
0.495422,0.499451,0.537053,2,0
0.493224,0.497009,0.534611,2,0
0.491759,0.493468,0.531925,2,0
0.490416,0.492614,0.528507,2,0
0.490294,0.494445,0.524478,2,0
0.489073,0.498596,0.520693,2,1
0.488951,0.500916,0.519473,2,0
0.488951,0.502625,0.515566,2,0
0.488829,0.503601,0.513613,2,0
0.488585,0.503357,0.511049,2,0
0.488951,0.504456,0.508119,2,0
0.487975,0.506898,0.505555,2,0
0.486387,0.507508,0.504456,2,0
0.485289,0.50934,0.503235,2,0
0.483702,0.510682,0.502503,2,0
0.482115,0.510682,0.502503,2,0
0.481382,0.510927,0.502259,2,0
0.481016,0.512147,0.503235,2,0
0.479917,0.511293,0.5047,2,0
0.481504,0.511293,0.505677,2,0
0.482237,0.510682,0.506532,2,0
0.482481,0.508241,0.508363,2,0
0.48358,0.50763,0.509706,2,0
0.484556,0.507386,0.510927,2,0
0.483824,0.505555,0.513979,2,0
0.484312,0.501892,0.51581,2,0
0.48419,0.503601,0.516665,2,0
0.485045,0.501526,0.519228,2,0
0.485655,0.499817,0.521182,2,0
0.485899,0.498962,0.523257,2,0
0.487486,0.498108,0.525577,2,0
0.488829,0.496765,0.527164,2,0
0.490783,0.494811,0.528751,2,0
0.491881,0.495422,0.532658,2,0
0.493102,0.495178,0.532536,2,0
0.494689,0.493468,0.536198,2,0
0.495422,0.494201,0.538518,2,0
0.497131,0.493224,0.539739,2,0
0.497864,0.492492,0.53925,2,0
0.496521,0.492248,0.539128,2,0
0.49591,0.49066,0.540471,2,0
0.49591,0.491515,0.54157,2,0
0.495788,0.49005,0.542547,2,0
0.495544,0.490416,0.543523,2,0
0.495178,0.491149,0.543768,2,0
0.495178,0.487364,0.542791,2,0
0.494079,0.492003,0.541814,2,0
0.494079,0.499206,0.541692,2,0
0.494201,0.501526,0.539617,2,0
0.494079,0.501648,0.536198,2,0
0.493591,0.500427,0.533879,2,0
0.494201,0.50177,0.530582,2,0
0.493224,0.503235,0.526798,2,0
0.49298,0.503724,0.523257,2,1
0.49298,0.503968,0.519961,2,0
0.49237,0.507508,0.516054,2,0
0.493102,0.50995,0.514223,2,0
0.492614,0.508851,0.511293,2,0
0.491149,0.509095,0.508851,2,0
0.48944,0.509706,0.506043,2,0
0.487486,0.511049,0.503846,2,0
0.486143,0.511537,0.502991,2,0
0.485045,0.512636,0.501526,2,0
0.484068,0.513368,0.500671,2,0
0.482725,0.513857,0.500549,2,0
0.481626,0.515078,0.499817,2,0
0.481016,0.515688,0.501038,2,0
0.48187,0.515322,0.502625,2,0
0.482359,0.513735,0.503968,2,0
0.483457,0.511781,0.506532,2,0
0.485045,0.509462,0.508119,2,0
0.485655,0.508485,0.509706,2,0
0.485045,0.50702,0.512514,2,0
0.486632,0.504456,0.517031,2,0
0.486876,0.503479,0.517397,2,0
0.482725,0.501526,0.519839,2,0
0.4848,0.503601,0.522647,2,0
0.485777,0.505311,0.522769,2,0
0.484312,0.500549,0.5246,2,0
0.487975,0.499206,0.529117,2,0
0.49005,0.49884,0.529728,2,0
0.490416,0.494079,0.531071,2,0
0.492858,0.493713,0.536442,2,0
0.494079,0.497131,0.537175,2,0
0.494445,0.497009,0.539861,2,0
0.495178,0.497131,0.542913,2,0
0.49591,0.499206,0.542669,2,0
0.497009,0.497375,0.543157,2,0
0.497986,0.49823,0.544134,2,0
0.498352,0.498596,0.54218,2,0
0.498352,0.49823,0.541692,2,0
0.497864,0.500671,0.541692,2,0
0.497131,0.50116,0.539739,2,0
0.496521,0.501038,0.53864,2,0
0.496154,0.501648,0.53803,2,0
0.495178,0.500916,0.537053,2,0
0.493468,0.501282,0.535344,2,0
0.490905,0.50177,0.533757,2,0
0.488829,0.501282,0.532658,2,0
0.491759,0.502869,0.529728,2,0
0.492003,0.503724,0.525088,2,0
0.490416,0.503113,0.522647,2,1
0.49066,0.505921,0.519595,2,0
0.489928,0.508729,0.51642,2,0
0.489928,0.508363,0.514223,2,0
0.489562,0.508973,0.512514,2,0
0.488463,0.509584,0.509462,2,0
0.489073,0.510682,0.50702,2,0
0.48651,0.510927,0.505067,2,0
0.485167,0.510682,0.503357,2,0
0.484434,0.511293,0.502136,2,0
0.483091,0.512636,0.501282,2,0
0.48126,0.513857,0.499329,2,0
0.479184,0.514955,0.498962,2,0
0.477842,0.514589,0.499084,2,0
0.47833,0.514101,0.500183,2,0
0.479673,0.513857,0.501038,2,0
0.479551,0.513979,0.503357,2,0
0.481626,0.512392,0.505433,2,0
0.481504,0.511415,0.505067,2,0
0.481016,0.508607,0.509462,2,0
0.482969,0.508851,0.511171,2,0
0.484068,0.510194,0.512147,2,0
0.482237,0.507142,0.515566,2,0
0.483946,0.506654,0.517519,2,0
0.48712,0.506043,0.518252,2,0
0.484556,0.502991,0.520449,2,0
0.486265,0.501526,0.523746,2,0
0.488707,0.503357,0.524356,2,0
0.489073,0.500794,0.525821,2,0
0.491027,0.499817,0.528751,2,0
0.492614,0.501892,0.531925,2,0
0.494079,0.501892,0.533024,2,0
0.494445,0.499451,0.53632,2,0
0.497009,0.498108,0.538884,2,0
0.497375,0.499206,0.540471,2,0
0.497619,0.499451,0.541326,2,0
0.498596,0.498718,0.543035,2,0
0.499084,0.499329,0.544256,2,0
0.500061,0.501038,0.541814,2,0
0.500916,0.500305,0.542791,2,0
0.501892,0.499451,0.543768,2,0
0.502747,0.498352,0.541204,2,0
0.502136,0.497009,0.539373,2,0
0.501038,0.496032,0.539739,2,0
0.500183,0.4953,0.541082,2,0
0.498596,0.49298,0.538152,2,0
0.497009,0.493102,0.535832,2,0
0.49591,0.495422,0.535832,2,0
0.494689,0.497864,0.533268,2,0
0.494201,0.498352,0.529484,2,1
0.492736,0.495666,0.525943,2,0
0.492248,0.497497,0.522403,2,0
0.491149,0.501282,0.518618,2,0
0.49066,0.502503,0.515932,2,0
0.49005,0.503846,0.513368,2,0
0.489562,0.505189,0.510072,2,0
0.488951,0.505677,0.507752,2,0
0.487364,0.506654,0.506898,2,0
0.485655,0.508119,0.505189,2,0
0.484068,0.508851,0.504212,2,0
0.482603,0.509217,0.503724,2,0
0.482969,0.509462,0.502625,2,0
0.481382,0.510194,0.502136,2,0
0.481138,0.510194,0.502991,2,0
0.480894,0.510316,0.504456,2,0
0.481382,0.510805,0.503846,2,0
0.481626,0.509462,0.505189,2,0
0.482725,0.506654,0.50763,2,0
0.484068,0.505189,0.510438,2,0
0.482481,0.505433,0.510805,2,0
0.483702,0.504578,0.513368,2,0
0.484556,0.503601,0.517641,2,0
0.484434,0.504944,0.518252,2,0
0.485167,0.500549,0.522525,2,0
0.486143,0.499329,0.527164,2,0
0.48944,0.50116,0.526065,2,0
0.49005,0.498718,0.53046,2,0
0.490416,0.496521,0.531437,2,0
0.492858,0.497864,0.533268,2,0
0.494811,0.497497,0.53571,2,0
0.495178,0.497375,0.537663,2,0
0.496154,0.498962,0.539617,2,0
0.497253,0.499329,0.540838,2,0
0.498108,0.497619,0.542058,2,0
0.49884,0.498474,0.543523,2,0
0.499573,0.502014,0.544256,2,0
0.49884,0.500061,0.544622,2,0
0.497741,0.493713,0.542913,2,0
0.497619,0.485777,0.543279,2,0
0.497619,0.48187,0.542547,2,0
0.496765,0.484922,0.539861,2,0
0.495422,0.486632,0.537297,2,0
0.494445,0.486998,0.534489,2,0
0.492614,0.483946,0.532292,2,0
0.49237,0.484434,0.528385,2,0
0.492126,0.486143,0.525455,2,0
0.491637,0.488463,0.523746,2,0
0.491149,0.491393,0.522036,2,1
0.489684,0.493957,0.518984,2,0
0.489928,0.495544,0.516543,2,0
0.49005,0.498718,0.514223,2,0
0.489195,0.500671,0.512025,2,0
0.489318,0.501892,0.508363,2,0
0.48712,0.502381,0.506287,2,0
0.484678,0.502136,0.505555,2,0
0.484556,0.503846,0.505555,2,0
0.483335,0.506776,0.504334,2,0
0.481504,0.509217,0.504822,2,0
0.480283,0.510805,0.505189,2,0
0.479062,0.513002,0.504334,2,0
0.477842,0.514223,0.503113,2,0
0.47833,0.512758,0.503846,2,0
0.479673,0.511171,0.505067,2,0
0.48065,0.510438,0.505311,2,0
0.482359,0.508973,0.505555,2,0
0.483213,0.505311,0.506409,2,0
0.485899,0.502869,0.507874,2,0
0.487853,0.50177,0.508363,2,0
0.48712,0.498718,0.510072,2,0
0.486754,0.496154,0.516054,2,0
0.485899,0.497375,0.517275,2,0
0.486876,0.494201,0.521182,2,0
0.485777,0.491881,0.524478,2,0
0.489073,0.491759,0.530949,2,0
0.488951,0.49237,0.532902,2,0
0.491027,0.490905,0.537785,2,0
0.492858,0.487486,0.542058,2,0
0.493591,0.490294,0.544378,2,0
0.493468,0.493957,0.543035,2,0
0.493957,0.495056,0.539983,2,0
0.494079,0.494567,0.53803,2,0
0.494689,0.494933,0.535344,2,0
0.495422,0.494323,0.535466,2,0
0.495056,0.490416,0.535832,2,0
0.495178,0.487486,0.538152,2,0
0.494567,0.485899,0.540471,2,0
0.494201,0.487242,0.538884,2,0
0.4953,0.487486,0.538152,2,0
0.496154,0.48651,0.537175,2,0
0.496398,0.485411,0.537175,2,0
0.496398,0.486876,0.534489,2,0
0.495788,0.48773,0.532047,2,0
0.494811,0.487853,0.531437,2,0
0.494079,0.488585,0.530704,2,0
0.493957,0.491149,0.529361,2,0
0.493224,0.494445,0.525333,2,1
0.492248,0.494201,0.524844,2,0
0.492126,0.493713,0.523868,2,0
0.491881,0.493957,0.521548,2,0
0.491027,0.495788,0.519473,2,0
0.490905,0.499451,0.518496,2,0
0.490538,0.500549,0.516298,2,0
0.489318,0.50116,0.513735,2,0
0.487975,0.501404,0.510927,2,0
0.486632,0.503601,0.507752,2,0
0.486021,0.505921,0.505311,2,0
0.484678,0.507264,0.505555,2,0
0.485167,0.50934,0.50409,2,0
0.485167,0.511171,0.50177,2,0
0.48651,0.509462,0.501282,2,0
0.490538,0.506287,0.500916,2,0
0.493713,0.502503,0.499695,2,0
0.497009,0.49884,0.50177,3,0
0.500305,0.495178,0.508119,3,0
0.498352,0.498474,0.508973,3,0
0.4953,0.499573,0.513368,3,0
0.495666,0.496887,0.516909,3,0
0.492614,0.491149,0.525699,3,0
0.49066,0.490783,0.528751,3,0
0.496643,0.464534,0.538884,3,0
0.492614,0.463435,0.542669,3,0
0.496154,0.476621,0.544256,3,0
0.499939,0.486265,0.552191,3,0
0.503357,0.497619,0.552558,3,0
0.502503,0.499451,0.543523,3,0
0.498474,0.494689,0.532414,3,0
0.499695,0.516176,0.520816,3,0
0.498474,0.472592,0.523013,3,0
0.4953,0.478696,0.542913,3,0
0.499206,0.474789,0.546331,3,0
0.50116,0.495422,0.523623,3,0
0.503846,0.49237,0.517641,3,0
0.505311,0.47894,0.523013,3,0
0.506654,0.476377,0.526798,3,0
0.507752,0.485533,0.525821,3,0
0.507997,0.489195,0.525088,3,0
0.507997,0.487242,0.524966,3,0
0.507264,0.485411,0.52399,3,0
0.506043,0.484678,0.523623,3,0
0.505189,0.484312,0.524356,3,0
0.504334,0.484068,0.524356,3,0
0.50409,0.4848,0.524478,3,0
0.503846,0.484678,0.525211,3,0
0.503479,0.484678,0.524722,3,0
0.504212,0.485655,0.52399,3,0
0.505189,0.485777,0.524356,3,0
0.505311,0.484312,0.524478,3,0
0.505433,0.484312,0.524478,3,0
0.504334,0.484312,0.524478,3,0
0.502991,0.485777,0.523868,3,0
0.501892,0.486265,0.523746,3,0
0.501648,0.485533,0.524112,3,0
0.501892,0.484434,0.524722,3,0
0.50177,0.484556,0.525088,3,0
0.501648,0.485655,0.525577,3,0
0.501282,0.48712,0.525821,3,0
0.500549,0.488219,0.525943,3,0
0.500916,0.489195,0.524844,3,0
0.500671,0.488951,0.523623,3,0
0.500305,0.484922,0.52399,3,0
0.497986,0.480283,0.523257,3,0
0.499573,0.475888,0.523868,3,0
0.498108,0.481016,0.519717,3,0
0.499939,0.482481,0.517031,3,0
0.50116,0.478208,0.515688,3,0
0.503479,0.473446,0.516665,3,0
0.504944,0.477842,0.517397,3,0
0.504944,0.480894,0.518984,3,0
0.505677,0.480894,0.520938,3,0
0.505799,0.480283,0.522281,3,0
0.504578,0.481626,0.525943,3,0
0.507874,0.488951,0.523379,3,0
0.508729,0.479307,0.502869,3,0
0.497253,0.428641,0.490905,3,0
0.494567,0.447198,0.494933,3,0
0.493835,0.460261,0.492126,3,0
0.495788,0.473935,0.49298,3,0
0.49884,0.476621,0.494323,3,0
0.50116,0.474667,0.493591,3,0
0.501648,0.476254,0.492492,3,0
0.500549,0.475522,0.491759,3,0
0.498962,0.471249,0.492248,3,0
0.497253,0.468197,0.493102,3,0
0.495666,0.467831,0.494933,3,0
0.493957,0.465755,0.497619,3,0
0.492614,0.46429,0.501648,3,0
0.488829,0.467831,0.506165,3,0
0.485411,0.472592,0.509462,3,0
0.483824,0.47601,0.510194,3,0
0.481992,0.476621,0.508851,3,0
0.482725,0.482359,0.511049,3,0
0.482725,0.484312,0.511903,3,0
0.48419,0.478208,0.51581,3,0
0.483824,0.482359,0.514711,3,0
0.485167,0.486265,0.515322,3,0
0.485777,0.489684,0.5152,3,0
0.485167,0.491881,0.516665,3,0
0.487608,0.486998,0.522158,3,0
0.489318,0.493591,0.522891,3,0
0.491637,0.497864,0.522647,3,0
0.493102,0.492492,0.528873,3,0
0.4953,0.4953,0.527286,3,0
0.496887,0.499695,0.528141,3,0
0.498108,0.500183,0.528507,3,0
0.497375,0.501038,0.527408,3,0
0.499451,0.501648,0.524844,3,0
0.501282,0.495422,0.530949,3,0
0.49823,0.499695,0.528995,3,0
0.497864,0.498962,0.528873,3,0
0.4953,0.499451,0.528873,3,0
0.493102,0.498474,0.527286,3,0
0.49237,0.497253,0.527164,3,0
0.492248,0.497986,0.527286,3,0
0.492492,0.497009,0.527164,3,0
0.493102,0.497619,0.526798,3,0
0.493591,0.497009,0.526676,3,0
0.493346,0.49591,0.526431,3,0
0.492858,0.496765,0.526554,3,0
0.492492,0.495788,0.526554,3,0
0.492614,0.495666,0.526798,3,0
0.492492,0.495422,0.526431,3,0
0.492248,0.495422,0.526309,3,0
0.491881,0.495666,0.526309,3,0
0.491515,0.495056,0.526554,3,0
0.491637,0.494445,0.526309,3,0
0.491759,0.494689,0.526309,3,0
0.491515,0.494323,0.526187,3,0
0.491515,0.494323,0.526187,3,0
0.491271,0.494323,0.526065,3,0
0.491271,0.494445,0.526187,3,0
0.491271,0.494079,0.525943,3,0
0.491393,0.494445,0.526065,3,0
0.491515,0.494689,0.526309,3,0
0.491637,0.494201,0.526309,3,0
0.491759,0.494323,0.526309,3,0
0.491637,0.493835,0.526431,3,0
0.492003,0.494323,0.526309,3,0
0.492003,0.494445,0.526309,3,0
0.492248,0.493468,0.526309,3,0
0.492492,0.494567,0.526309,3,0
0.492614,0.493713,0.526676,3,0
0.493102,0.493224,0.526554,3,0
0.492614,0.493102,0.527164,3,0
0.49298,0.494323,0.52692,3,0
0.494567,0.494445,0.525943,3,0
0.493957,0.493102,0.526554,3,0
0.494445,0.496154,0.526309,3,0
0.495422,0.496887,0.526798,3,0
0.495666,0.496398,0.526676,3,0
0.498108,0.494811,0.529239,3,0
0.503235,0.490538,0.524234,3,0
0.511049,0.445977,0.529239,3,0
0.497497,0.446221,0.534123,3,0
0.491271,0.464412,0.523623,3,0
0.479551,0.474911,0.512025,3,0
0.474667,0.481138,0.50995,3,0
0.475766,0.489073,0.51349,3,0
0.47833,0.499939,0.511903,3,0
0.478696,0.505433,0.50995,3,0
0.47894,0.504578,0.509217,3,0
0.478452,0.503235,0.507142,3,0
0.478452,0.501038,0.505189,3,0
0.477597,0.500183,0.505189,3,0
0.47894,0.50116,0.505799,3,0
0.477109,0.501892,0.506409,3,0
0.475644,0.498718,0.506165,3,0
0.475766,0.502625,0.503113,3,0
0.4754,0.506043,0.502381,3,0
0.472958,0.492492,0.506165,3,0
0.470394,0.479307,0.513979,3,0
0.463069,0.465023,0.503357,3,0
0.461482,0.473691,0.489195,3,0
0.46197,0.494689,0.48712,3,0
0.470516,0.497864,0.502381,3,0
0.476499,0.499206,0.512392,3,0
0.480894,0.505799,0.515444,3,0
0.48712,0.5152,0.51581,3,0
0.482847,0.493102,0.506776,3,0
0.478452,0.49298,0.505921,3,0
0.478086,0.486754,0.508119,3,0
0.476377,0.486265,0.50995,3,0
0.460994,0.460628,0.518252,3,0
0.46429,0.478086,0.499573,3,0
0.456843,0.496521,0.485411,3,0
0.454401,0.506043,0.483702,3,0
0.453791,0.502381,0.487364,3,0
0.454401,0.500671,0.487975,3,0
0.457942,0.512514,0.488951,3,0
0.458552,0.518008,0.48773,3,0
0.456721,0.514833,0.492858,3,0
0.457697,0.510682,0.492126,3,0
0.462215,0.509706,0.491759,3,0
0.476499,0.508973,0.499939,3,0
0.493346,0.507997,0.51642,3,0
0.518862,0.511293,0.517031,3,0
0.543157,0.511171,0.530827,3,0
0.551337,0.50763,0.540105,3,0
0.537663,0.51581,0.521304,3,0
0.519717,0.49237,0.523623,3,0
0.512025,0.494201,0.529606,3,0
0.514345,0.505433,0.528751,3,0
0.518374,0.503235,0.533634,3,0
0.52106,0.506898,0.531925,3,0
0.516543,0.502625,0.532169,3,0
0.508729,0.493835,0.532047,3,0
0.502869,0.499084,0.530949,3,0
0.496643,0.498108,0.529239,3,0
0.490538,0.496032,0.526798,3,0
0.484556,0.493591,0.5246,3,0
0.482725,0.49298,0.524478,3,0
0.478208,0.495544,0.525211,3,0
0.477964,0.492003,0.523623,3,0
0.477964,0.489318,0.518984,3,0
0.474789,0.491027,0.515444,3,0
0.474789,0.488829,0.514467,3,0
0.474057,0.485899,0.514955,3,0
0.472592,0.491881,0.51288,3,0
0.472348,0.491149,0.510682,3,0
0.471859,0.494811,0.509217,3,0
0.471249,0.494323,0.506654,3,0
0.471127,0.499084,0.507264,3,0
0.469418,0.502136,0.506898,3,0
0.467586,0.498718,0.507142,3,0
0.46661,0.494323,0.507997,3,0
0.465633,0.489562,0.509462,3,0
0.465999,0.48944,0.508973,3,0
0.466488,0.49066,0.509217,3,0
0.467586,0.492003,0.508729,3,0
0.468807,0.488951,0.507752,3,0
0.469296,0.488585,0.508363,3,0
0.470272,0.490538,0.510682,3,0
0.470516,0.492614,0.511659,3,0
0.469173,0.495056,0.512392,3,0
0.469906,0.494079,0.514955,3,0
0.468563,0.50116,0.513735,3,0
0.46954,0.5047,0.514101,3,0
0.469051,0.507142,0.512758,3,0
0.469784,0.508485,0.511293,3,0
0.476865,0.506776,0.51056,3,0
0.489928,0.501892,0.513002,3,0
0.511537,0.501404,0.519473,3,0
0.53571,0.505921,0.520938,3,0
0.558052,0.496765,0.536442,3,0
0.554877,0.493346,0.542425,3,0
0.534367,0.524844,0.522647,3,0
0.517519,0.499939,0.528019,3,0
0.519595,0.49884,0.530704,3,0
0.521914,0.500916,0.530949,3,0
0.524478,0.500916,0.532292,3,0
0.523501,0.502991,0.530949,3,0
0.519473,0.500061,0.529239,3,0
0.514223,0.494811,0.531071,3,0
0.510194,0.495666,0.529117,3,0
0.50177,0.496765,0.526065,3,0
0.494933,0.497131,0.524234,3,0
0.489195,0.49823,0.522403,3,0
0.484312,0.497131,0.522525,3,0
0.481382,0.497497,0.523379,3,0
0.478818,0.499084,0.522036,3,0
0.47601,0.496154,0.521182,3,0
0.474545,0.491881,0.522647,3,0
0.474545,0.493224,0.52106,3,0
0.477475,0.492492,0.521914,3,0
0.479551,0.493713,0.522158,3,0
0.481016,0.495788,0.520083,3,0
0.481748,0.492492,0.524234,3,0
0.482115,0.494567,0.524722,3,0
0.482359,0.498596,0.523623,3,0
0.482359,0.499939,0.522525,3,0
0.480894,0.501526,0.518862,3,0
0.478452,0.500061,0.516176,3,0
0.476743,0.499451,0.5152,3,0
0.474179,0.499695,0.512636,3,0
0.471249,0.497497,0.511415,3,0
0.470028,0.494689,0.511659,3,0
0.469906,0.492003,0.510927,3,0
0.469173,0.491393,0.510438,3,0
0.469418,0.490416,0.512758,3,0
0.469418,0.491393,0.512392,3,0
0.47015,0.492248,0.51349,3,0
0.471249,0.496521,0.514101,3,0
0.472348,0.501648,0.514223,3,0
0.471005,0.500671,0.514711,3,0
0.471005,0.496521,0.516909,3,0
0.473446,0.500427,0.518008,3,0
0.476499,0.500061,0.519595,3,0
0.483702,0.497131,0.520205,3,0
0.491271,0.499817,0.519106,3,0
0.510927,0.504212,0.52106,3,0
0.533634,0.502381,0.526554,3,0
0.551947,0.493591,0.537907,3,0
0.556587,0.497619,0.542303,3,0
0.536076,0.514223,0.523013,3,0
0.50934,0.501404,0.52692,3,0
0.514101,0.506898,0.52753,3,0
0.520571,0.49823,0.534855,3,0
0.526065,0.506654,0.529117,3,0
0.525088,0.505799,0.527652,3,0
0.519595,0.496154,0.528385,3,0
0.514345,0.493835,0.525699,3,0
0.50763,0.491637,0.527408,3,0
0.50116,0.49237,0.526554,3,0
0.496276,0.49298,0.525821,3,0
0.490905,0.493346,0.525333,3,0
0.486754,0.49237,0.526554,3,0
0.481992,0.496154,0.524722,3,0
0.479307,0.500183,0.523623,3,0
0.47833,0.498108,0.525333,3,0
0.478574,0.498474,0.523379,3,0
0.478574,0.499451,0.521548,3,0
0.476743,0.497253,0.521792,3,0
0.477719,0.502014,0.52106,3,0
0.47894,0.498108,0.521182,3,0
0.477964,0.481748,0.520938,3,0
0.476743,0.477231,0.518618,3,0
0.477475,0.488097,0.513368,3,0
0.477597,0.500427,0.510072,3,0
0.476132,0.497986,0.508973,3,0
0.475034,0.49823,0.508485,3,0
0.474423,0.503357,0.507997,3,0
0.47247,0.501038,0.507264,3,0
0.470272,0.499573,0.507264,3,0
0.469051,0.49884,0.508363,3,0
0.468563,0.497375,0.509706,3,0
0.468563,0.496032,0.509828,3,0
0.468319,0.494323,0.510316,3,0
0.469051,0.492492,0.511415,3,0
0.469784,0.492126,0.510682,3,0
0.470883,0.489195,0.513002,3,0
0.47247,0.494079,0.51581,3,0
0.474057,0.495788,0.51874,3,0
0.47601,0.491881,0.519595,3,0
0.478818,0.490294,0.522281,3,0
0.480161,0.491637,0.523379,3,0
0.481626,0.498352,0.521304,3,0
0.487975,0.503724,0.521548,3,1
0.491759,0.496887,0.522891,3,0
0.503113,0.495422,0.523746,3,0
0.516298,0.498108,0.527286,3,0
0.529361,0.49591,0.529606,3,0
0.54389,0.495666,0.532902,3,0
0.535344,0.50116,0.524478,3,0
0.515566,0.494933,0.528751,3,0
0.507997,0.501526,0.531193,3,0
0.515322,0.509462,0.530094,3,0
0.516176,0.510194,0.531681,3,0
0.516054,0.507508,0.530827,3,0
0.519351,0.508363,0.528751,3,0
0.517641,0.506165,0.530338,3,0
0.515932,0.499817,0.532536,3,0
0.511415,0.495422,0.530338,3,0
0.505921,0.495788,0.528995,3,0
0.502747,0.48773,0.530704,3,0
0.500183,0.489806,0.527164,3,0
0.497009,0.495056,0.524722,3,0
0.491393,0.49823,0.523868,3,0
0.48944,0.498108,0.5246,3,0
0.484434,0.496765,0.524356,3,0
0.482115,0.494201,0.523135,3,0
0.481382,0.492614,0.522403,3,0
0.477964,0.492126,0.520205,3,0
0.476987,0.49005,0.519351,3,0
0.475888,0.492003,0.520449,3,0
0.474057,0.494079,0.518862,3,0
0.471737,0.494323,0.515932,3,0
0.47247,0.495544,0.515322,3,0
0.471615,0.49823,0.512392,3,0
0.469296,0.501526,0.507264,3,0
0.466732,0.502747,0.503724,3,0
0.466121,0.505677,0.50177,3,0
0.465877,0.506165,0.501404,3,0
0.465633,0.504456,0.50177,3,0
0.466366,0.500794,0.503724,3,0
0.465877,0.497986,0.504578,3,0
0.465511,0.497619,0.505921,3,0
0.46661,0.500183,0.507142,3,0
0.467098,0.498962,0.508363,3,0
0.467953,0.499206,0.507874,3,0
0.470272,0.496887,0.510072,3,0
0.473935,0.492736,0.515932,3,0
0.475888,0.492736,0.518008,3,0
0.481748,0.499573,0.520938,3,0
0.488219,0.509828,0.523623,3,0
0.494689,0.505555,0.521548,3,0
0.506898,0.49884,0.524722,3,1
0.522769,0.49884,0.528995,3,0
0.538274,0.497619,0.534611,3,0
0.548041,0.503846,0.536076,3,0
0.535222,0.507386,0.528263,3,0
0.514223,0.491637,0.532169,3,0
0.511903,0.498596,0.530949,3,0
0.514345,0.502747,0.532414,3,0
0.515932,0.502381,0.532292,3,0
0.51813,0.503235,0.528995,3,0
0.519595,0.50116,0.529117,3,0
0.518374,0.49823,0.528629,3,0
0.512392,0.494933,0.527774,3,0
0.508851,0.492492,0.528873,3,0
0.502381,0.492492,0.528385,3,0
0.499084,0.493957,0.52753,3,0
0.492492,0.496765,0.527042,3,0
0.49005,0.497864,0.529484,3,0
0.485777,0.500305,0.527774,3,0
0.482359,0.50116,0.525333,3,0
0.481382,0.500183,0.525211,3,0
0.480405,0.498108,0.523257,3,0
0.478574,0.496643,0.519839,3,0
0.474911,0.494323,0.517886,3,0
0.474057,0.496032,0.518374,3,0
0.475766,0.5047,0.516543,3,0
0.476499,0.507508,0.517153,3,0
0.477475,0.500671,0.518496,3,0
0.478208,0.494079,0.518984,3,0
0.478208,0.492248,0.515932,3,0
0.477842,0.494445,0.512147,3,0
0.476499,0.497009,0.508485,3,0
0.475766,0.497741,0.506532,3,0
0.474545,0.497619,0.504456,3,0
0.47247,0.494933,0.503601,3,0
0.469173,0.492858,0.502259,3,0
0.465755,0.497375,0.501648,3,0
0.463802,0.500549,0.501526,3,0
0.461604,0.498596,0.500916,3,0
0.460872,0.496521,0.500794,3,0
0.461482,0.497497,0.50116,3,0
0.463558,0.496887,0.500183,3,0
0.464656,0.492248,0.499695,3,0
0.467708,0.491393,0.503113,3,0
0.468563,0.499451,0.503113,3,0
0.47015,0.496154,0.50702,3,0
0.473691,0.489318,0.509584,3,0
0.476499,0.488951,0.511781,3,0
0.47894,0.489318,0.5152,3,1
0.481382,0.495666,0.515078,3,0
0.484312,0.504944,0.516665,3,0
0.488585,0.501038,0.518252,3,0
0.494201,0.495422,0.517153,3,0
0.506043,0.496643,0.519595,3,0
0.527896,0.498108,0.525088,3,0
0.54975,0.485899,0.537785,3,0
0.547064,0.489928,0.542791,3,0
0.521548,0.526676,0.524356,3,0
0.508729,0.505555,0.537663,3,0
0.517886,0.510682,0.532658,3,0
0.518374,0.506654,0.534611,3,0
0.522158,0.506654,0.533634,3,0
0.522769,0.511293,0.529606,3,0
0.519961,0.501648,0.531071,3,0
0.51349,0.497131,0.528019,3,0
0.507997,0.493713,0.528019,3,0
0.505067,0.492736,0.527164,3,0
0.498108,0.493957,0.525455,3,0
0.496398,0.493713,0.526309,3,0
0.493468,0.494567,0.524234,3,0
0.487242,0.495666,0.523257,3,0
0.48651,0.493591,0.524234,3,0
0.484312,0.49237,0.522647,3,0
0.481382,0.492614,0.519961,3,0
0.480772,0.491881,0.519473,3,0
0.478574,0.491881,0.51581,3,0
0.475522,0.493957,0.51227,3,0
0.472714,0.494201,0.513124,3,0
0.472958,0.498108,0.513246,3,0
0.473324,0.500671,0.514589,3,0
0.472836,0.500061,0.514467,3,0
0.471737,0.499817,0.510438,3,0
0.470028,0.496154,0.508485,3,0
0.468197,0.495544,0.505067,3,0
0.466488,0.499329,0.502014,3,0
0.465633,0.50177,0.501892,3,0
0.465633,0.50409,0.502136,3,0
0.465633,0.500671,0.503968,3,0
0.465999,0.496765,0.505189,3,0
0.467586,0.496521,0.505677,3,0
0.468685,0.495788,0.506898,3,0
0.468929,0.492126,0.507997,3,0
0.47015,0.491515,0.509828,3,0
0.471859,0.492858,0.51349,3,0
0.473691,0.499451,0.514711,3,0
0.4754,0.502503,0.515566,3,0
0.476254,0.501526,0.516298,3,0
0.477353,0.499329,0.51581,3,1
0.477964,0.49591,0.517519,3,0
0.478696,0.494933,0.519106,3,0
0.482115,0.500183,0.517031,3,0
0.487364,0.503724,0.516054,3,0
0.494689,0.502625,0.518984,3,0
0.510927,0.500549,0.522769,3,0
0.530582,0.500183,0.528263,3,0
0.546087,0.490905,0.543645,3,0
0.539006,0.493346,0.543035,3,0
0.521792,0.519228,0.527408,3,0
0.51581,0.508851,0.533512,3,0
0.518252,0.497741,0.534489,3,0
0.522281,0.495422,0.535344,3,0
0.527042,0.499817,0.534245,3,0
0.522403,0.497497,0.531559,3,0
0.514467,0.496765,0.528263,3,0
0.505067,0.49237,0.528873,3,0
0.499817,0.497253,0.524112,3,0
0.49237,0.498108,0.523379,3,0
0.488341,0.500427,0.523379,3,0
0.483335,0.500427,0.523746,3,0
0.481748,0.500549,0.522281,3,0
0.480772,0.499451,0.520571,3,0
0.477597,0.50116,0.51874,3,0
0.479673,0.500427,0.517397,3,0
0.480527,0.495422,0.513613,3,0
0.479307,0.490538,0.516665,3,0
0.476499,0.495056,0.518008,3,0
0.475766,0.498474,0.514589,3,0
0.474301,0.497741,0.516176,3,0
0.472226,0.49884,0.514955,3,0
0.470883,0.496643,0.512025,3,0
0.468807,0.496521,0.512636,3,0
0.467831,0.498352,0.513124,3,0
0.466976,0.496765,0.513368,3,0
0.465999,0.496521,0.51227,3,0
0.465633,0.496887,0.510316,3,0
0.467098,0.496154,0.510438,3,0
0.468197,0.49823,0.50995,3,0
0.468685,0.502259,0.511293,3,0
0.470394,0.501648,0.511293,3,0
0.471127,0.500305,0.511171,3,0
0.474057,0.499329,0.514101,3,0
0.475888,0.498962,0.5152,3,0
0.476987,0.495788,0.517031,3,0
0.479429,0.499939,0.519106,3,0
0.482359,0.49884,0.521304,3,0
0.484312,0.493224,0.522403,3,1
0.486387,0.498352,0.521304,3,0
0.492248,0.500061,0.519351,3,0
0.512392,0.496765,0.523379,3,0
0.533268,0.494811,0.529972,3,0
0.546331,0.485167,0.538518,3,0
0.536931,0.499939,0.52985,3,0
0.517763,0.495422,0.532292,3,0
0.511903,0.500427,0.531071,3,0
0.518862,0.508119,0.529484,3,0
0.520693,0.499573,0.534977,3,0
0.524722,0.50116,0.531803,3,0
0.52399,0.503601,0.530827,3,0
0.519717,0.495788,0.528019,3,0
0.51227,0.495544,0.52692,3,0
0.505189,0.492736,0.527408,3,0
0.496398,0.491759,0.523623,3,0
0.490172,0.495666,0.52167,3,0
0.488707,0.497986,0.522158,3,0
0.483457,0.495666,0.522281,3,0
0.481992,0.494445,0.521426,3,0
0.479062,0.495788,0.52106,3,0
0.476743,0.494811,0.519961,3,0
0.476132,0.496032,0.51874,3,0
0.475156,0.493224,0.519351,3,0
0.475278,0.493835,0.517763,3,0
0.47601,0.49298,0.517886,3,0
0.475278,0.49237,0.518984,3,0
0.474911,0.495666,0.513124,3,0
0.47308,0.49298,0.510438,3,0
0.471615,0.49066,0.509706,3,0
0.469784,0.494689,0.509584,3,0
0.468807,0.49884,0.509462,3,0
0.468075,0.49591,0.510682,3,0
0.468807,0.493835,0.511781,3,0
0.469296,0.494567,0.511903,3,0
0.469051,0.492248,0.512758,3,0
0.469662,0.493591,0.513246,3,0
0.469173,0.493835,0.512636,3,0
0.468685,0.493835,0.512025,3,0
0.469051,0.496521,0.51227,3,0
0.468929,0.499329,0.512514,3,0
0.47015,0.499206,0.513246,3,0
0.472348,0.49823,0.514833,3,0
0.474057,0.496398,0.516298,3,0
0.478208,0.495056,0.517397,3,0
0.480894,0.497864,0.517641,3,0
0.486143,0.50177,0.517886,3,0
0.491881,0.49823,0.518008,3,0
0.499695,0.496276,0.519839,3,1
0.522647,0.501038,0.524966,3,0
0.540838,0.496521,0.530338,3,0
0.552314,0.484312,0.547674,3,0
0.532902,0.509828,0.526798,3,0
0.509462,0.506409,0.529972,3,0
0.513979,0.500916,0.530094,3,0
0.517397,0.502136,0.532414,3,0
0.520449,0.502747,0.531315,3,0
0.521548,0.504822,0.531071,3,0
0.52106,0.50116,0.531193,3,0
0.513246,0.497741,0.527042,3,0
0.507386,0.497009,0.526065,3,0
0.501648,0.495666,0.526431,3,0
0.496765,0.498108,0.523013,3,0
0.492492,0.497864,0.524234,3,0
0.487608,0.49823,0.522769,3,0
0.484434,0.497986,0.522647,3,0
0.482115,0.499206,0.522769,3,0
0.482115,0.498352,0.523257,3,0
0.48126,0.495178,0.523013,3,0
0.477597,0.495422,0.521426,3,0
0.47833,0.496154,0.520693,3,0
0.478574,0.496398,0.519961,3,0
0.477231,0.496887,0.51874,3,0
0.475766,0.497741,0.514833,3,0
0.474667,0.497131,0.515444,3,0
0.473569,0.497375,0.514345,3,0
0.472836,0.500183,0.514345,3,0
0.472592,0.501892,0.513124,3,0
0.471493,0.500794,0.513857,3,0
0.469784,0.499695,0.512636,3,0
0.468807,0.498474,0.512636,3,0
0.468807,0.500549,0.512514,3,0
0.469418,0.497619,0.511781,3,0
0.469906,0.494811,0.512392,3,0
0.47015,0.496887,0.51227,3,0
0.470394,0.500427,0.512147,3,0
0.469906,0.500794,0.513002,3,0
0.470516,0.502136,0.513368,3,0
0.471493,0.504456,0.513368,3,0
0.474301,0.501892,0.515566,3,0
0.477475,0.497131,0.516787,3,0
0.480894,0.496643,0.517763,3,0
0.485411,0.494079,0.520693,3,0
0.490294,0.491637,0.522158,3,0
0.49237,0.489318,0.522891,3,0
0.494567,0.489318,0.524356,3,0
0.490905,0.493468,0.524478,3,0
0.503846,0.496276,0.52985,3,1
0.519351,0.503846,0.529361,3,0
0.531071,0.506043,0.533512,3,0
0.534611,0.503601,0.533879,3,0
0.520938,0.505799,0.53046,3,0
0.511537,0.506776,0.52985,3,0
0.512636,0.5047,0.529239,3,0
0.515566,0.502136,0.530094,3,0
0.517031,0.503601,0.529728,3,0
0.519717,0.50702,0.526676,3,0
0.51642,0.504944,0.528873,3,0
0.514223,0.500671,0.528751,3,0
0.506165,0.503968,0.525943,3,0
0.502014,0.499817,0.527652,3,0
0.497009,0.497864,0.526676,3,0
0.49591,0.499939,0.526187,3,0
0.492126,0.501282,0.525088,3,0
0.487364,0.501892,0.526065,3,0
0.487853,0.502381,0.52692,3,0
0.4848,0.503357,0.524966,3,0
0.483091,0.499817,0.523623,3,0
0.482237,0.496887,0.524722,3,0
0.480894,0.499329,0.523379,3,0
0.478696,0.499817,0.523013,3,0
0.47833,0.49823,0.522525,3,0
0.478818,0.50116,0.522891,3,0
0.47894,0.502503,0.522036,3,0
0.478574,0.500061,0.521182,3,0
0.478818,0.496887,0.520938,3,0
0.478452,0.499573,0.518862,3,0
0.477353,0.50116,0.517519,3,0
0.475644,0.499939,0.515078,3,0
0.472714,0.500183,0.512636,3,0
0.470639,0.503846,0.508241,3,0
0.468807,0.502869,0.505433,3,0
0.467831,0.49884,0.505189,3,0
0.468319,0.499451,0.505677,3,0
0.468441,0.499695,0.506654,3,0
0.468319,0.498474,0.508851,3,0
0.468563,0.499695,0.509828,3,0
0.469173,0.499084,0.512025,3,0
0.470028,0.499206,0.514589,3,0
0.471493,0.50116,0.515444,3,0
0.47308,0.501404,0.517397,3,0
0.476132,0.499329,0.519106,3,0
0.477597,0.49298,0.520693,3,0
0.48187,0.492614,0.52167,3,0
0.483946,0.493591,0.521304,3,0
0.485411,0.493102,0.52167,3,1
0.493468,0.495178,0.520816,3,0
0.497619,0.494567,0.524234,3,0
0.507386,0.494933,0.525699,3,0
0.520693,0.500916,0.526798,3,0
0.533024,0.499206,0.534855,3,0
0.535588,0.502869,0.533512,3,0
0.522281,0.5152,0.525699,3,0
0.513124,0.50934,0.528263,3,0
0.514589,0.510438,0.527042,3,0
0.51581,0.510805,0.527652,3,0
0.517641,0.508241,0.52985,3,0
0.520205,0.509584,0.528385,3,0
0.518008,0.509462,0.528263,3,0
0.517641,0.501892,0.529361,3,0
0.514345,0.49884,0.527652,3,0
0.508851,0.500549,0.524234,4,0
0.505433,0.497986,0.525943,4,0
0.504944,0.491515,0.527164,4,0
0.497741,0.493346,0.523379,4,0
0.488219,0.492003,0.517519,4,0
0.481016,0.496032,0.513002,4,0
0.474301,0.498352,0.508485,4,0
0.467098,0.498962,0.506898,4,0
0.465267,0.496887,0.50763,4,0
0.46429,0.497986,0.506898,4,0
0.461482,0.495788,0.505799,4,0
0.459285,0.49005,0.50702,4,0
0.459529,0.482847,0.508485,4,0
0.458552,0.480283,0.505433,4,0
0.46075,0.475888,0.505311,4,0
0.463069,0.476377,0.505311,4,0
0.464778,0.477719,0.504212,4,0
0.470028,0.475278,0.505311,4,0
0.474911,0.476865,0.508851,4,0
0.479184,0.481626,0.51056,4,0
0.482359,0.487853,0.513124,4,0
0.483824,0.494689,0.51288,4,0
0.485167,0.497253,0.512392,4,0
0.486021,0.499939,0.511049,4,0
0.488585,0.5047,0.507997,4,0
0.484556,0.496765,0.506287,4,0
0.481016,0.505799,0.505433,4,0
0.47601,0.49823,0.503724,4,0
0.471737,0.495422,0.511293,4,0
0.467098,0.496398,0.511781,4,0
0.465145,0.497986,0.503235,4,0
0.465145,0.497619,0.49823,4,0
0.470516,0.502014,0.502747,4,0
0.476132,0.499206,0.512758,4,0
0.483213,0.494323,0.51874,4,0
0.492003,0.467831,0.532658,4,0
0.494079,0.479307,0.532536,4,0
0.496765,0.482115,0.533268,4,0
0.495788,0.484678,0.532169,4,0
0.49884,0.487486,0.532658,4,0
0.499939,0.494689,0.527164,4,0
0.502991,0.494689,0.525943,4,0
0.495422,0.479917,0.538396,4,0
0.502259,0.499695,0.526431,4,0
0.496032,0.49298,0.527286,4,0
0.494323,0.49823,0.528995,4,0
0.494445,0.500794,0.528141,4,0
0.494079,0.500549,0.527042,4,0
0.493591,0.492736,0.527652,4,0
0.494445,0.493957,0.526554,4,0
0.4953,0.496887,0.526798,4,0
0.495544,0.499817,0.527286,4,0
0.495056,0.496887,0.527042,4,0
0.494689,0.495666,0.527286,4,0
0.494201,0.495666,0.527408,4,0
0.494811,0.496887,0.527164,4,0
0.494567,0.495422,0.527286,4,0
0.494811,0.4953,0.527164,4,0
0.494811,0.496276,0.527164,4,0
0.494079,0.493713,0.528751,4,0
0.493835,0.493102,0.526554,4,0
0.494811,0.493468,0.528995,4,0
0.498108,0.502991,0.526431,4,0
0.499206,0.49298,0.528019,4,0
0.503601,0.489073,0.524844,4,0
0.510682,0.475034,0.523013,4,0
0.504822,0.462703,0.529117,4,0
0.499695,0.475278,0.524112,4,0
0.494567,0.483946,0.520449,4,0
0.491393,0.494201,0.518618,4,0
0.488463,0.497253,0.513246,4,0
0.489318,0.493713,0.515566,4,0
0.491271,0.497986,0.524112,4,0
0.492858,0.500061,0.530582,4,0
0.493468,0.498474,0.528385,4,0
0.496521,0.493591,0.530094,4,0
0.499329,0.491515,0.534123,4,0
0.499817,0.492248,0.53339,4,0
0.500549,0.492126,0.535222,4,0
0.501038,0.494933,0.5351,4,0
0.502991,0.496398,0.537663,4,0
0.503724,0.497131,0.540227,4,0
0.504212,0.497741,0.54218,4,0
0.505921,0.49884,0.546453,4,0
0.50702,0.497375,0.54975,4,0
0.506532,0.4953,0.551825,4,0
0.504578,0.497619,0.552802,4,0
0.499084,0.498352,0.551215,4,0
0.497253,0.494689,0.54743,4,0
0.496276,0.489562,0.538884,4,0
0.496032,0.483457,0.528995,4,0
0.493713,0.482725,0.516543,4,0
0.491637,0.484922,0.504334,4,0
0.489195,0.485655,0.500061,4,0
0.48773,0.486876,0.493224,4,0
0.485899,0.494933,0.486876,4,0
0.485533,0.500671,0.485777,4,0
0.484068,0.503479,0.487364,4,0
0.482969,0.504456,0.489195,4,0
0.482481,0.506654,0.491637,4,0
0.481382,0.507874,0.493713,4,0
0.479551,0.509584,0.495788,4,0
0.477842,0.510194,0.497131,4,0
0.478452,0.508851,0.498352,4,0
0.478208,0.508363,0.498962,4,0
0.478452,0.50702,0.499206,4,0
0.478086,0.505555,0.500061,4,0
0.477964,0.502869,0.501282,4,0
0.478208,0.500183,0.503357,4,0
0.478818,0.496765,0.503601,4,0
0.476743,0.491759,0.506776,4,0
0.480039,0.488341,0.514223,4,0
0.479795,0.486876,0.513735,4,0
0.480527,0.482237,0.519473,4,0
0.480405,0.48126,0.525333,4,0
0.48065,0.47894,0.526676,4,0
0.479429,0.47894,0.530827,4,0
0.477353,0.477231,0.533268,4,0
0.478696,0.479917,0.535344,4,0
0.480894,0.480405,0.536442,4,0
0.483335,0.481504,0.536198,4,0
0.485899,0.483946,0.535344,4,0
0.48944,0.486021,0.534367,4,0
0.492003,0.487975,0.531315,4,0
0.49298,0.49005,0.532414,4,0
0.496643,0.49237,0.531193,4,0
0.498596,0.4953,0.531315,4,0
0.502503,0.499084,0.53339,4,0
0.507508,0.502625,0.536687,4,0
0.509584,0.507997,0.536076,4,0
0.50934,0.512147,0.536076,4,0
0.508485,0.510805,0.540105,4,0
0.506287,0.512147,0.542303,4,0
0.505189,0.51581,0.539495,4,0
0.503724,0.517397,0.536442,4,0
0.501404,0.513368,0.537175,4,0
0.500183,0.505677,0.53632,4,0
0.497741,0.503846,0.532047,4,0
0.495544,0.502869,0.528263,4,0
0.492492,0.502381,0.522769,4,0
0.490783,0.502381,0.518862,4,0
0.489195,0.499939,0.512147,4,0
0.485777,0.492126,0.507386,4,0
0.481382,0.488463,0.503601,4,0
0.47894,0.488951,0.500427,4,0
0.477597,0.494323,0.4953,4,0
0.476743,0.499084,0.493346,4,0
0.476865,0.500061,0.493346,4,0
0.476377,0.500794,0.493835,4,0
0.476132,0.502869,0.494811,4,0
0.477109,0.506165,0.496154,4,0
0.479551,0.507264,0.498352,4,0
0.48126,0.506165,0.499817,4,0
0.480039,0.506043,0.50116,4,0
0.481504,0.505311,0.503479,4,0
0.48065,0.5047,0.505311,4,0
0.481138,0.50177,0.508973,4,0
0.482603,0.499939,0.516054,4,0
0.48187,0.49884,0.518252,4,0
0.482603,0.494811,0.523257,4,0
0.482969,0.492736,0.528263,4,0
0.48187,0.491637,0.531193,4,0
0.482603,0.491515,0.533512,4,0
0.481138,0.49005,0.534001,4,0
0.480772,0.48773,0.533268,4,0
0.480283,0.488097,0.532902,4,0
0.48065,0.488951,0.532169,4,0
0.480894,0.487853,0.53278,4,0
0.483335,0.485167,0.535832,4,0
0.486876,0.484922,0.534733,4,0
0.489562,0.486021,0.533268,4,0
0.493346,0.486265,0.533634,4,0
0.499695,0.488341,0.533879,4,0
0.504456,0.49884,0.533268,4,0
0.506898,0.505555,0.532414,4,0
0.508363,0.514711,0.534123,4,0
0.507386,0.520571,0.536076,4,0
0.507874,0.52167,0.537541,4,0
0.507264,0.523135,0.53803,4,0
0.50702,0.521304,0.541326,4,0
0.504578,0.518862,0.54157,4,0
0.50177,0.517153,0.53925,4,0
0.500427,0.51874,0.536442,4,0
0.49884,0.51813,0.534611,4,0
0.497009,0.513368,0.532902,4,0
0.495422,0.509462,0.530582,4,0
0.493713,0.508851,0.52399,4,0
0.493957,0.503846,0.521426,4,0
0.491637,0.498352,0.513002,4,0
0.486754,0.490905,0.507142,4,0
0.484434,0.488341,0.5047,4,0
0.480894,0.485533,0.501038,4,0
0.480161,0.485777,0.497741,4,0
0.480039,0.489195,0.494933,4,0
0.479795,0.493591,0.493102,4,0
0.480405,0.497131,0.492492,4,0
0.480405,0.500183,0.492248,4,0
0.481992,0.503113,0.493468,4,0
0.481992,0.504578,0.495178,4,0
0.484434,0.504456,0.496032,4,0
0.48358,0.503968,0.497253,4,0
0.482481,0.502381,0.499206,4,0
0.483702,0.499329,0.502381,4,0
0.48126,0.494567,0.505433,4,0
0.481016,0.489195,0.51288,4,0
0.482847,0.484068,0.520816,4,0
0.479184,0.481504,0.52167,4,0
0.480039,0.478086,0.530094,4,0
0.481382,0.477353,0.533024,4,0
0.480039,0.477475,0.534245,4,0
0.48187,0.479062,0.537175,4,0
0.483824,0.48126,0.53632,4,0
0.486754,0.482725,0.535588,4,0
0.489928,0.479673,0.539006,4,0
0.492614,0.479429,0.53803,4,0
0.495056,0.484312,0.536809,4,0
0.494323,0.48419,0.53571,4,0
0.494933,0.485777,0.535344,4,0
0.4953,0.486632,0.534001,4,0
0.496398,0.490905,0.531681,4,0
0.498474,0.490538,0.530827,4,0
0.500671,0.493713,0.533512,4,0
0.502625,0.496398,0.534611,4,0
0.505677,0.500671,0.533512,4,0
0.506776,0.503113,0.533024,4,0
0.50763,0.504578,0.534001,4,0
0.507874,0.505067,0.537785,4,0
0.507264,0.506287,0.539983,4,1
0.504578,0.507142,0.537785,4,0
0.502014,0.507386,0.537541,4,0
0.499084,0.508119,0.539861,4,0
0.497375,0.505921,0.538274,4,0
0.495544,0.504212,0.535832,4,0
0.493957,0.502014,0.533634,4,0
0.494445,0.495544,0.529361,4,0
0.491271,0.493591,0.521304,4,0
0.489195,0.491881,0.516787,4,0
0.486632,0.488341,0.511537,4,0
0.482969,0.485777,0.507386,4,0
0.48187,0.48651,0.503601,4,0
0.478696,0.489318,0.499695,4,0
0.477597,0.493346,0.497131,4,0
0.476987,0.496765,0.496276,4,0
0.476743,0.500183,0.495422,4,0
0.476743,0.503235,0.494933,4,0
0.478452,0.5047,0.496154,4,0
0.479917,0.505555,0.497741,4,0
0.481138,0.505433,0.497864,4,0
0.483335,0.504212,0.499695,4,0
0.482481,0.501648,0.502136,4,0
0.483946,0.500305,0.506287,4,0
0.482969,0.500427,0.507508,4,0
0.48358,0.495666,0.511049,4,0
0.483824,0.492492,0.519106,4,0
0.483824,0.490294,0.521182,4,0
0.485655,0.487486,0.527164,4,0
0.484434,0.483702,0.533146,4,0
0.485045,0.48358,0.537053,4,0
0.484434,0.483702,0.537907,4,0
0.482969,0.481748,0.538884,4,0
0.483213,0.481138,0.53925,4,0
0.484312,0.481382,0.539983,4,0
0.484922,0.48126,0.538152,4,0
0.486021,0.478574,0.536809,4,0
0.49005,0.477964,0.535588,4,0
0.493102,0.480405,0.534367,4,0
0.497741,0.484922,0.533146,4,0
0.500671,0.489562,0.532047,4,0
0.502014,0.492492,0.532414,4,0
0.503479,0.496276,0.531925,4,0
0.503113,0.500794,0.529728,4,0
0.503846,0.504334,0.53278,4,0
0.50409,0.504578,0.532658,4,0
0.505799,0.51349,0.531559,4,0
0.506654,0.523379,0.537297,4,0
0.505921,0.524112,0.539128,4,0
0.504578,0.519839,0.539373,4,1
0.502136,0.515322,0.53864,4,0
0.501282,0.512758,0.53864,4,0
0.500549,0.511903,0.53632,4,0
0.49823,0.512147,0.530827,4,0
0.498474,0.505555,0.531925,4,0
0.497497,0.502136,0.526798,4,0
0.494567,0.500061,0.518374,4,0
0.491271,0.490294,0.51581,4,0
0.488219,0.485899,0.510194,4,0
0.482237,0.488219,0.504212,4,0
0.479795,0.491149,0.500549,4,0
0.477597,0.494323,0.496154,4,0
0.476377,0.497131,0.495178,4,0
0.475034,0.501038,0.495788,4,0
0.473935,0.504334,0.495422,4,0
0.475156,0.507386,0.496398,4,0
0.477109,0.50763,0.497986,4,0
0.480039,0.507508,0.500549,4,0
0.481748,0.508607,0.50116,4,0
0.480894,0.507997,0.502136,4,0
0.482847,0.504822,0.505799,4,0
0.482237,0.502381,0.506043,4,0
0.482603,0.499695,0.512758,4,0
0.485045,0.499573,0.515932,4,0
0.483702,0.497619,0.518618,4,0
0.483946,0.493835,0.526554,4,0
0.485777,0.494201,0.532169,4,0
0.484434,0.493224,0.530338,4,0
0.484678,0.493346,0.536076,4,0
0.484434,0.494079,0.534977,4,0
0.481016,0.490172,0.533268,4,0
0.479917,0.486143,0.5351,4,0
0.480772,0.486632,0.534977,4,0
0.481382,0.488341,0.534611,4,0
0.482603,0.486876,0.534001,4,0
0.485411,0.483824,0.534733,4,0
0.488707,0.48358,0.533634,4,0
0.491393,0.486021,0.532047,4,0
0.49298,0.487364,0.531803,4,0
0.496398,0.489318,0.531559,4,0
0.500061,0.494689,0.533634,4,0
0.502869,0.502503,0.535588,4,0
0.503724,0.506776,0.53632,4,0
0.504212,0.507264,0.534611,4,0
0.504456,0.506776,0.533512,4,0
0.505433,0.511293,0.533634,4,0
0.506409,0.515078,0.533757,4,0
0.507386,0.514955,0.535344,4,1
0.50763,0.510682,0.535222,4,0
0.507264,0.511415,0.535954,4,0
0.506165,0.517031,0.535222,4,0
0.50702,0.523623,0.53278,4,0
0.506532,0.522036,0.528995,4,0
0.505677,0.516176,0.529239,4,0
0.503846,0.513368,0.524722,4,0
0.499206,0.507997,0.523013,4,0
0.50116,0.498962,0.518374,4,0
0.494567,0.490538,0.511537,4,0
0.490294,0.488829,0.506287,4,0
0.485533,0.488219,0.503601,4,0
0.480894,0.49005,0.503601,4,0
0.476132,0.494811,0.499084,4,0
0.474911,0.500305,0.496765,4,0
0.474301,0.50177,0.497131,4,0
0.4754,0.504578,0.499817,4,0
0.477597,0.50702,0.501526,4,0
0.48065,0.508607,0.501404,4,0
0.482115,0.506654,0.502381,4,0
0.48358,0.504334,0.505799,4,0
0.484556,0.503724,0.507752,4,0
0.482847,0.501404,0.511659,4,0
0.482725,0.499451,0.514955,4,0
0.483946,0.500061,0.51874,4,0
0.482603,0.500427,0.518618,4,0
0.483213,0.497375,0.525943,4,0
0.483824,0.499329,0.531925,4,0
0.483213,0.496643,0.534367,4,0
0.483335,0.495178,0.53571,4,0
0.479917,0.49823,0.534489,4,0
0.478452,0.498474,0.535466,4,0
0.477964,0.498474,0.534855,4,0
0.47833,0.499451,0.53339,4,0
0.479673,0.493957,0.536442,4,0
0.483457,0.486632,0.539983,4,0
0.485045,0.490538,0.539495,4,0
0.485411,0.491271,0.53632,4,0
0.48773,0.492858,0.535222,4,0
0.489195,0.491027,0.534489,4,0
0.492248,0.491027,0.532414,4,0
0.496887,0.495056,0.531193,4,0
0.499817,0.49591,0.530582,4,0
0.504334,0.498352,0.532536,4,0
0.505677,0.503235,0.53339,4,0
0.505433,0.507386,0.535344,4,0
0.504944,0.513246,0.53864,4,0
0.504822,0.51642,0.539739,4,1
0.503235,0.518618,0.538396,4,0
0.501892,0.51642,0.538518,4,0
0.500916,0.51581,0.538762,4,0
0.499817,0.516665,0.537419,4,0
0.49884,0.516909,0.530949,4,0
0.500549,0.515566,0.528019,4,0
0.502381,0.498962,0.525455,4,0
0.49884,0.481382,0.516543,4,0
0.493224,0.493224,0.506409,4,0
0.488097,0.489073,0.502014,4,0
0.481504,0.483702,0.502381,4,0
0.478208,0.490172,0.496032,4,0
0.474911,0.497375,0.492126,4,0
0.474545,0.503601,0.492858,4,0
0.474301,0.5047,0.494201,4,0
0.475034,0.506776,0.49591,4,0
0.477475,0.510072,0.498352,4,0
0.477842,0.510438,0.499451,4,0
0.479795,0.50995,0.501282,4,0
0.480283,0.509828,0.502991,4,0
0.479184,0.508241,0.503968,4,0
0.479673,0.505799,0.507264,4,0
0.48065,0.505921,0.508119,4,0
0.481016,0.50409,0.511049,4,0
0.482847,0.502869,0.516298,4,0
0.482359,0.500916,0.517763,4,0
0.484068,0.495544,0.522769,4,0
0.485411,0.497253,0.528507,4,0
0.484434,0.494445,0.52692,4,0
0.485899,0.489562,0.533024,4,0
0.484678,0.493591,0.534977,4,0
0.485289,0.49237,0.536198,4,0
0.484922,0.489318,0.534977,4,0
0.486632,0.489928,0.535588,4,0
0.487975,0.488951,0.536687,4,0
0.487853,0.490172,0.534733,4,0
0.487364,0.489806,0.53339,4,0
0.48773,0.489806,0.53339,4,0
0.487242,0.489195,0.533146,4,0
0.489806,0.489562,0.5351,4,0
0.49298,0.487853,0.534977,4,0
0.493957,0.491881,0.53803,4,0
0.497253,0.493591,0.539006,4,0
0.500916,0.495788,0.535344,4,0
0.502381,0.501526,0.533146,4,0
0.503601,0.505433,0.530949,4,0
0.503724,0.507386,0.531925,4,0
0.503113,0.511659,0.5351,4,0
0.502136,0.518252,0.536442,4,1
0.500916,0.518374,0.537297,4,0
0.499573,0.51642,0.538762,4,0
0.497253,0.514345,0.538396,4,0
0.497619,0.513735,0.535222,4,0
0.497375,0.514467,0.530949,4,0
0.497619,0.511415,0.528995,4,0
0.496643,0.503724,0.526554,4,0
0.494689,0.50409,0.518862,4,0
0.495544,0.503357,0.517153,4,0
0.496643,0.494079,0.514955,4,0
0.493468,0.487364,0.507264,4,0
0.485289,0.485411,0.505433,4,0
0.482603,0.485899,0.505799,4,0
0.479062,0.49066,0.50116,4,0
0.477353,0.496032,0.499695,4,0
0.476254,0.498718,0.501282,4,0
0.476499,0.500061,0.501892,4,0
0.479184,0.503357,0.502503,4,0
0.479917,0.503724,0.502625,4,0
0.480039,0.5047,0.503601,4,0
0.480039,0.506165,0.505189,4,0
0.480772,0.504578,0.504822,4,0
0.47894,0.501282,0.508363,4,0
0.481504,0.500916,0.510805,4,0
0.482115,0.498596,0.512147,4,0
0.481992,0.496154,0.520449,4,0
0.484922,0.498596,0.522036,4,0
0.485899,0.496887,0.525088,4,0
0.485533,0.495056,0.531925,4,0
0.486387,0.496521,0.531803,4,0
0.484068,0.493835,0.534977,4,0
0.48187,0.493346,0.53803,4,0
0.481138,0.49237,0.53803,4,0
0.48065,0.490905,0.538762,4,0
0.481626,0.489195,0.537541,4,0
0.483702,0.490783,0.537663,4,0
0.485533,0.491149,0.5351,4,0
0.487242,0.49237,0.534489,4,0
0.488951,0.493468,0.532536,4,0
0.490783,0.492858,0.531193,4,0
0.492248,0.493713,0.530582,4,0
0.493346,0.497131,0.529484,4,0
0.495666,0.501526,0.52985,4,0
0.499817,0.506165,0.531803,4,0
0.503113,0.511903,0.533512,4,0
0.503846,0.516665,0.534489,4,0
0.505555,0.523013,0.537541,4,0
0.503724,0.525455,0.537541,4,0
0.502381,0.519961,0.537907,4,1
0.500916,0.516054,0.537785,4,0
0.498108,0.513857,0.535344,4,0
0.497009,0.512636,0.536076,4,0
0.49591,0.514101,0.531559,4,0
0.494689,0.508851,0.528507,4,0
0.494079,0.498352,0.526798,4,0
0.493591,0.490416,0.521182,4,0
0.489318,0.488341,0.516054,4,0
0.485899,0.487853,0.512636,4,0
0.482359,0.491149,0.506287,4,0
0.478818,0.494201,0.503846,4,0
0.477475,0.497741,0.502014,4,0
0.477719,0.502747,0.501648,4,0
0.47833,0.506287,0.502136,4,0
0.478818,0.508607,0.503113,4,0
0.480527,0.509706,0.503357,4,0
0.482359,0.510194,0.5047,4,0
0.483457,0.510194,0.505921,4,0
0.4848,0.510438,0.50702,4,0
0.486387,0.508485,0.508607,4,0
0.487364,0.508363,0.511781,4,0
0.48712,0.507264,0.511415,4,0
0.487853,0.502014,0.514711,4,0
0.487975,0.499695,0.519473,4,0
0.489562,0.498474,0.522525,4,0
0.489318,0.495666,0.52753,4,0
0.488829,0.488341,0.530582,4,0
0.487486,0.486632,0.534245,4,0
0.486265,0.486021,0.533268,4,0
0.486632,0.485045,0.536198,4,0
0.48773,0.484312,0.533512,4,0
0.48712,0.483213,0.533512,4,0
0.487242,0.484068,0.532658,4,0
0.48773,0.484678,0.532292,4,0
0.490172,0.48358,0.531803,4,0
0.492248,0.48065,0.533879,4,0
0.494445,0.480405,0.534123,4,0
0.49591,0.482847,0.533879,4,0
0.497009,0.484678,0.534001,4,0
0.499817,0.485899,0.534123,4,0
0.502136,0.488585,0.533024,4,0
0.50409,0.493346,0.532536,4,0
0.505433,0.4953,0.532902,4,0
0.50763,0.499206,0.534001,4,0
0.508973,0.500061,0.532536,4,0
0.50763,0.502381,0.532658,4,0
0.506043,0.503724,0.534855,4,0
0.503357,0.506776,0.536931,4,1
0.501404,0.506776,0.539128,4,0
0.499451,0.505799,0.541082,4,0
0.497619,0.508119,0.542425,4,0
0.497009,0.508241,0.54096,4,0
0.495178,0.505555,0.536565,4,0
0.493591,0.503113,0.53339,4,0
0.49298,0.499817,0.529239,4,0
0.491027,0.496765,0.523013,4,0
0.490172,0.493346,0.519228,4,0
0.489073,0.490172,0.515444,4,0
0.484922,0.486754,0.508119,4,0
0.482725,0.486265,0.505189,4,0
0.481016,0.488951,0.502747,4,0
0.480894,0.491881,0.50116,4,0
0.479917,0.497009,0.500061,4,0
0.479307,0.502503,0.500183,4,0
0.480283,0.506776,0.500427,4,0
0.480772,0.508729,0.501038,4,0
0.482603,0.50995,0.502014,4,0
0.48358,0.50995,0.502503,4,0
0.482115,0.509706,0.503113,4,0
0.48419,0.506287,0.505799,4,0
0.484312,0.504822,0.507752,4,0
0.484556,0.500916,0.511293,4,0
0.486143,0.498108,0.516665,4,0
0.485289,0.496032,0.519351,4,0
0.486387,0.492736,0.524478,4,0
0.487242,0.492003,0.530949,4,0
0.48651,0.489562,0.532414,4,0
0.486143,0.486998,0.536198,4,0
0.486021,0.488585,0.536687,4,0
0.48358,0.489195,0.534367,4,0
0.484434,0.487975,0.533024,4,0
0.485533,0.486632,0.534001,4,0
0.486143,0.487242,0.53339,4,0
0.48651,0.488219,0.533757,4,0
0.489073,0.48651,0.535344,4,0
0.492614,0.483824,0.536076,4,0
0.494567,0.485167,0.534489,4,0
0.496276,0.487975,0.533879,4,0
0.498474,0.487608,0.532902,4,0
0.500061,0.488951,0.532902,4,0
0.501038,0.492248,0.531681,4,0
0.502625,0.494567,0.532047,4,0
0.504456,0.497497,0.532658,4,0
0.507264,0.500305,0.532292,4,0
0.508485,0.505067,0.532536,4,0
0.508607,0.508119,0.534611,4,0
0.508851,0.507386,0.536565,4,1
0.507142,0.505555,0.538762,4,0
0.503235,0.507508,0.53925,4,0
0.501038,0.509584,0.539861,4,0
0.498962,0.509462,0.539006,4,0
0.496521,0.509095,0.537663,4,0
0.495788,0.508485,0.53571,4,0
0.496521,0.506043,0.535588,4,0
0.496398,0.505189,0.531559,4,0
0.497131,0.503113,0.528751,4,0
0.496765,0.498474,0.524356,4,0
0.495544,0.4953,0.514955,4,0
0.494201,0.48944,0.507508,4,0
0.492492,0.487242,0.502136,4,0
0.489195,0.487975,0.496032,4,0
0.487975,0.484922,0.490905,4,0
0.491027,0.483457,0.483335,1,0
0.485045,0.489806,0.483213,1,0
0.482969,0.497375,0.484312,1,0
0.48358,0.499817,0.486876,1,0
0.483702,0.499939,0.493224,1,0
0.482847,0.502136,0.498962,1,0
0.48419,0.500671,0.515322,1,0
0.486998,0.499329,0.526798,1,0
0.493713,0.476377,0.528751,1,0
0.494079,0.482359,0.539373,1,0
0.50116,0.502625,0.544866,1,0
0.505189,0.495788,0.548529,1,0
0.502869,0.477597,0.542547,1,0
0.493713,0.508119,0.508729,1,0
0.484068,0.405567,0.615065,1,0
0.497009,0.524356,0.540349,1,0
0.502625,0.518862,0.519595,1,0
0.504944,0.497497,0.517519,1,0
0.505433,0.479062,0.521304,1,0
0.506165,0.474423,0.523501,1,0
0.507142,0.4754,0.522158,1,0
0.506287,0.47894,0.520571,1,0
0.505311,0.482359,0.519717,1,0
0.505067,0.479429,0.522769,1,0
0.504578,0.481016,0.523379,1,0
0.503968,0.481992,0.522036,1,0
0.502869,0.481992,0.521304,1,0
0.500671,0.481626,0.52167,1,0
0.499573,0.480527,0.521792,1,0
0.499451,0.479429,0.521304,1,0
0.500183,0.478696,0.522036,1,0
0.501038,0.480527,0.522525,1,0
0.502381,0.483091,0.525455,1,0
0.502259,0.489928,0.527896,1,0
0.503357,0.497619,0.527896,1,0
0.50702,0.499817,0.527774,1,0
0.510316,0.496521,0.525333,1,0
0.513246,0.484556,0.522647,1,0
0.516054,0.477353,0.521792,1,0
0.515932,0.475156,0.520816,1,0
0.51227,0.477231,0.519717,1,0
0.508363,0.482237,0.51874,1,0
0.50763,0.48419,0.519595,1,0
0.505189,0.480283,0.528141,1,0
0.507508,0.49005,0.527042,1,0
0.509828,0.495422,0.524234,1,0
0.509462,0.490416,0.524234,1,0
0.508607,0.489318,0.525577,1,0
0.507508,0.489318,0.525577,1,0
0.506898,0.488829,0.523501,1,0
0.506287,0.485899,0.522891,1,0
0.507142,0.482603,0.522525,1,0
0.507874,0.481382,0.522036,1,0
0.507386,0.48187,0.522769,1,0
0.505799,0.484068,0.523135,1,0
0.505189,0.485289,0.523013,1,0
0.506043,0.485533,0.523013,1,0
0.507142,0.484434,0.524356,1,0
0.508607,0.48712,0.523623,1,0
0.50995,0.484068,0.523379,1,0
0.509828,0.482847,0.522769,1,0
0.508851,0.484068,0.522281,1,0
0.510438,0.487853,0.523746,1,0
0.513735,0.484312,0.525455,1,0
0.513002,0.486021,0.524356,1,0
0.511415,0.485289,0.524356,1,0
0.510072,0.484922,0.52399,1,0
0.508729,0.485289,0.523746,1,0
0.508607,0.485533,0.523746,1,0
0.508485,0.487975,0.523746,1,0
0.508119,0.48944,0.523868,1,0
0.50763,0.488585,0.524478,1,0
0.506898,0.487608,0.524844,1,0
0.506898,0.485899,0.525088,1,0
0.506898,0.48419,0.524356,1,0
0.506287,0.483702,0.524356,1,0
0.505067,0.483702,0.52399,1,0
0.503601,0.484434,0.522525,1,0
0.502259,0.483457,0.52167,1,0
0.502136,0.481992,0.52167,1,0
0.502503,0.483702,0.522036,1,0
0.502991,0.486021,0.522891,1,0
0.503113,0.488219,0.523379,1,0
0.503846,0.488219,0.524966,1,0
0.503601,0.490783,0.525455,1,0
0.503357,0.492248,0.525088,1,0
0.503235,0.489562,0.52399,1,0
0.503846,0.485167,0.523623,1,0
0.505799,0.482603,0.525699,1,0
0.506532,0.482481,0.524844,1,0
0.507142,0.480161,0.523623,1,0
0.50763,0.479673,0.523746,1,0
0.507508,0.480283,0.523746,1,0
0.507264,0.482115,0.52399,1,0
0.507264,0.48358,0.523868,1,0
0.507264,0.48419,0.524356,1,0
0.507264,0.484556,0.524844,1,0
0.506654,0.486632,0.524112,1,0
0.506287,0.488463,0.523013,1,0
0.505433,0.488097,0.523135,1,0
0.504578,0.486998,0.523135,1,0
0.503724,0.486632,0.522281,1,0
0.503968,0.486876,0.522891,1,0
0.504578,0.4848,0.525821,1,0
0.505555,0.480527,0.533268,1,0
0.508851,0.483457,0.538884,1,0
0.511537,0.48651,0.538274,1,0
0.504456,0.485655,0.534123,1,0
0.501404,0.4848,0.526187,1,0
0.497864,0.484434,0.521548,1,0
0.494567,0.482847,0.516298,1,0
0.490294,0.46661,0.516665,1,0
0.487242,0.466854,0.517763,1,0
0.482237,0.478086,0.515688,1,0
0.483091,0.483335,0.514345,1,0
0.482115,0.482237,0.512147,1,0
0.482603,0.479307,0.513368,1,0
0.485533,0.485289,0.511171,1,0
0.485899,0.485777,0.510316,1,0
0.48712,0.485655,0.511415,1,0
0.492126,0.485411,0.512758,1,0
0.49298,0.483091,0.512514,1,0
0.497253,0.481382,0.515566,1,0
0.502869,0.482847,0.517519,1,0
0.504212,0.481748,0.521548,1,0
0.506287,0.479062,0.523379,1,0
0.506776,0.483702,0.523379,1,0
0.508485,0.484312,0.52399,1,0
0.510682,0.483946,0.527652,1,0
0.507874,0.482481,0.525943,1,0
0.507264,0.486265,0.52692,1,0
0.504822,0.488097,0.524356,1,0
0.501892,0.488829,0.525088,1,0
0.502259,0.487364,0.526798,1,0
0.50702,0.481992,0.528385,1,0
0.508485,0.483702,0.526676,1,0
0.511293,0.481138,0.527652,1,0
0.512392,0.484922,0.524356,1,0
0.503113,0.489073,0.519106,1,0
0.49823,0.494567,0.518618,1,0
0.49237,0.496032,0.518618,1,0
0.488463,0.49298,0.520449,1,0
0.485167,0.4953,0.523623,1,0
0.481992,0.497375,0.526431,1,0
0.483091,0.495544,0.528751,1,0
0.48419,0.493468,0.528141,1,0
0.485899,0.48712,0.527286,1,0
0.486876,0.479795,0.530338,1,0
0.489562,0.49005,0.522891,1,0
0.490294,0.488829,0.523623,1,0
0.491027,0.492492,0.523501,1,0
0.491881,0.492736,0.525943,1,0
0.491637,0.492614,0.528019,1,0
0.49298,0.497497,0.527286,1,0
0.49237,0.49823,0.527774,1,0
0.492492,0.496398,0.526309,1,0
0.492492,0.494079,0.526431,1,0
0.49237,0.492492,0.526431,1,0
0.492858,0.490416,0.526187,1,0
0.493468,0.487975,0.526798,1,0
0.495544,0.492492,0.527286,1,0
0.505799,0.461726,0.537907,1,0
0.499817,0.471981,0.537053,1,0
0.489562,0.462093,0.534367,1,0
0.485655,0.476132,0.529606,1,0
0.48419,0.48651,0.524966,1,0
0.482237,0.493957,0.52167,1,0
0.48419,0.504212,0.518008,1,0
0.481992,0.507997,0.520571,1,0
0.483335,0.512147,0.517641,1,0
0.482237,0.515322,0.511293,1,0
0.481504,0.513857,0.514955,1,0
0.482115,0.510072,0.511903,1,0
0.480283,0.507997,0.511659,1,0
0.479184,0.50702,0.510438,1,0
0.47894,0.50116,0.511659,1,0
0.478696,0.499451,0.511659,1,0
0.476621,0.503235,0.508485,1,0
0.477353,0.505067,0.50702,1,0
0.479673,0.505433,0.505921,1,0
0.479795,0.505555,0.502991,1,0
0.483335,0.499329,0.504578,1,0
0.486754,0.494323,0.514833,1,0
0.481382,0.489318,0.505433,1,0
0.479062,0.501282,0.500794,1,0
0.47894,0.49237,0.502259,1,0
0.475888,0.485533,0.505311,1,0
0.476499,0.48126,0.509462,1,0
0.477597,0.474179,0.516665,1,0
0.478452,0.4848,0.513124,1,0
0.484556,0.480527,0.519351,1,0
0.486387,0.48651,0.524478,1,0
0.489318,0.488829,0.53046,1,0
0.492003,0.483091,0.532169,1,0
0.492736,0.48712,0.528873,1,0
0.498718,0.4754,0.527408,1,0
0.489073,0.45318,0.56672,1,0
0.499573,0.500061,0.546453,1,0
0.499206,0.502869,0.522647,1,0
0.500183,0.493835,0.521182,1,0
0.500183,0.491881,0.522769,1,0
0.501526,0.492492,0.522647,1,0
0.503113,0.491027,0.522769,1,0
0.505189,0.488585,0.522769,1,0
0.508973,0.483946,0.53046,1,0
0.507386,0.494445,0.533879,1,0
0.505921,0.497253,0.524356,1,0
0.505677,0.49298,0.522281,1,0
0.503846,0.492126,0.525821,1,0
0.50409,0.493224,0.527408,1,0
0.5047,0.494567,0.527652,1,0
0.505677,0.491881,0.527408,1,0
0.505555,0.49005,0.52753,1,0
0.504334,0.490783,0.526187,1,0
0.504334,0.488097,0.526676,1,0
0.504212,0.48419,0.525943,1,0
0.504456,0.482603,0.525211,1,0
0.504212,0.485411,0.5246,1,0
0.50409,0.488585,0.524966,1,0
0.504578,0.489073,0.526554,1,0
0.505067,0.488829,0.52692,1,0
0.504822,0.489195,0.525943,1,0
0.5047,0.48944,0.525455,1,0
0.504456,0.488707,0.525943,1,0
0.504578,0.488341,0.526309,1,0
0.504334,0.488341,0.526309,1,0
0.504334,0.48944,0.525821,1,0
0.50409,0.489195,0.525821,1,0
0.503968,0.487975,0.525699,1,0
0.503479,0.489806,0.525577,1,0
0.502869,0.488951,0.524844,1,0
0.503113,0.487608,0.525699,1,0
0.50409,0.488097,0.525821,1,0
0.5047,0.489073,0.525577,1,0
0.5047,0.488829,0.525943,1,0
0.504456,0.488707,0.525821,1,0
0.504334,0.488951,0.525821,1,0
0.50409,0.489562,0.525943,1,0
0.503968,0.48944,0.525699,1,0
0.503968,0.48944,0.525943,1,0
0.503968,0.489073,0.526187,1,0
0.504212,0.489195,0.525699,1,0
0.504334,0.489195,0.526065,1,0
0.503968,0.488951,0.525943,1,0
0.504212,0.489073,0.526065,1,0
0.504212,0.48944,0.525943,1,0
0.503968,0.489318,0.525943,1,0
0.503724,0.48944,0.526187,1,0
0.503846,0.489562,0.526187,1,0
0.50409,0.489318,0.525821,1,0
0.50409,0.489073,0.525943,1,0
0.503968,0.489073,0.526065,1,0
0.503968,0.489195,0.526065,1,0
0.50409,0.488829,0.526187,1,0
0.504212,0.489318,0.525943,1,0
0.504212,0.48944,0.525943,1,0
0.504212,0.489195,0.525699,1,0
0.50409,0.489073,0.526065,1,0
0.50409,0.489195,0.526187,1,0
0.503846,0.489318,0.525943,1,0
0.503357,0.489195,0.526309,1,0
0.503357,0.48944,0.526065,1,0
0.503357,0.489318,0.526187,1,0
0.504212,0.488951,0.525943,1,0
0.504212,0.489684,0.526187,1,0
0.504822,0.48944,0.526187,1,0
0.504334,0.48944,0.525943,1,0
0.503601,0.489073,0.526187,1,0
0.502869,0.489562,0.526309,1,0
0.503113,0.489562,0.526187,1,0
0.503235,0.489073,0.526431,1,0
0.503235,0.488829,0.526065,1,0
0.503601,0.488341,0.525821,1,0
0.504212,0.489073,0.525943,1,0
0.504456,0.489318,0.526187,1,0
0.5047,0.489684,0.526187,1,0
0.504456,0.489806,0.526065,1,0
0.504456,0.489562,0.525821,1,0
0.504334,0.489562,0.525699,1,0
0.504212,0.48944,0.526187,1,0
0.504334,0.489195,0.525943,1,0
0.504212,0.489195,0.526187,1,0
0.504334,0.489562,0.525943,1,0
0.504212,0.489562,0.526309,1,0
0.50409,0.489684,0.526187,1,0
0.50409,0.489684,0.526187,1,0
0.504212,0.489684,0.526309,1,0
0.504456,0.489806,0.525943,1,0
0.504456,0.489684,0.526187,1,0
0.504456,0.489684,0.526065,1,0
0.50409,0.48944,0.526187,1,0
0.50409,0.489562,0.525943,1,0
0.50409,0.489562,0.526065,1,0
0.504456,0.48944,0.525943,1,0
0.504212,0.48944,0.526065,1,0
0.504212,0.48944,0.526065,1,0
0.50409,0.48944,0.525943,1,0
0.504212,0.489562,0.526309,1,0
0.504212,0.48944,0.526187,1,0
0.503968,0.48944,0.526065,1,0
0.50409,0.489562,0.526187,1,0
0.503968,0.489318,0.526187,1,0
0.50409,0.489562,0.526065,1,0
0.503968,0.489684,0.526065,1,0
0.50409,0.48944,0.526309,1,0
0.503846,0.489318,0.525943,1,0
0.503724,0.48944,0.526187,1,0
0.503968,0.489318,0.526187,1,0
0.503968,0.48944,0.525943,1,0
0.503846,0.48944,0.526065,1,0
0.503846,0.489318,0.526187,1,0
0.503724,0.48944,0.526065,1,0
0.503968,0.48944,0.525943,1,0
0.503846,0.489318,0.526187,1,0
0.503724,0.489562,0.526065,1,0
0.503846,0.489318,0.526187,1,0
0.503724,0.489318,0.526187,1,0
0.503968,0.489684,0.526187,1,0
0.503724,0.489562,0.525943,1,0
0.503846,0.48944,0.526065,1,0
0.503724,0.489684,0.526065,1,0
0.503846,0.48944,0.526065,1,0
0.503846,0.489318,0.526187,1,0
0.503846,0.48944,0.526187,1,0