0.491027,0.469784,0.496276,1,0
0.491027,0.469662,0.496276,1,0
0.490905,0.469784,0.496765,1,0
0.491149,0.469662,0.496521,1,0
0.491027,0.469662,0.496643,1,0
0.491027,0.469662,0.496398,1,0
0.49066,0.46954,0.496276,1,0
0.490416,0.469662,0.496276,1,0
0.490538,0.46954,0.496154,1,0
0.490538,0.469662,0.496154,1,0
0.490416,0.469906,0.496032,1,0
0.49005,0.470028,0.496032,1,0
0.49005,0.470272,0.496276,1,0
0.489806,0.47015,0.496276,1,0
0.48944,0.470394,0.49591,1,0
0.48944,0.46954,0.495788,1,0
0.489073,0.469051,0.4953,1,0
0.488219,0.469784,0.494933,1,0
0.486876,0.47015,0.494201,1,0
0.486632,0.468929,0.493468,1,0
0.487486,0.469051,0.493468,1,0
0.487975,0.469906,0.493102,1,0
0.488585,0.470394,0.492614,1,0
0.489195,0.471371,0.492614,1,0
0.489928,0.471737,0.49237,1,0
0.49005,0.471981,0.492248,1,0
0.490294,0.474179,0.492858,1,0
0.49005,0.474179,0.493102,1,0
0.489684,0.473569,0.493468,1,0
0.489562,0.472958,0.493468,1,0
0.488585,0.472226,0.493468,1,0
0.488219,0.471737,0.493468,1,0
0.487486,0.471493,0.493346,1,0
0.486876,0.471249,0.493346,1,0
0.48651,0.471371,0.493346,1,0
0.486265,0.470639,0.493468,1,0
0.486265,0.470883,0.49298,1,0
0.486387,0.471005,0.492858,1,0
0.486387,0.471371,0.492858,1,0
0.486754,0.471249,0.492614,1,0
0.486998,0.471249,0.492736,1,0
0.487242,0.471371,0.492614,1,0
0.487486,0.471859,0.492492,1,0
0.487853,0.471737,0.492492,1,0
0.487853,0.471737,0.492492,1,0
0.487975,0.471859,0.492492,1,0
0.488097,0.471859,0.492492,1,0
0.487975,0.471615,0.492736,1,0
0.487853,0.471737,0.492492,1,0
0.48773,0.471737,0.492736,1,0
0.48773,0.471493,0.492736,1,0
0.487486,0.471493,0.492614,1,0
0.487486,0.471371,0.492736,1,0
0.487364,0.471249,0.492614,1,0
0.487242,0.471249,0.49237,1,0
0.487364,0.471493,0.492492,1,0
0.487364,0.471493,0.49237,1,0
0.487486,0.471493,0.492492,1,0
0.487608,0.471493,0.492248,1,0
0.48773,0.471859,0.492248,1,0
0.487608,0.471737,0.492248,1,0
0.487608,0.471737,0.492248,1,0
0.487486,0.471859,0.492492,1,0
0.487608,0.471737,0.49237,1,0
0.487608,0.471493,0.492492,1,0
0.487608,0.471615,0.492248,1,0
0.48773,0.471493,0.49237,1,0
0.48773,0.471493,0.492492,1,0
0.48773,0.471859,0.492248,1,0
0.487608,0.471371,0.49237,1,0
0.487486,0.471249,0.49237,1,0
0.487608,0.471371,0.492492,1,0
0.487608,0.471493,0.492492,1,0
0.487486,0.471371,0.492614,1,0
0.487608,0.471493,0.492736,1,0
0.487486,0.471493,0.492492,1,0
0.487486,0.471737,0.492248,1,0
0.487486,0.471737,0.49237,1,0
0.487608,0.471737,0.49237,1,0
0.48773,0.471493,0.49237,1,0
0.48773,0.471615,0.49237,1,0
0.487608,0.471737,0.49237,1,0
0.48773,0.471615,0.492248,1,0
0.487608,0.471249,0.49237,1,0
0.487608,0.471615,0.49237,1,0
0.48773,0.471371,0.492492,1,0
0.48773,0.471615,0.492614,1,0
0.487486,0.471737,0.492492,1,0
0.487608,0.471737,0.492614,1,0
0.487608,0.471615,0.492614,1,0
0.48773,0.471493,0.492492,1,0
0.487853,0.471493,0.492492,1,0
0.487853,0.471493,0.49237,1,0
0.48773,0.471737,0.492492,1,0
0.48773,0.471249,0.492492,1,0
0.487608,0.471493,0.49237,1,0
0.487608,0.471493,0.49237,1,0
0.487853,0.471493,0.492248,1,0
0.487853,0.471371,0.49237,1,0
0.487853,0.471493,0.49237,1,0
0.487853,0.471371,0.492736,1,0
0.487853,0.471371,0.492614,1,0
0.48773,0.471493,0.49237,1,0
0.48773,0.471371,0.492492,1,0
0.487853,0.471493,0.492248,1,0
0.487853,0.471371,0.49237,1,0
0.487853,0.471371,0.492248,1,0
0.48773,0.471493,0.492492,1,0
0.487975,0.471615,0.49237,1,0
0.487853,0.471615,0.492492,1,0
0.487975,0.471615,0.492492,1,0
0.487853,0.471615,0.49237,1,0
0.487975,0.471493,0.492248,1,0
0.487853,0.471493,0.492248,1,0
0.487608,0.471493,0.492126,1,0
0.48773,0.471371,0.492248,1,0
0.48773,0.471493,0.492248,1,0
0.48773,0.471493,0.492126,1,0
0.48773,0.471615,0.49237,1,0
0.487853,0.471371,0.492248,1,0
0.487853,0.471493,0.492248,1,0
0.487608,0.471493,0.492248,1,0
0.487975,0.471493,0.49237,1,0
0.487975,0.471371,0.492248,1,0
0.487853,0.471371,0.492126,1,0
0.487975,0.471615,0.492126,1,0
0.487975,0.471615,0.492126,1,0
0.487853,0.471615,0.492126,1,0
0.488097,0.471615,0.492248,1,0
0.487975,0.471615,0.492126,1,0
0.488097,0.471615,0.492248,1,0
0.487853,0.471371,0.49237,1,0
0.487608,0.471493,0.492248,1,0
0.487853,0.471127,0.492492,1,0
0.487853,0.471249,0.492248,1,0
0.487608,0.471371,0.492248,1,0
0.487608,0.471127,0.492248,1,0
0.48773,0.471127,0.492126,1,0
0.487853,0.471493,0.492003,1,0
0.487853,0.471615,0.492003,1,0
0.487853,0.471737,0.492003,1,0
0.487853,0.471859,0.492003,1,0
0.48773,0.471859,0.492126,1,0
0.488097,0.471737,0.492126,1,0
0.487853,0.471737,0.491759,1,0
0.487975,0.471493,0.491881,1,0
0.48773,0.471615,0.492126,1,0
0.48773,0.471737,0.492003,1,0
0.487608,0.471493,0.492248,1,0
0.487853,0.471371,0.492126,1,0
0.487608,0.471493,0.492003,1,0
0.48773,0.471493,0.492003,1,0
0.487608,0.471371,0.491881,1,0
0.48773,0.471127,0.492003,1,0
0.487853,0.471615,0.491637,1,0
0.48773,0.471737,0.491759,1,0
0.48773,0.471737,0.491881,1,0
0.48773,0.471859,0.492003,1,0
0.48773,0.471859,0.491881,1,0
0.48773,0.471737,0.492003,1,0
0.48773,0.471737,0.491759,1,0
0.48773,0.471615,0.491881,1,0
0.487853,0.471737,0.492003,1,0
0.487853,0.471737,0.491881,1,0
0.48773,0.471615,0.491881,1,0
0.487608,0.471615,0.492126,1,0
0.48773,0.471493,0.492003,1,0
0.487853,0.471615,0.491881,1,0
0.48773,0.471615,0.492003,1,0
0.487853,0.471737,0.492003,1,0
0.487608,0.471737,0.491759,1,0
0.487608,0.471615,0.491881,1,0
0.48773,0.471615,0.491881,1,0
0.487608,0.471737,0.491759,1,0
0.48773,0.471859,0.491881,1,0
0.487608,0.471737,0.492003,1,0
0.487608,0.471737,0.491881,1,0
0.487486,0.471493,0.492126,1,0
0.48773,0.471493,0.491881,1,0
0.487608,0.471615,0.492003,1,0
0.487608,0.471981,0.492003,1,0
0.487486,0.471615,0.491881,1,0
0.487608,0.471737,0.492003,1,0
0.48773,0.471615,0.491881,1,0
0.487608,0.471615,0.491637,1,0
0.487608,0.471737,0.491881,1,0
0.487608,0.471737,0.491881,1,0
0.487486,0.471615,0.491881,1,0
0.487608,0.471615,0.491881,1,0
0.487608,0.471493,0.492126,1,0
0.487486,0.471615,0.492003,1,0
0.48773,0.471615,0.492126,1,0
0.487608,0.471249,0.492126,0,0
0.487853,0.471371,0.492003,0,0
0.487853,0.471737,0.492003,0,0
0.487853,0.471737,0.492003,0,0
0.487975,0.471859,0.492126,0,0
0.487853,0.471859,0.492126,0,0
0.487853,0.471493,0.492126,0,0
0.487364,0.471615,0.491881,0,0
0.485777,0.471737,0.492248,0,0
0.484922,0.471127,0.49237,0,0
0.484434,0.46954,0.492614,0,0
0.484312,0.46954,0.492736,0,0
0.483702,0.469906,0.494811,0,0
0.484312,0.472226,0.495178,0,0
0.482359,0.467831,0.497131,0,0
0.480283,0.468441,0.499206,0,0
0.481992,0.47894,0.499817,0,0
0.47833,0.472836,0.504212,1,0
0.475034,0.474789,0.507264,1,0
0.475644,0.491393,0.509095,1,0
0.476377,0.490172,0.509217,1,0
0.479795,0.484556,0.515688,1,0
0.48187,0.481138,0.516054,1,0
0.485167,0.483091,0.515078,1,0
0.487853,0.478452,0.517031,1,0
0.491149,0.482359,0.518374,1,0
0.495422,0.485289,0.520693,1,0
0.499695,0.479795,0.523868,1,0
0.501038,0.484434,0.523379,1,0
0.50116,0.488463,0.523135,1,0
0.502747,0.488829,0.525088,1,0
0.503113,0.489195,0.525088,1,0
0.503724,0.492858,0.525211,1,0
0.503846,0.494201,0.52692,1,0
0.503479,0.49591,0.527286,1,0
0.502747,0.496887,0.528629,1,0
0.501404,0.497619,0.530338,1,0
0.500183,0.498108,0.530216,1,0
0.499206,0.497619,0.529606,1,0
0.497986,0.496398,0.528141,1,0
0.496276,0.496154,0.527286,1,0
0.496643,0.496398,0.526554,1,0
0.497741,0.494689,0.530827,1,0
0.502136,0.499084,0.532414,1,0
0.510805,0.485899,0.539373,1,0
0.51288,0.484068,0.533146,1,0
0.520083,0.476377,0.536809,1,0
0.516665,0.482725,0.528141,1,0
0.505189,0.48773,0.516298,1,0
0.494201,0.494079,0.510316,1,0
0.489684,0.500549,0.511903,1,0
0.484678,0.506898,0.512758,1,0
0.47833,0.504578,0.510438,1,0
0.47601,0.496887,0.510805,1,0
0.473691,0.485289,0.50702,1,0
0.473569,0.481748,0.509828,1,0
0.471249,0.465755,0.512514,1,0
0.46954,0.458064,0.506409,1,0
0.468685,0.459285,0.506043,1,0
0.468075,0.465999,0.50177,1,0
0.470028,0.469784,0.500427,1,0
0.471859,0.473935,0.495788,1,0
0.473569,0.479795,0.495544,1,0
0.475034,0.483091,0.493468,1,0
0.476132,0.487242,0.492858,1,0
0.476743,0.489928,0.492492,1,0
0.477475,0.490294,0.492858,1,0
0.478086,0.490416,0.492492,1,0
0.478452,0.489195,0.494079,1,0
0.47894,0.490905,0.494689,1,0
0.479429,0.48944,0.49591,1,0
0.478086,0.487242,0.497864,1,0
0.47601,0.485411,0.499451,1,0
0.472836,0.486021,0.500549,1,0
0.470639,0.485533,0.501648,1,0
0.470028,0.485289,0.501038,1,0
0.469906,0.48651,0.500183,1,0
0.469906,0.486387,0.497986,1,0
0.470028,0.487364,0.497253,1,0
0.470516,0.486876,0.497131,1,0
0.471005,0.488341,0.496887,1,0
0.471493,0.489073,0.496765,1,0
0.471981,0.489928,0.496765,1,0
0.473569,0.489806,0.497497,1,0
0.473446,0.487608,0.496521,1,0
0.474057,0.488097,0.495788,1,0
0.474057,0.487364,0.495178,1,0
0.474301,0.486265,0.495056,1,0
0.474423,0.485289,0.494079,1,0
0.474545,0.48419,0.493468,1,0
0.473935,0.483702,0.494079,1,0
0.47308,0.483946,0.494201,1,0
0.471859,0.484556,0.494689,1,0
0.471493,0.484312,0.495544,1,0
0.471127,0.48419,0.496032,1,0
0.471859,0.484678,0.494933,1,0
0.472348,0.485411,0.494079,1,0
0.472714,0.485289,0.493835,1,0
0.472714,0.485655,0.493591,1,0
0.472592,0.486265,0.493346,1,0
0.472348,0.486265,0.493957,1,0
0.472226,0.485899,0.494445,1,0
0.472226,0.486265,0.494689,1,0
0.472226,0.486021,0.4953,1,0
0.472104,0.48712,0.494689,1,0
0.472348,0.48712,0.494811,1,0
0.472104,0.48773,0.494811,1,0
0.471981,0.487364,0.494445,1,0
0.472104,0.48712,0.494079,1,0
0.472104,0.487486,0.493835,1,0
0.472226,0.486754,0.494201,1,0
0.472348,0.48651,0.494567,1,0
0.472104,0.486632,0.494445,1,0
0.472226,0.485899,0.494567,1,0
0.472226,0.486265,0.494811,1,0
0.472348,0.486387,0.495056,1,0
0.472592,0.486387,0.494933,1,0
0.472592,0.486632,0.495056,1,0
0.472348,0.486632,0.494811,1,0
0.472592,0.486632,0.494811,1,0
0.47247,0.486876,0.494567,1,0
0.472104,0.48712,0.494689,1,0
0.472226,0.486998,0.494689,1,0
0.472104,0.487364,0.494445,1,0
0.472104,0.486998,0.494323,1,0
0.472104,0.486876,0.494689,1,0
0.472226,0.487242,0.495178,1,0
0.472348,0.486265,0.495056,1,0
0.472226,0.485167,0.494811,1,0
0.472104,0.485655,0.494689,1,0
0.472226,0.485533,0.494323,1,0
0.472348,0.486143,0.494323,1,0
0.47247,0.486143,0.494567,1,0
0.472592,0.48651,0.494689,1,0
0.472592,0.486387,0.494567,1,0
0.47247,0.486754,0.494689,1,0
0.472348,0.486387,0.494567,1,0
0.472592,0.48651,0.494201,1,0
0.472348,0.486754,0.494323,1,0
0.472348,0.486632,0.494201,1,0
0.472226,0.48651,0.493957,1,0
0.472226,0.486387,0.494201,1,0
0.472104,0.48651,0.493957,1,0
0.472104,0.48651,0.494201,1,0
0.472226,0.48651,0.494201,1,0
0.472226,0.486632,0.494201,1,0
0.472348,0.487242,0.494201,1,0
0.47247,0.487364,0.494323,1,0
0.472348,0.487486,0.493835,1,0
0.472226,0.486632,0.493835,1,0
0.472348,0.486265,0.493835,1,0
0.472226,0.486265,0.493835,1,0
0.472104,0.486387,0.493835,1,0
0.472226,0.48651,0.493713,1,0
0.472226,0.48651,0.493346,1,0
0.472104,0.48651,0.493713,1,0
0.472226,0.486876,0.493591,1,0
0.472348,0.486876,0.493713,1,0
0.47247,0.486754,0.493346,1,0
0.47247,0.486754,0.493591,1,0
0.47247,0.48651,0.493713,1,0
0.472592,0.486876,0.493346,1,0
0.472226,0.486754,0.493346,1,0
0.47247,0.486632,0.493713,1,0
0.472348,0.48651,0.493224,1,0
0.472348,0.48651,0.493468,1,0
0.472348,0.486387,0.493346,1,0
0.472226,0.486265,0.493346,1,0
0.472714,0.486143,0.492858,1,0
0.47247,0.486021,0.49298,1,0
0.47247,0.486265,0.493102,1,0
0.472348,0.486632,0.493102,1,0
0.47247,0.486632,0.493468,1,0
0.47247,0.486998,0.493346,1,0
0.472348,0.48712,0.493346,1,0
0.471981,0.486998,0.493102,1,0
0.471981,0.48651,0.493468,1,0
0.472104,0.486387,0.493468,1,0
0.471981,0.486632,0.492858,1,0
0.472348,0.48651,0.493102,1,0
0.47247,0.48712,0.493224,1,0
0.472714,0.487364,0.49298,1,0
0.472836,0.487853,0.493957,1,0
0.472714,0.486876,0.493957,1,0
0.473324,0.487853,0.493591,1,0
0.47308,0.486876,0.493346,1,0
0.472958,0.486143,0.49298,1,0
0.472836,0.485411,0.492736,1,0
0.472958,0.485899,0.492736,1,0
0.47308,0.486265,0.49298,1,0
0.473813,0.486876,0.49298,1,0
0.474667,0.487242,0.49298,1,0
0.476377,0.488097,0.492126,1,0
0.476743,0.48651,0.490783,1,0
0.476987,0.486021,0.489318,1,0
0.477109,0.48419,0.489318,1,0
0.477353,0.485533,0.488829,1,0
0.47833,0.489562,0.487242,1,0
0.479184,0.494567,0.485411,1,0
0.48187,0.493346,0.484556,1,0
0.483702,0.485899,0.483457,1,0
0.484922,0.483335,0.480039,1,0
0.485777,0.483824,0.476865,1,0
0.48712,0.48065,0.473691,1,0
0.486998,0.47894,0.472104,1,0
0.486876,0.478818,0.470028,1,0
0.48773,0.479062,0.470272,1,0
0.488097,0.478574,0.470028,1,0
0.488341,0.479307,0.469662,1,0
0.489073,0.478208,0.469296,1,0
0.489318,0.47833,0.468929,1,0
0.488463,0.478086,0.468685,1,0
0.48773,0.478452,0.468685,1,0
0.485899,0.477597,0.468441,1,0
0.483091,0.476865,0.467708,1,0
0.476499,0.476254,0.465023,1,0
0.462581,0.468319,0.461604,1,0
0.451349,0.465267,0.455134,1,0
0.444512,0.46136,0.449518,1,0
0.451837,0.455256,0.447198,1,1
0.466121,0.460017,0.448785,1,0
0.479795,0.466976,0.45489,1,0
0.491637,0.472104,0.461726,1,0
0.501892,0.477475,0.470639,1,0
0.508363,0.48712,0.479184,1,0
0.511537,0.497131,0.486998,1,0
0.510682,0.501282,0.493346,1,0
0.507264,0.500671,0.500427,1,0
0.503235,0.504212,0.503235,1,0
0.498108,0.506898,0.506654,1,0
0.492858,0.507752,0.510927,1,0
0.489562,0.508119,0.514223,1,0
0.488341,0.510072,0.514223,1,0
0.486387,0.507997,0.51288,1,0
0.484434,0.504822,0.51056,1,0
0.485289,0.502503,0.508119,1,0
0.482969,0.502381,0.503724,1,0
0.479551,0.496887,0.50116,1,0
0.482115,0.491759,0.500183,1,0
0.480039,0.492248,0.494445,1,0
0.477842,0.485777,0.493713,1,0
0.479307,0.482603,0.491515,1,0
0.478208,0.485045,0.486387,1,0
0.477353,0.479307,0.485655,1,0
0.481382,0.480894,0.482237,1,0
0.481504,0.483335,0.478086,1,0
0.484434,0.480772,0.476499,1,0
0.484434,0.476621,0.476621,1,0
0.484678,0.47894,0.472714,1,0
0.485045,0.472836,0.471981,1,0
0.48773,0.468319,0.46954,1,0
0.491515,0.468319,0.468929,1,0
0.494079,0.469173,0.468563,1,0
0.496276,0.468807,0.469173,1,0
0.498352,0.471859,0.467953,1,0
0.497864,0.470639,0.467098,1,0
0.4953,0.469784,0.465999,1,0
0.495178,0.472958,0.463924,1,0
0.4953,0.474057,0.463313,1,0
0.495056,0.474789,0.464656,1,0
0.495788,0.476621,0.466854,1,0
0.495788,0.47601,0.469296,1,0
0.497497,0.479184,0.469662,1,0
0.496276,0.480039,0.469051,1,0
0.493346,0.474911,0.470639,1,0
0.488707,0.471371,0.468319,1,0
0.48065,0.463191,0.463558,1,0
0.471859,0.445367,0.453547,1,1
0.470272,0.42449,0.442315,1,0
0.479307,0.419119,0.440972,1,0
0.489806,0.431815,0.441704,1,0
0.497253,0.44146,0.448419,1,0
0.502014,0.465145,0.451227,1,0
0.502259,0.477719,0.462703,1,0
0.505799,0.490172,0.471859,1,0
0.507752,0.494201,0.484556,1,0
0.513246,0.505433,0.491149,1,0
0.514467,0.50934,0.497986,1,0
0.512147,0.508119,0.504578,1,0
0.507997,0.509706,0.507386,1,0
0.504334,0.511293,0.509828,1,0
0.498474,0.51288,0.513246,1,0
0.493346,0.514589,0.513979,1,0
0.488585,0.513979,0.514833,1,0
0.484556,0.513002,0.513246,1,0
0.482481,0.509828,0.50995,1,0
0.481504,0.506654,0.506776,1,0
0.483335,0.503235,0.503479,1,0
0.479184,0.502136,0.497619,1,0
0.475644,0.498596,0.496887,1,0
0.477842,0.493346,0.496765,1,0
0.476865,0.492492,0.492736,1,0
0.474789,0.488951,0.492003,1,0
0.478208,0.484556,0.492003,1,0
0.47833,0.486265,0.488951,1,0
0.479673,0.485045,0.486876,1,0
0.48187,0.480772,0.485533,1,0
0.480772,0.485899,0.480161,1,0
0.479184,0.478818,0.478818,1,0
0.482237,0.474057,0.477842,1,0
0.483946,0.47894,0.471493,1,0
0.485045,0.470883,0.469784,1,0
0.48651,0.464046,0.469296,1,0
0.489806,0.469418,0.466976,1,0
0.490294,0.468929,0.466488,1,0
0.49066,0.467831,0.468685,1,0
0.49298,0.471615,0.468563,1,0
0.495056,0.474545,0.469296,1,0
0.497741,0.475034,0.469173,1,0
0.498474,0.473691,0.468807,1,0
0.497375,0.47308,0.467831,1,0
0.493835,0.469296,0.467953,1,0
0.49005,0.46722,0.466121,1,0
0.483824,0.467708,0.462703,1,0
0.476499,0.465877,0.45782,1,0
0.467464,0.464046,0.448297,1,0
0.46136,0.453058,0.444634,1,1
0.467464,0.460505,0.431205,1,0
0.480527,0.455866,0.428275,1,0
0.49237,0.460139,0.426444,1,0
0.501648,0.465023,0.427176,1,0
0.506776,0.466854,0.437309,1,0
0.511659,0.476621,0.45025,1,0
0.514833,0.483824,0.465999,1,0
0.518374,0.499206,0.479795,1,0
0.517641,0.506654,0.492614,1,0
0.515444,0.512636,0.503113,1,0
0.51227,0.514101,0.510805,1,0
0.507874,0.51581,0.514589,1,0
0.500671,0.513735,0.516787,1,0
0.496154,0.512514,0.516909,1,0
0.493224,0.509584,0.515078,1,0
0.49066,0.507264,0.511903,1,0
0.489684,0.504334,0.508241,1,0
0.487608,0.500061,0.505677,1,0
0.486021,0.497375,0.502014,1,0
0.483213,0.493591,0.496887,1,0
0.483091,0.490294,0.4953,1,0
0.486876,0.489684,0.489806,1,0
0.484556,0.486021,0.489928,1,0
0.48126,0.491271,0.477109,1,0
0.477231,0.476132,0.480039,1,0
0.479429,0.48419,0.472104,1,0
0.479551,0.485289,0.468929,1,0
0.480161,0.478574,0.469296,1,0
0.486143,0.484312,0.464412,1,0
0.490172,0.481992,0.461116,1,0
0.493102,0.479184,0.46075,1,0
0.493957,0.476254,0.46136,1,0
0.493957,0.477597,0.460383,1,0
0.491515,0.479551,0.459285,1,0
0.492126,0.478208,0.458674,1,0
0.493224,0.47894,0.459651,1,0
0.496032,0.480894,0.459163,1,0
0.497253,0.478696,0.460628,1,0
0.498596,0.480161,0.46197,1,0
0.500183,0.483335,0.462703,1,0
0.500427,0.486143,0.46197,1,0
0.499206,0.487242,0.462581,1,0
0.497986,0.490905,0.462093,1,0
0.497375,0.487608,0.463558,1,0
0.496032,0.479917,0.461482,1,0
0.487975,0.477109,0.454035,1,0
0.477109,0.469784,0.435722,1,0
0.472592,0.45843,0.417531,1,1
0.479429,0.452692,0.405079,1,0
0.49298,0.451349,0.40984,1,0
0.507264,0.463069,0.419363,1,0
0.519473,0.467953,0.431937,1,0
0.529972,0.482481,0.447809,1,0
0.532658,0.490783,0.464534,1,0
0.530949,0.502014,0.476743,1,0
0.528385,0.506043,0.489684,1,0
0.525577,0.50763,0.499695,1,0
0.521304,0.513857,0.509706,1,0
0.514345,0.515444,0.51813,1,0
0.505433,0.515444,0.519106,1,0
0.495178,0.509706,0.516543,1,0
0.489195,0.500671,0.512392,1,0
0.485655,0.496521,0.505799,1,0
0.482359,0.494689,0.500183,1,0
0.477964,0.491271,0.501038,1,0
0.476621,0.490172,0.500183,1,0
0.473324,0.492003,0.496398,1,0
0.471615,0.486021,0.494933,1,0
0.471981,0.486143,0.492858,1,0
0.472226,0.487242,0.490538,1,0
0.473202,0.485777,0.488463,1,0
0.475278,0.489318,0.484312,1,0
0.474545,0.483091,0.483702,1,0
0.476132,0.483457,0.482359,1,0
0.478208,0.486021,0.479673,1,0
0.478086,0.48187,0.479551,1,0
0.478452,0.479673,0.478452,1,0
0.480405,0.482481,0.476621,1,0
0.480039,0.476621,0.477475,1,0
0.48126,0.477353,0.477353,1,0
0.482847,0.478452,0.47601,1,0
0.48712,0.480894,0.473935,1,0
0.491393,0.483946,0.471737,1,0
0.492248,0.485899,0.468197,1,0
0.494811,0.4848,0.466732,1,0
0.494323,0.486143,0.464412,1,0
0.490416,0.485777,0.460994,1,0
0.484678,0.476865,0.458552,1,0
0.478574,0.472958,0.449762,1,0
0.469173,0.457453,0.443413,1,0
0.459407,0.44964,0.432426,1,0
0.455012,0.440728,0.422537,1,0
0.461726,0.433891,0.419241,1,0
0.478818,0.445123,0.419851,1,0
0.496521,0.45489,0.426688,1,0
0.513002,0.474667,0.43499,1,0
0.525088,0.486632,0.448541,1,0
0.528141,0.493224,0.465511,1,1
0.526676,0.5047,0.481626,1,0
0.52399,0.512392,0.493713,1,0
0.519717,0.510805,0.504334,1,0
0.513735,0.509584,0.508363,1,0
0.506165,0.510682,0.511537,1,0
0.499939,0.509462,0.515566,1,0
0.493835,0.507874,0.519961,1,0
0.490172,0.509095,0.519351,1,0
0.488707,0.50763,0.519473,1,0
0.48712,0.505555,0.516665,1,0
0.48419,0.503235,0.513124,1,0
0.48187,0.500916,0.508851,1,0
0.479307,0.496887,0.504456,1,0
0.477353,0.492858,0.500305,1,0
0.473446,0.488585,0.498962,1,0
0.472104,0.489195,0.496276,1,0
0.470394,0.487364,0.494689,1,0
0.473202,0.486143,0.494201,1,0
0.473446,0.488097,0.49237,1,0
0.474911,0.489928,0.491027,1,0
0.475156,0.487486,0.489684,1,0
0.4754,0.486265,0.487975,1,0
0.476377,0.484312,0.48712,1,0
0.478696,0.484434,0.485167,1,0
0.482359,0.485045,0.482237,1,0
0.485533,0.476254,0.485655,1,0
0.488829,0.483824,0.481626,1,0
0.488097,0.477597,0.479429,1,0
0.489684,0.475522,0.476865,1,0
0.488097,0.483946,0.468929,1,0
0.484312,0.473691,0.469418,1,0
0.4848,0.474423,0.467708,1,0
0.485289,0.48126,0.460994,1,0
0.486021,0.472836,0.459407,1,0
0.487486,0.465389,0.459407,1,0
0.489318,0.470516,0.456477,1,0
0.489928,0.472348,0.458674,1,0
0.490416,0.474667,0.461726,1,0
0.491759,0.478086,0.464656,1,0
0.492858,0.477475,0.469051,1,0
0.493346,0.480894,0.470272,1,0
0.489318,0.47601,0.471005,1,0
0.476621,0.465023,0.469784,1,0
0.463313,0.472714,0.452204,1,0
0.449762,0.452204,0.432182,1,0
0.461848,0.435478,0.415822,1,0
0.47894,0.449274,0.409962,1,0
0.500671,0.454157,0.419119,1,0
0.5152,0.461116,0.432304,1,1
0.527286,0.477231,0.44671,1,0
0.535832,0.482359,0.464534,1,0
0.535222,0.489684,0.479673,1,0
0.52753,0.496032,0.494079,1,0
0.523501,0.502747,0.505555,1,0
0.519961,0.509706,0.5152,1,0
0.515322,0.514467,0.523379,1,0
0.508851,0.514955,0.529239,1,0
0.500671,0.517397,0.527164,1,0
0.493224,0.514833,0.5246,1,0
0.488341,0.510072,0.518984,1,0
0.4848,0.506898,0.513246,1,0
0.481748,0.501892,0.507997,1,0
0.477719,0.501038,0.500549,1,0
0.475888,0.495056,0.499206,1,0
0.474545,0.496154,0.494079,1,0
0.472714,0.491027,0.491881,1,0
0.469906,0.487853,0.490783,1,0
0.47015,0.488585,0.487364,1,0
0.471127,0.481992,0.488219,1,0
0.472958,0.484068,0.486021,1,0
0.473324,0.484678,0.484312,1,0
0.474301,0.480283,0.486143,1,0
0.476987,0.486143,0.483946,1,0
0.478086,0.487364,0.481748,1,0
0.479429,0.483946,0.482847,1,0
0.481382,0.487242,0.479551,1,0
0.479917,0.484068,0.477475,1,0
0.482359,0.479062,0.476987,1,0
0.48651,0.480772,0.474789,1,0
0.486754,0.479917,0.472226,1,0
0.487242,0.475766,0.472714,1,0
0.490416,0.480161,0.469418,1,0
0.492126,0.478086,0.467098,1,0
0.493102,0.475766,0.465389,1,0
0.493713,0.477842,0.463924,1,0
0.49298,0.477353,0.465145,1,0
0.492248,0.479673,0.465633,1,0
0.492248,0.48065,0.463924,1,0
0.490538,0.479062,0.463802,1,0
0.48712,0.480405,0.461848,1,0
0.475278,0.480405,0.455012,1,0
0.469173,0.479795,0.446344,1,0
0.455134,0.474911,0.421072,1,0
0.463191,0.460872,0.412404,1,0
0.475888,0.457942,0.413381,1,0
0.489684,0.461604,0.423025,1,0
0.500061,0.465511,0.435234,1,0
0.508607,0.475156,0.448663,1,1
0.513857,0.481992,0.466366,1,0
0.520816,0.494201,0.480039,1,0
0.521792,0.500916,0.490905,1,0
0.517153,0.50409,0.501526,1,0
0.515322,0.508607,0.50934,1,0
0.515688,0.51642,0.51056,1,0
0.511293,0.511903,0.513613,1,0
0.506532,0.513368,0.512392,1,0
0.498108,0.509828,0.512025,1,0
0.491515,0.503846,0.510194,1,0
0.485533,0.502503,0.5047,1,0
0.482115,0.49591,0.500427,1,0
0.479551,0.493591,0.494445,1,0
0.476865,0.491271,0.489806,1,0
0.474667,0.485899,0.486754,1,0
0.47601,0.485289,0.484556,1,0
0.475156,0.4848,0.48126,1,0
0.473569,0.480894,0.480039,1,0
0.476743,0.482115,0.478086,1,0
0.48187,0.482725,0.476621,1,0
0.482847,0.478818,0.477719,1,0
0.480772,0.480405,0.476499,1,0
0.483824,0.48187,0.473324,1,0
0.482481,0.479917,0.469662,1,0
0.482603,0.476865,0.46722,1,0
0.484312,0.476865,0.46429,1,0
0.485411,0.477719,0.464046,1,0
0.486021,0.478452,0.465145,1,0
0.487242,0.480161,0.467464,1,0
0.488097,0.482603,0.468685,1,0
0.490172,0.482847,0.469662,1,0
0.491271,0.48358,0.469051,1,0
0.492614,0.483091,0.468685,1,0
0.493957,0.482969,0.468563,1,0
0.495422,0.484434,0.46722,1,0
0.496032,0.483457,0.467342,1,0
0.497375,0.483824,0.467586,1,0
0.497986,0.485167,0.467098,1,0
0.496643,0.482237,0.466854,1,0
0.494201,0.480039,0.465755,1,0
0.491515,0.477109,0.463191,1,0
0.486754,0.47247,0.459407,1,0
0.476865,0.465389,0.451471,1,0
0.466243,0.454157,0.442803,1,0
0.464534,0.439385,0.43499,1,0
0.470394,0.434623,0.433525,1,0
0.482115,0.436943,0.434379,1,0
0.493591,0.447564,0.435966,1,0
0.50177,0.45318,0.441948,1,0
0.511293,0.476987,0.452448,1,0
0.516543,0.494201,0.468441,1,0
0.522891,0.496521,0.483457,1,1
0.52753,0.514101,0.489562,1,0
0.52692,0.517153,0.499206,1,0
0.523013,0.517031,0.507142,1,0
0.514955,0.519595,0.510194,1,0
0.503846,0.51581,0.513124,1,0
0.493591,0.510682,0.514467,1,0
0.486387,0.505433,0.511903,1,0
0.483335,0.498962,0.508241,1,0
0.479184,0.493957,0.504944,1,0
0.477842,0.491881,0.500916,1,0
0.476987,0.487853,0.497253,1,0
0.476254,0.485655,0.492614,1,0
0.476254,0.481626,0.489806,1,0
0.478086,0.481138,0.487975,1,0
0.480527,0.480894,0.485533,1,0
0.481016,0.478208,0.486021,2,0
0.481016,0.477964,0.48419,2,0
0.485167,0.476499,0.484556,2,0
0.485167,0.476621,0.482725,2,0
0.488219,0.476377,0.480772,2,0
0.491149,0.473813,0.479673,2,0
0.490905,0.471371,0.477719,2,0
0.49237,0.468685,0.476743,2,0
0.491515,0.463191,0.47601,2,0
0.48773,0.452692,0.474301,2,0
0.48065,0.441704,0.474545,2,0
0.472592,0.435112,0.479551,2,0
0.469296,0.430228,0.48944,2,0
0.471493,0.442071,0.500671,2,0
0.479307,0.4649,0.512025,2,0
0.482237,0.480772,0.516298,2,0
0.482359,0.484312,0.515444,2,0
0.48358,0.48773,0.517275,2,0
0.482359,0.483335,0.509828,2,0
0.484922,0.488951,0.504212,2,0
0.486754,0.492492,0.501282,2,0
0.493102,0.483946,0.508241,2,0
0.499817,0.486876,0.514711,2,0
0.504578,0.486143,0.517397,2,0
0.50763,0.488951,0.522158,2,0
0.507874,0.494811,0.525821,2,0
0.508851,0.50116,0.524966,2,0
0.507874,0.502747,0.522647,2,0
0.514467,0.488097,0.604322,2,0
0.501648,0.512392,0.524722,2,0
0.495544,0.497619,0.529361,2,0
0.496643,0.496276,0.535344,2,0
0.497253,0.496276,0.532292,2,0
0.496276,0.498474,0.528385,2,0
0.497009,0.498718,0.5246,2,0
0.497009,0.499817,0.525333,2,0
0.497131,0.499329,0.527286,2,0
0.497741,0.497009,0.528263,2,0
0.497497,0.498108,0.528629,2,0
0.496521,0.498352,0.528385,2,0
0.496032,0.498108,0.528019,2,0
0.496643,0.497741,0.527408,2,0
0.496276,0.497986,0.528263,2,0
0.496643,0.497986,0.527286,2,0
0.497131,0.497864,0.527408,2,0
0.496276,0.496521,0.527652,2,0
0.496276,0.496276,0.527774,2,0
0.496887,0.497741,0.527164,2,0
0.495422,0.497009,0.527652,2,0
0.496032,0.498596,0.527774,2,0
0.495422,0.498718,0.527896,2,0
0.495422,0.496887,0.527774,2,0
0.496398,0.498352,0.52753,2,0
0.496154,0.498596,0.52753,2,0
0.496398,0.498352,0.52753,2,0
0.49591,0.497619,0.52753,2,0
0.49591,0.497619,0.52753,2,0
0.496276,0.497741,0.527408,2,0
0.496154,0.497497,0.527896,2,0
0.496032,0.497375,0.527774,2,0
0.496032,0.497253,0.527896,2,0
0.496276,0.497131,0.527774,2,0
0.496643,0.497497,0.527896,2,0
0.497375,0.497619,0.527774,2,0
0.498596,0.499939,0.528019,2,0
0.500061,0.498108,0.529117,2,0
0.507874,0.4953,0.527896,2,0
0.511293,0.496521,0.519595,2,0
0.5152,0.471981,0.539861,2,0
0.511659,0.479795,0.534611,2,0
0.502869,0.483213,0.522891,2,0
0.491515,0.484556,0.517275,2,0
0.48419,0.489318,0.518862,2,0
0.479551,0.494201,0.518008,2,0
0.476499,0.494567,0.5152,2,0
0.475156,0.495544,0.514101,2,0
0.475522,0.498596,0.51227,2,0
0.476499,0.495544,0.514101,2,0
0.476377,0.492736,0.515078,2,0
0.476865,0.492248,0.51581,2,0
0.476865,0.491393,0.516298,2,0
0.477475,0.48944,0.516909,2,0
0.476865,0.48944,0.515688,2,0
0.478208,0.487364,0.515688,2,0
0.477964,0.481138,0.516543,2,0
0.478208,0.479429,0.516054,2,0
0.478696,0.480405,0.514223,2,0
0.478452,0.48419,0.512514,2,0
0.47894,0.483213,0.51288,2,0
0.479795,0.483824,0.51288,2,0
0.480161,0.484556,0.513613,2,0
0.480772,0.485411,0.514223,2,0
0.481382,0.484068,0.515322,2,0
0.482115,0.483457,0.515932,2,0
0.482115,0.485045,0.515932,2,0
0.482359,0.485045,0.516298,2,0
0.482237,0.484312,0.516909,2,0
0.482359,0.485167,0.516909,2,0
0.482237,0.485533,0.516665,2,0
0.482115,0.4848,0.516909,2,0
0.48187,0.484678,0.516787,2,0
0.481748,0.484678,0.516787,2,0
0.481382,0.484678,0.516787,2,0
0.481382,0.484434,0.516543,2,0
0.48126,0.484678,0.515932,2,0
0.48065,0.486754,0.514833,2,0
0.480405,0.486632,0.51349,2,0
0.480894,0.48358,0.513002,2,0
0.481138,0.478452,0.514711,2,0
0.481382,0.479307,0.515322,2,0
0.481138,0.481748,0.514467,2,0
0.480527,0.484312,0.514589,2,0
0.480405,0.484922,0.515688,2,0
0.479184,0.485289,0.51642,2,0
0.476499,0.484312,0.518252,2,0
0.467586,0.483702,0.523623,2,0
0.459407,0.48419,0.531681,2,0
0.457209,0.487486,0.531559,2,0
0.460505,0.488951,0.529361,2,0
0.46136,0.486998,0.52753,2,0
0.466854,0.485167,0.525699,2,0
0.470761,0.489562,0.516909,2,0
0.476499,0.495056,0.509706,2,0
0.482847,0.497864,0.506409,2,0
0.488585,0.495666,0.503846,2,0
0.493102,0.498474,0.500671,2,0
0.496032,0.502381,0.498962,2,0
0.498108,0.502869,0.497986,2,0
0.498718,0.505067,0.497375,2,0
0.497497,0.507142,0.496887,2,0
0.493713,0.507142,0.495422,2,0
0.491393,0.503479,0.496398,2,0
0.491637,0.502259,0.499695,2,0
0.49066,0.50116,0.505311,2,0
0.490294,0.500305,0.51056,2,0
0.490538,0.496765,0.520205,2,0
0.489318,0.493713,0.532047,2,0
0.489318,0.496032,0.53803,2,0
0.493591,0.49237,0.545721,2,0
0.494201,0.487975,0.555976,2,0
0.493713,0.493468,0.559272,2,0
0.493468,0.498352,0.561348,2,0
0.494445,0.500427,0.558662,2,0
0.495422,0.502381,0.554023,2,0
0.496887,0.504456,0.548529,2,0
0.496276,0.502014,0.546575,2,0
0.497619,0.497253,0.545721,2,0
0.497619,0.495422,0.542547,2,0
0.496398,0.494811,0.541082,2,0
0.495178,0.498962,0.539128,2,0
0.4953,0.500061,0.534733,2,0
0.494201,0.500305,0.530582,2,0
0.493102,0.50177,0.524356,2,0
0.494445,0.503601,0.516298,2,0
0.492736,0.504334,0.510194,2,0
0.492492,0.504822,0.504822,2,0
0.492248,0.504334,0.500916,2,0
0.492126,0.506409,0.50177,2,0
0.492003,0.506165,0.500305,2,0
0.490294,0.508729,0.498962,2,0
0.488341,0.508363,0.499939,2,0
0.488097,0.507752,0.499939,2,0
0.488341,0.50702,0.499206,2,0
0.487242,0.504456,0.502136,2,0
0.48651,0.503601,0.504212,2,0
0.487608,0.503479,0.507997,2,0
0.488463,0.500671,0.513613,2,0
0.49066,0.496521,0.52106,2,0
0.49298,0.495422,0.528385,2,0
0.495544,0.49237,0.533146,2,0
0.496398,0.487608,0.537785,2,0
0.498108,0.48773,0.540349,2,0
0.49823,0.488463,0.541448,2,0
0.499695,0.488463,0.539861,2,0
0.499451,0.490172,0.537663,2,0
0.50116,0.491027,0.53571,2,0
0.501892,0.491637,0.533757,2,0
0.502747,0.492858,0.531437,2,0
0.50177,0.493713,0.53046,2,0
0.500916,0.493957,0.527774,2,0
0.502136,0.492126,0.530094,2,0
0.502503,0.494567,0.52985,2,0
0.503724,0.489073,0.537785,2,0
0.501404,0.49066,0.539128,2,0
0.502259,0.492248,0.53803,2,0
0.502014,0.494567,0.533757,2,0
0.503235,0.494933,0.532292,2,0
0.504456,0.494201,0.540593,2,0
0.504212,0.494079,0.543157,2,0
0.503113,0.491881,0.539006,2,0
0.50116,0.490538,0.536565,2,0
0.501038,0.490905,0.534855,2,0
0.499084,0.492492,0.532047,2,0
0.496643,0.492492,0.529484,2,0
0.495056,0.493835,0.527774,2,0
0.492858,0.494689,0.524722,2,0
0.491027,0.498352,0.523501,2,0
0.488463,0.500183,0.519839,2,0
0.486143,0.502136,0.51813,2,0
0.4848,0.505677,0.515932,2,0
0.483335,0.50763,0.513735,2,0
0.482237,0.508973,0.51227,2,0
0.481748,0.50995,0.50995,2,0
0.480894,0.512514,0.507874,2,0
0.481626,0.51227,0.506898,2,0
0.481382,0.511537,0.505189,2,0
0.481138,0.51581,0.501892,2,0
0.48065,0.5152,0.502136,2,0
0.480772,0.514223,0.501282,2,0
0.480772,0.513857,0.500305,2,0
0.479184,0.513613,0.499939,2,0
0.477597,0.51349,0.500183,2,0
0.477719,0.513246,0.500671,2,0
0.476987,0.513246,0.502136,2,0
0.479551,0.513002,0.503113,2,0
0.478818,0.512636,0.504578,2,0
0.479551,0.511293,0.506409,2,0
0.48126,0.510316,0.50702,2,0
0.47894,0.508241,0.508485,2,0
0.480894,0.507264,0.509706,2,0
0.483335,0.507997,0.51056,2,0
0.481992,0.50763,0.512025,2,0
0.483213,0.505189,0.515322,2,0
0.484556,0.504944,0.515688,2,0
0.484678,0.502747,0.518252,2,0
0.48773,0.500794,0.522891,2,0
0.489928,0.503846,0.52399,2,0
0.489684,0.502259,0.528629,2,0
0.490294,0.500305,0.531925,2,0
0.492492,0.501404,0.535344,2,0
0.493957,0.50116,0.539128,2,0
0.495544,0.50177,0.541692,2,0
0.497619,0.503601,0.5445,2,0
0.49823,0.505799,0.546575,2,0
0.498474,0.507386,0.547308,2,0
0.499084,0.508119,0.54743,2,0
0.499206,0.508241,0.54511,2,0
0.498596,0.506776,0.543157,2,0
0.498474,0.503479,0.541326,2,0
0.497864,0.500794,0.539861,2,0
0.497375,0.501404,0.539861,2,0
0.496398,0.502747,0.539495,2,0
0.496032,0.503235,0.537663,2,0
0.494567,0.503113,0.534245,2,0
0.493713,0.502747,0.531437,2,0
0.493224,0.502503,0.528019,2,0
0.492248,0.503479,0.523868,2,0
0.49066,0.505677,0.520816,2,0
0.490172,0.508607,0.517519,2,0
0.488463,0.51056,0.514711,2,0
0.488951,0.510316,0.512392,2,0
0.488707,0.510927,0.509462,2,0
0.487486,0.509217,0.507997,2,0
0.487242,0.508363,0.506898,2,0
0.485533,0.50995,0.504212,2,0
0.484312,0.510682,0.502747,2,0
0.484312,0.510438,0.502625,2,0
0.482847,0.511781,0.501892,2,0
0.483335,0.513124,0.500794,2,0
0.482237,0.513002,0.500305,2,0
0.483091,0.513124,0.500549,2,0
0.482969,0.512636,0.502014,2,0
0.482481,0.511293,0.503724,2,0
0.482725,0.509095,0.506654,2,0
0.482115,0.510072,0.508241,2,0
0.481992,0.508607,0.510805,2,0
0.482359,0.507142,0.513735,2,0
0.483335,0.506776,0.514345,2,0
0.482969,0.503601,0.51642,2,0
0.4848,0.501526,0.520205,2,0
0.48773,0.502747,0.52167,2,0
0.487853,0.500549,0.521182,2,0
0.490538,0.495666,0.52399,2,0
0.492858,0.497009,0.524356,2,0
0.494933,0.496521,0.52692,2,0
0.496276,0.495056,0.531437,2,0
0.497619,0.49591,0.53571,2,0
0.499573,0.498108,0.540471,2,0
0.500061,0.496643,0.544866,2,0
0.500794,0.496398,0.548773,2,0
0.500671,0.497009,0.550482,2,0
0.500305,0.496887,0.551337,2,0
0.500061,0.496765,0.550116,2,0
0.500061,0.497375,0.547918,2,0
0.500183,0.496032,0.545477,2,0
0.499451,0.494567,0.542791,2,0
0.499084,0.495422,0.541326,2,0
0.49884,0.496032,0.539983,2,0
0.496887,0.496887,0.537419,2,0
0.4953,0.500061,0.534367,2,0
0.494567,0.502381,0.53046,2,0
0.493591,0.501526,0.527408,2,0
0.49298,0.500794,0.526676,2,0
0.49237,0.503846,0.524356,2,0
0.491759,0.506287,0.522281,2,0
0.491515,0.505921,0.518984,2,0
0.491149,0.505067,0.516665,2,0
0.489928,0.506532,0.513002,2,0
0.489806,0.505677,0.510805,2,0
0.48944,0.507142,0.50763,2,0
0.487242,0.508973,0.504456,2,0
0.486021,0.510316,0.501282,2,0
0.485289,0.512636,0.498718,2,0
0.484068,0.512392,0.498108,2,0
0.483213,0.511903,0.498596,2,0
0.483213,0.51227,0.499329,2,0
0.483091,0.511781,0.50116,2,0
0.48358,0.50995,0.505799,2,0
0.485777,0.509462,0.507752,2,0
0.486998,0.50995,0.50995,2,0
0.486387,0.508485,0.513002,2,0
0.486387,0.508241,0.514955,2,0
0.484678,0.507508,0.516787,2,0
0.483824,0.507142,0.51874,2,0
0.48419,0.506532,0.52106,2,0
0.484678,0.505433,0.523013,2,0
0.485533,0.504334,0.525088,2,0
0.487608,0.503968,0.52753,2,0
0.489073,0.503235,0.530338,2,0
0.491515,0.50177,0.53278,2,0
0.493102,0.501526,0.535222,2,0
0.49237,0.500671,0.537419,2,0
0.49237,0.499695,0.540838,2,0
0.491515,0.499695,0.544622,2,0
0.492003,0.499939,0.547552,2,0
0.492614,0.500061,0.549628,2,0
0.492126,0.500183,0.548773,2,0
0.491637,0.499939,0.546942,2,0
0.491393,0.499817,0.545355,2,0
0.491515,0.499817,0.543401,2,0
0.491515,0.500061,0.541692,2,0
0.491271,0.501282,0.539617,2,0
0.490294,0.500671,0.536565,2,0
0.49005,0.50177,0.533146,2,0
0.489562,0.501892,0.530338,2,0
0.488951,0.501648,0.526798,2,0
0.489073,0.502869,0.523623,2,0
0.489928,0.503601,0.519106,2,0
0.489562,0.504944,0.515932,2,0
0.489318,0.506532,0.512147,2,0
0.487853,0.507386,0.508241,2,0
0.488707,0.507508,0.505677,2,0
0.488585,0.507508,0.502869,2,0
0.487608,0.507752,0.500061,2,0
0.486632,0.508363,0.498352,2,0
0.486021,0.510072,0.497375,2,0
0.484922,0.511171,0.496398,2,0
0.48358,0.512514,0.496521,2,0
0.482969,0.513246,0.497864,2,0
0.48358,0.513368,0.500061,2,0
0.483946,0.511903,0.502747,2,0
0.4848,0.509217,0.506898,2,0
0.485533,0.508485,0.510316,2,0
0.486265,0.507508,0.513124,2,0
0.485655,0.506287,0.51581,2,0
0.486265,0.505677,0.51813,2,0
0.487608,0.5047,0.520816,2,0
0.488951,0.501648,0.522281,2,0
0.488097,0.499084,0.525699,2,0
0.491393,0.499329,0.529606,2,0
0.492736,0.498718,0.531437,2,0
0.493591,0.495666,0.534977,2,0
0.493591,0.495788,0.540593,2,1
0.4953,0.496643,0.545599,2,0
0.496032,0.498108,0.548773,2,0
0.497253,0.497619,0.551459,2,0
0.498108,0.498352,0.552436,2,0
0.497741,0.499451,0.549628,2,0
0.497253,0.499573,0.546453,2,0
0.497009,0.498718,0.543645,2,0
0.497253,0.497131,0.542669,2,0
0.497253,0.49823,0.54096,2,0
0.49591,0.500549,0.53925,2,0
0.494201,0.502259,0.537053,2,0
0.49298,0.502625,0.533757,2,0
0.492003,0.502014,0.531193,2,0
0.490905,0.502014,0.52753,2,0
0.490172,0.503846,0.524112,2,0
0.488951,0.506165,0.522281,2,0
0.488951,0.50702,0.518618,2,0
0.487853,0.507997,0.516176,2,0
0.487853,0.508241,0.514223,2,0
0.488219,0.509828,0.51227,2,0
0.487975,0.510927,0.509828,2,0
0.487242,0.511659,0.507752,2,0
0.486998,0.511903,0.505433,2,0
0.486265,0.511903,0.503113,2,0
0.484556,0.512514,0.50116,2,0
0.48419,0.51349,0.500549,2,0
0.483946,0.514467,0.500061,2,0
0.482237,0.51581,0.499206,2,0
0.48126,0.515688,0.49823,2,0
0.479551,0.515566,0.498474,2,0
0.480527,0.514345,0.499451,2,0
0.480039,0.514467,0.501648,2,0
0.481748,0.512636,0.50409,2,0
0.481138,0.510927,0.507142,2,0
0.483824,0.507997,0.509217,2,0
0.484678,0.506532,0.511781,2,0
0.482969,0.504944,0.513979,2,0
0.4848,0.504212,0.517275,2,0
0.484556,0.503724,0.519351,2,0
0.485411,0.501648,0.520938,2,0
0.485655,0.50116,0.523501,2,0
0.486632,0.501282,0.524966,2,0
0.487608,0.500061,0.524478,2,0
0.488341,0.497619,0.526431,2,0
0.489195,0.497986,0.527286,2,0
0.489684,0.497864,0.530704,2,0
0.491637,0.499084,0.531681,2,0
0.492736,0.497986,0.534855,2,1
0.494811,0.497009,0.537663,2,0
0.49591,0.497375,0.538396,2,0
0.49591,0.498962,0.540227,2,0
0.496521,0.500671,0.542058,2,0
0.496276,0.502014,0.543645,2,0
0.496398,0.501648,0.545233,2,0
0.496521,0.501526,0.545233,2,0
0.497131,0.500427,0.543645,2,0
0.497497,0.496398,0.541936,2,0
0.497375,0.496643,0.539983,2,0
0.496765,0.497741,0.538152,2,0
0.49591,0.497986,0.537419,2,0
0.4953,0.498962,0.535466,2,0
0.494201,0.500549,0.533268,2,0
0.493591,0.500794,0.531559,2,0
0.492126,0.500794,0.529239,2,0
0.491149,0.501892,0.527042,2,0
0.489684,0.503601,0.523623,2,0
0.487486,0.505433,0.521914,2,0
0.48651,0.507142,0.520083,2,0
0.485289,0.508485,0.518862,2,0
0.484922,0.509828,0.517397,2,0
0.485533,0.510194,0.516298,2,0
0.484922,0.511537,0.514345,2,0
0.485289,0.512025,0.511781,2,0
0.485411,0.512147,0.508607,2,0
0.485777,0.511171,0.506165,2,0
0.485533,0.510316,0.503235,2,0
0.4848,0.510438,0.500916,2,0
0.485045,0.51056,0.500183,2,0
0.484434,0.511781,0.499329,2,0
0.483213,0.513124,0.498474,2,0
0.481504,0.514345,0.498108,2,0
0.481748,0.514467,0.499451,2,0
0.48419,0.514223,0.500794,2,0
0.483335,0.511415,0.504212,2,0
0.483824,0.507874,0.507142,2,0
0.485289,0.506165,0.509584,2,0
0.485899,0.504822,0.51349,2,0
0.489562,0.504578,0.514711,2,0
0.48944,0.502869,0.517031,2,0
0.488341,0.499817,0.520693,2,0
0.487242,0.497741,0.522403,2,0
0.485289,0.494323,0.5246,2,0
0.487242,0.493346,0.528629,2,0
0.488463,0.493713,0.528995,2,0
0.489928,0.488341,0.530827,2,1
0.493224,0.48773,0.537785,2,0
0.494567,0.488951,0.538152,2,0
0.495544,0.487853,0.541814,2,0
0.496521,0.487242,0.544744,2,0
0.496765,0.488585,0.548163,2,0
0.496643,0.490172,0.552802,2,0
0.495056,0.493835,0.558418,2,0
0.493346,0.493591,0.558662,2,0
0.494567,0.489195,0.554755,2,0
0.494811,0.48419,0.547796,2,0
0.495422,0.482725,0.540593,2,0
0.494079,0.482603,0.534245,2,0
0.493591,0.484434,0.527774,2,0
0.49237,0.486998,0.523746,2,0
0.491759,0.489684,0.519228,2,0
0.49005,0.491637,0.515932,2,0
0.488219,0.495056,0.515078,2,0
0.487364,0.499206,0.51288,2,0
0.485655,0.501404,0.512025,2,0
0.484922,0.503601,0.512514,2,0
0.484434,0.506165,0.511781,2,0
0.483335,0.507874,0.511293,2,0
0.483946,0.508851,0.510194,2,0
0.482725,0.51056,0.508485,2,0
0.482725,0.511049,0.507264,2,0
0.482115,0.512025,0.505433,2,0
0.48126,0.51288,0.503846,2,0
0.480894,0.513002,0.503357,2,0
0.480161,0.512147,0.502503,2,0
0.480039,0.512758,0.502381,2,0
0.479795,0.513124,0.501648,2,0
0.477597,0.513857,0.502259,2,0
0.477842,0.513857,0.50409,2,0
0.478574,0.513857,0.505189,2,0
0.478696,0.51288,0.507386,2,0
0.479917,0.512514,0.508851,2,0
0.479673,0.513246,0.509584,2,0
0.481016,0.51288,0.51056,2,0
0.48065,0.511415,0.511415,2,0
0.481748,0.508607,0.512025,2,0
0.482481,0.506898,0.514711,2,0
0.4848,0.505311,0.514589,2,0
0.485899,0.504212,0.517031,2,0
0.488463,0.502869,0.518984,2,0
0.488707,0.504578,0.519106,2,0
0.489806,0.500916,0.522891,2,0
0.49066,0.500061,0.523746,2,1
0.490172,0.498962,0.525455,2,0
0.492614,0.498596,0.529361,2,0
0.493591,0.500671,0.531437,2,0
0.494445,0.499206,0.532536,2,0
0.494689,0.499329,0.535222,2,0
0.495666,0.500061,0.537297,2,0
0.496521,0.500794,0.541082,2,0
0.497253,0.500549,0.544744,2,0
0.497619,0.501038,0.546942,2,0
0.497253,0.500916,0.548407,2,0
0.496765,0.501038,0.547186,2,0
0.496032,0.502625,0.54511,2,0
0.49823,0.497864,0.541326,2,0
0.501526,0.49884,0.541326,2,0
0.502747,0.502136,0.543401,2,0
0.502869,0.503846,0.542058,2,0
0.502503,0.503113,0.540471,2,0
0.502503,0.503113,0.53632,2,0
0.50116,0.50116,0.533146,2,0
0.500916,0.501282,0.529728,2,0
0.498962,0.503235,0.525455,2,0
0.497741,0.505555,0.523379,2,0
0.496276,0.507142,0.520938,2,0
0.494323,0.506287,0.518862,2,0
0.494933,0.507874,0.517641,2,0
0.495544,0.510194,0.515688,2,0
0.493468,0.510927,0.511537,2,0
0.491027,0.508851,0.507874,2,0
0.488341,0.50702,0.503724,2,0
0.485533,0.506776,0.50116,2,0
0.483335,0.507874,0.498352,2,0
0.481138,0.507874,0.497741,2,0
0.479184,0.508729,0.496032,2,0
0.47894,0.509828,0.496521,2,0
0.480894,0.509828,0.498596,2,0
0.481504,0.508729,0.50177,2,0
0.483335,0.507752,0.505311,2,0
0.487486,0.505433,0.511415,2,0
0.485655,0.508119,0.51288,2,0
0.484434,0.505189,0.515566,2,0
0.484312,0.501404,0.519717,2,0
0.482237,0.500427,0.519717,2,0
0.482115,0.497741,0.519595,2,0
0.48419,0.495666,0.523257,2,0
0.486387,0.497864,0.523135,2,0
0.491637,0.496276,0.523013,2,0
0.49591,0.494689,0.532292,2,0
0.493468,0.496398,0.534611,2,1
0.496643,0.49884,0.538518,2,0
0.498596,0.495178,0.543768,2,0
0.500671,0.498474,0.545965,2,0
0.502625,0.498962,0.547064,2,0
0.503724,0.501648,0.548407,2,0
0.503724,0.503235,0.546575,2,0
0.504212,0.503724,0.545843,2,0
0.504944,0.502747,0.542669,2,0
0.504944,0.503724,0.541082,2,0
0.504822,0.503724,0.540471,2,0
0.50409,0.504944,0.540593,2,0
0.503601,0.505189,0.539861,2,0
0.501038,0.503479,0.539373,2,0
0.500061,0.502747,0.536809,2,0
0.498718,0.501648,0.534611,2,0
0.497131,0.499206,0.532047,2,0
0.495422,0.499084,0.527652,2,0
0.493346,0.500305,0.523501,2,0
0.49237,0.500916,0.520938,2,0
0.491149,0.503724,0.518008,2,0
0.490294,0.505067,0.515444,2,0
0.491515,0.505677,0.514589,2,0
0.491881,0.506409,0.512758,2,0
0.491637,0.50763,0.509584,2,0
0.489318,0.508241,0.507264,2,0
0.487486,0.506898,0.504578,2,0
0.485289,0.505799,0.502014,2,0
0.481748,0.507142,0.500427,2,0
0.479184,0.507752,0.500061,2,0
0.478208,0.508607,0.499817,2,0
0.477597,0.510072,0.500427,2,0
0.478086,0.511537,0.502136,2,0
0.478818,0.512025,0.50409,2,0
0.478818,0.512514,0.505433,2,0
0.479917,0.508851,0.507142,2,0
0.481626,0.504822,0.511415,2,0
0.48187,0.501526,0.513979,2,0
0.484312,0.500183,0.516787,2,0
0.485655,0.497497,0.521304,2,0
0.485045,0.499206,0.522036,2,0
0.485899,0.497864,0.522891,2,0
0.486998,0.495666,0.52692,2,0
0.488463,0.497864,0.526431,2,0
0.488707,0.496398,0.526431,2,0
0.489928,0.493346,0.529361,2,0
0.491881,0.494567,0.530338,2,0
0.492736,0.495056,0.530338,2,1
0.494811,0.492736,0.532047,2,0
0.495788,0.492492,0.531925,2,0
0.497009,0.493346,0.531681,2,0
0.498108,0.491759,0.534245,2,0
0.499573,0.49237,0.534733,2,0
0.500427,0.491759,0.535832,2,0
0.503601,0.492003,0.536931,2,0
0.506043,0.494689,0.538518,2,0
0.507997,0.498352,0.540227,2,0
0.510072,0.499573,0.542303,2,0
0.511049,0.499206,0.544622,2,0
0.511537,0.499206,0.544378,2,0
0.511049,0.498352,0.543768,2,0
0.510316,0.499329,0.541814,2,0
0.508973,0.500183,0.538396,2,0
0.507752,0.499573,0.536442,2,0
0.506654,0.497864,0.535222,2,0
0.504578,0.500549,0.532536,2,0
0.503357,0.502747,0.529484,2,0
0.502259,0.497375,0.52753,2,0
0.500794,0.500061,0.522891,2,0
0.499817,0.504822,0.521792,2,0
0.498962,0.501404,0.522769,2,0
0.498596,0.502991,0.52167,2,0
0.497131,0.50409,0.520205,2,0
0.4953,0.505067,0.520816,2,0
0.493957,0.507264,0.519351,2,0
0.491149,0.508485,0.515932,2,0
0.488829,0.507386,0.515444,2,0
0.48773,0.509095,0.513124,2,0
0.484678,0.512025,0.510072,2,0
0.482115,0.509828,0.509095,2,0
0.48126,0.510194,0.507997,2,0
0.481382,0.51288,0.506043,2,0
0.481992,0.513368,0.505921,2,0
0.482847,0.51349,0.506165,2,0
0.483335,0.513613,0.507874,2,0
0.48419,0.514101,0.508607,2,0
0.485045,0.513613,0.509584,2,0
0.485777,0.511659,0.511049,2,0
0.486632,0.510682,0.512147,2,0
0.487486,0.510438,0.513857,2,0
0.488463,0.50995,0.514589,2,0
0.489806,0.50763,0.517641,2,0
0.490294,0.506654,0.519717,2,0
0.491393,0.507386,0.521426,2,0
0.494201,0.50763,0.524234,2,1
0.492858,0.504944,0.528995,2,0
0.494201,0.504334,0.531437,2,0
0.496398,0.504456,0.531193,2,0
0.495056,0.500061,0.53278,2,0
0.495544,0.496032,0.533146,2,0
0.496643,0.496154,0.531315,2,0
0.495544,0.495544,0.53046,2,0
0.496765,0.493468,0.531315,2,0
0.497131,0.492248,0.531803,2,0
0.498352,0.49237,0.532902,2,0
0.499695,0.492614,0.534367,2,0
0.499939,0.492614,0.535466,2,0
0.500427,0.49298,0.538152,2,0
0.501038,0.493957,0.539739,2,0
0.503479,0.495544,0.54218,2,0
0.503968,0.495666,0.54218,2,0
0.504456,0.496521,0.541326,2,0
0.50409,0.497741,0.539617,2,0
0.503235,0.496887,0.53925,2,0
0.502991,0.497497,0.539006,2,0
0.502503,0.49884,0.538274,2,0
0.501648,0.500671,0.536809,2,0
0.500794,0.501526,0.534611,2,0
0.500183,0.502747,0.531925,2,0
0.498962,0.503968,0.529606,2,0
0.497741,0.504212,0.527896,2,0
0.496643,0.504456,0.525211,2,0
0.494689,0.502259,0.523501,2,0
0.493346,0.501404,0.521914,2,0
0.492003,0.501648,0.519473,2,0
0.490416,0.503235,0.516909,2,0
0.489195,0.504334,0.514589,2,0
0.488097,0.506043,0.511415,2,0
0.486998,0.506532,0.508973,2,0
0.487242,0.506898,0.50702,2,0
0.485655,0.507997,0.5047,2,0
0.483213,0.507997,0.5047,2,0
0.481626,0.508973,0.504822,2,0
0.48065,0.510316,0.505067,2,0
0.480894,0.512025,0.506898,2,0
0.48126,0.510927,0.508607,2,0
0.482115,0.51056,0.509462,2,0
0.483335,0.509828,0.510682,2,0
0.484312,0.509706,0.511293,2,0
0.485533,0.506776,0.513124,2,0
0.485655,0.502747,0.514955,2,0
0.487608,0.499817,0.516787,2,0
0.489195,0.496521,0.519228,2,1
0.491515,0.494811,0.519595,2,0
0.493713,0.493224,0.521426,2,0
0.495178,0.492492,0.522158,2,0
0.497864,0.493224,0.527164,2,0
0.500794,0.495056,0.530216,2,0
0.501282,0.494079,0.533757,2,0
0.503724,0.494079,0.537541,2,0
0.503968,0.494323,0.539006,2,0
0.504944,0.492492,0.540715,2,0
0.506165,0.492736,0.542669,2,0
0.50702,0.493468,0.543768,2,0
0.507386,0.494445,0.544256,2,0
0.50763,0.494079,0.543768,2,0
0.50763,0.493468,0.542425,2,0
0.507264,0.493224,0.540593,2,0
0.506409,0.493713,0.537907,3,0
0.505555,0.493468,0.537053,3,0
0.505555,0.49298,0.536076,3,0
0.505067,0.493591,0.534123,3,0
0.503968,0.493835,0.530949,3,0
0.502014,0.496032,0.524234,3,0
0.499084,0.497619,0.515688,3,0
0.496398,0.496398,0.509828,3,0
0.494811,0.494323,0.507874,3,0
0.493835,0.494567,0.505921,3,0
0.490172,0.493468,0.507142,3,0
0.489195,0.494689,0.506043,3,0
0.487486,0.496765,0.508607,3,0
0.489195,0.493224,0.516176,3,0
0.491881,0.491149,0.525943,3,0
0.497131,0.487975,0.536687,3,0
0.500549,0.487486,0.539373,3,0
0.50177,0.486754,0.539128,3,0
0.502136,0.491881,0.536565,3,0
0.503357,0.497741,0.534001,3,0
0.505311,0.500305,0.531315,3,0
0.50763,0.501282,0.530949,3,0
0.511537,0.497864,0.537297,3,0
0.504578,0.498352,0.524722,3,0
0.508241,0.500183,0.529117,3,0
0.505311,0.503113,0.525943,3,0
0.505677,0.503846,0.527164,3,0
0.5047,0.495422,0.528507,3,0
0.503235,0.496887,0.528995,3,0
0.500427,0.497497,0.527896,3,0
0.499939,0.496521,0.528141,3,0
0.500061,0.494445,0.528141,3,0
0.500794,0.496032,0.52753,3,0
0.50116,0.497741,0.527408,3,0
0.500427,0.496887,0.527652,3,0
0.500061,0.497619,0.528507,3,0
0.498962,0.496032,0.528507,3,0
0.499329,0.49591,0.528263,3,0
0.498962,0.496154,0.528751,3,0
0.500061,0.496887,0.528019,3,0
0.502136,0.49884,0.527896,3,0
0.500061,0.496887,0.527896,3,0
0.500061,0.497497,0.527286,3,0
0.499329,0.497986,0.527774,3,0
0.498596,0.49591,0.527774,3,0
0.499329,0.49591,0.527652,3,0
0.499329,0.497375,0.528019,3,0
0.498962,0.496032,0.527896,3,0
0.499573,0.496643,0.527774,3,0
0.499329,0.496276,0.528263,3,0
0.498962,0.496276,0.528019,3,0
0.499084,0.496032,0.527774,3,0
0.499084,0.496032,0.527408,3,0
0.49884,0.496032,0.527652,3,0
0.499084,0.495788,0.527774,3,0
0.499084,0.496032,0.52753,3,0
0.498718,0.496154,0.527896,3,0
0.49884,0.496032,0.527896,3,0
0.498718,0.496154,0.527652,3,0
0.498474,0.495666,0.528019,3,0
0.498352,0.495788,0.528019,3,0
0.498596,0.495788,0.527652,3,0
0.498474,0.495788,0.527652,3,0
0.498474,0.496154,0.527652,3,0
0.498474,0.495788,0.52753,3,0
0.498352,0.49591,0.527774,3,0
0.498108,0.495788,0.527652,3,0
0.497741,0.495788,0.527652,3,0
0.497986,0.49591,0.527408,3,0
0.497741,0.495666,0.527774,3,0
0.497619,0.495666,0.527652,3,0
0.497864,0.4953,0.527652,3,0
0.497619,0.495788,0.527774,3,0
0.497497,0.4953,0.527652,3,0
0.497864,0.495666,0.527652,3,0
0.497864,0.496154,0.527408,3,0
0.498108,0.496154,0.52753,3,0
0.49884,0.496765,0.527896,3,0
0.499329,0.496765,0.527774,3,0
0.502503,0.496643,0.528995,3,0
0.506165,0.494811,0.528995,3,0
0.508485,0.497741,0.524844,3,0
0.508851,0.485899,0.53046,3,0
0.508729,0.486632,0.529728,3,0
0.506287,0.485289,0.530949,3,0
0.50116,0.48419,0.531437,3,0
0.495544,0.485533,0.529361,3,0
0.491027,0.485411,0.528019,3,0
0.488219,0.48419,0.526554,3,0
0.486021,0.482481,0.526187,3,0
0.48358,0.482237,0.525577,3,0
0.482481,0.479184,0.524356,3,0
0.480283,0.473446,0.519717,3,0
0.479795,0.474057,0.514467,3,0
0.478696,0.479184,0.511415,3,0
0.47894,0.482359,0.507142,3,0
0.480039,0.487364,0.502625,3,0
0.478818,0.494689,0.503479,3,0
0.477475,0.497253,0.503235,3,0
0.476254,0.498108,0.503724,3,0
0.474789,0.494933,0.507264,3,0
0.474179,0.4953,0.507264,3,0
0.473324,0.493835,0.508241,3,0
0.473202,0.492858,0.509095,3,0
0.473324,0.490538,0.511537,3,0
0.473324,0.487853,0.511171,3,0
0.474057,0.491637,0.512025,3,0
0.474789,0.493713,0.512392,3,0
0.474423,0.491393,0.511415,3,0
0.474301,0.49005,0.508119,3,0
0.473324,0.488585,0.506532,3,0
0.472592,0.486754,0.505189,3,0
0.471981,0.48773,0.50409,3,0
0.472104,0.492003,0.502869,3,0
0.472226,0.494567,0.504578,3,0
0.472348,0.494201,0.50702,3,0
0.47247,0.492858,0.505799,3,0
0.471493,0.490905,0.502869,3,0
0.47015,0.488707,0.501282,3,0
0.46954,0.488097,0.500671,3,0
0.469173,0.492003,0.500427,3,0
0.469173,0.493835,0.500549,3,0
0.469173,0.495056,0.500427,3,0
0.469173,0.496643,0.499695,3,0
0.468807,0.496276,0.498718,3,0
0.46722,0.495666,0.496643,3,0
0.463313,0.493713,0.492614,3,0
0.460383,0.491027,0.490416,3,0
0.458552,0.491515,0.489318,3,0
0.458064,0.494323,0.486387,3,0
0.456721,0.492736,0.485167,3,0
0.461238,0.487975,0.491881,3,0
0.46368,0.484312,0.499084,3,0
0.469906,0.486143,0.500671,3,0
0.481504,0.492858,0.505067,3,0
0.489806,0.501526,0.511293,3,0
0.506409,0.493346,0.522158,3,0
0.525088,0.492003,0.525455,3,0
0.544866,0.502625,0.531681,3,0
0.546942,0.4848,0.548041,3,0
0.526187,0.505067,0.530094,3,0
0.512758,0.504578,0.529484,3,0
0.509095,0.504212,0.529361,3,0
0.509828,0.506654,0.530338,3,0
0.508729,0.497864,0.53278,3,0
0.511903,0.492614,0.533634,3,0
0.520449,0.487853,0.534123,3,0
0.524966,0.487608,0.531803,3,0
0.518984,0.493591,0.526187,3,0
0.513368,0.489684,0.52692,3,0
0.505067,0.482359,0.52753,3,0
0.499329,0.487364,0.523013,3,0
0.490538,0.48944,0.523013,3,0
0.485045,0.488463,0.521304,3,0
0.480039,0.488829,0.517153,3,0
0.477353,0.489318,0.518496,3,0
0.472104,0.48944,0.51349,3,0
0.468685,0.487486,0.508851,3,0
0.468929,0.496521,0.51227,3,0
0.470516,0.510438,0.513246,3,0
0.472714,0.513368,0.514101,3,0
0.472226,0.505921,0.512636,3,0
0.470761,0.501892,0.514955,3,0
0.468563,0.500671,0.513368,3,0
0.467098,0.503235,0.51056,3,0
0.46661,0.500549,0.512392,3,0
0.467708,0.501526,0.514711,3,0
0.469173,0.503113,0.515078,3,0
0.470639,0.504334,0.515444,3,0
0.470516,0.50409,0.515322,3,0
0.469906,0.500671,0.51581,3,0
0.470394,0.500183,0.514955,3,0
0.469784,0.500061,0.514833,3,0
0.468685,0.501282,0.514345,3,0
0.467464,0.500916,0.514101,3,0
0.468441,0.49591,0.516176,3,0
0.470761,0.492248,0.517763,3,0
0.476499,0.49298,0.522281,3,0
0.480039,0.495544,0.522158,3,0
0.48358,0.496643,0.520816,3,0
0.48651,0.50116,0.518984,3,0
0.49591,0.502869,0.520938,3,0
0.503846,0.506776,0.520816,3,0
0.519961,0.50702,0.524234,3,0
0.536565,0.501648,0.529606,3,0
0.53571,0.489195,0.537907,3,0
0.527896,0.493224,0.5351,3,0
0.518862,0.500183,0.533757,3,0
0.513613,0.504944,0.531803,3,0
0.513857,0.508363,0.532536,3,0
0.513368,0.51056,0.530582,3,0
0.51581,0.50763,0.532169,3,0
0.519595,0.507874,0.531925,3,0
0.520938,0.507752,0.531071,3,0
0.518862,0.502503,0.531315,3,0
0.513246,0.497741,0.530094,3,0
0.509217,0.499329,0.529972,3,0
0.50409,0.499451,0.52753,3,0
0.498352,0.500305,0.524478,3,0
0.494079,0.501526,0.52399,3,0
0.489806,0.501038,0.525333,3,0
0.485045,0.499939,0.522647,3,0
0.484434,0.499084,0.523623,3,0
0.483702,0.496765,0.524356,3,0
0.479917,0.494323,0.521914,3,0
0.478696,0.493957,0.519228,3,0
0.477842,0.495666,0.518496,3,0
0.474301,0.505555,0.513368,3,0
0.472714,0.507264,0.513735,3,0
0.473324,0.504456,0.515078,3,0
0.471859,0.507264,0.511415,3,0
0.469051,0.505433,0.51288,3,0
0.468441,0.503479,0.513979,3,0
0.466976,0.506165,0.512514,3,0
0.466732,0.505677,0.51288,3,0
0.466854,0.503479,0.514467,3,0
0.468441,0.503357,0.514223,3,0
0.469662,0.506654,0.512758,3,0
0.46954,0.500916,0.514223,3,0
0.468807,0.498718,0.514223,3,0
0.469173,0.503724,0.51349,3,0
0.469418,0.504334,0.514833,3,0
0.471127,0.50177,0.51813,3,0
0.473446,0.501892,0.517397,3,0
0.476987,0.500183,0.521548,3,0
0.48126,0.497497,0.523135,3,1
0.484068,0.49591,0.522647,3,0
0.490783,0.499939,0.521548,3,0
0.49591,0.502869,0.52106,3,0
0.504578,0.501892,0.524112,3,0
0.513857,0.497864,0.52985,3,0
0.524966,0.505921,0.531071,3,0
0.53046,0.509828,0.533634,3,0
0.529361,0.514711,0.528141,3,0
0.522769,0.515444,0.52753,3,0
0.515444,0.509706,0.530704,3,0
0.510927,0.512514,0.530216,3,0
0.513002,0.514711,0.530338,3,0
0.514589,0.513857,0.528629,3,0
0.517641,0.511415,0.529361,3,0
0.519351,0.513735,0.529606,3,0
0.519351,0.511171,0.529972,3,0
0.516298,0.505921,0.530094,3,0
0.512025,0.503479,0.527408,3,0
0.505555,0.502381,0.528263,3,0
0.498596,0.500305,0.526798,3,0
0.495178,0.504212,0.525577,3,0
0.490172,0.50409,0.525455,3,0
0.486265,0.500183,0.524966,3,0
0.483702,0.498962,0.523746,3,0
0.482603,0.500427,0.524112,3,0
0.478452,0.500916,0.520205,3,0
0.477231,0.498596,0.519595,3,0
0.476865,0.497009,0.52167,3,0
0.475278,0.50409,0.5152,3,0
0.473324,0.502625,0.517397,3,0
0.472348,0.501282,0.516543,3,0
0.470761,0.505921,0.51227,3,0
0.47015,0.504456,0.51288,3,0
0.470394,0.503113,0.515688,3,0
0.470883,0.506165,0.515932,3,0
0.470883,0.505433,0.516176,3,0
0.471127,0.504944,0.516298,3,0
0.470883,0.503968,0.515688,3,0
0.470394,0.504822,0.514223,3,0
0.468807,0.507142,0.512636,3,0
0.468929,0.506654,0.512758,3,0
0.470394,0.507142,0.514589,3,0
0.473691,0.50702,0.516298,3,0
0.476743,0.500916,0.520693,3,0
0.481626,0.497375,0.525577,3,0
0.485899,0.491271,0.527896,3,0
0.49066,0.492614,0.528629,3,0
0.497864,0.497986,0.528629,3,0
0.501526,0.492492,0.528995,3,1
0.503479,0.491637,0.528507,3,0
0.506287,0.499451,0.526798,3,0
0.51227,0.506776,0.524112,3,0
0.518374,0.502014,0.527408,3,0
0.523257,0.496154,0.532536,3,0
0.521304,0.503113,0.525821,3,0
0.517275,0.506898,0.527896,3,0
0.512514,0.507264,0.528263,3,0
0.511293,0.512514,0.526431,3,0
0.511903,0.513124,0.528019,3,0
0.513368,0.512758,0.527774,3,0
0.515444,0.51227,0.527408,3,0
0.51581,0.511171,0.527408,3,0
0.516176,0.507264,0.529361,3,0
0.515566,0.496154,0.530827,3,0
0.510805,0.502503,0.523746,3,0
0.510316,0.499084,0.529117,3,0
0.506165,0.499573,0.528385,3,0
0.497741,0.502625,0.525821,3,0
0.494811,0.503235,0.526798,3,0
0.491637,0.505067,0.526676,3,0
0.488097,0.504212,0.528873,3,0
0.485167,0.503968,0.527286,3,0
0.483335,0.503357,0.524478,3,0
0.48126,0.502869,0.521914,3,0
0.479795,0.500671,0.520205,3,0
0.479673,0.497864,0.52106,3,0
0.480527,0.496765,0.522891,3,0
0.481504,0.497986,0.524844,3,0
0.482237,0.500794,0.525699,3,0
0.482481,0.499695,0.525577,3,0
0.481382,0.501404,0.523135,3,0
0.479184,0.501038,0.522036,3,0
0.475766,0.502869,0.519351,3,0
0.473935,0.504334,0.51813,3,0
0.472714,0.502625,0.517763,3,0
0.473813,0.50116,0.518374,3,0
0.474423,0.500427,0.518862,3,0
0.474667,0.49823,0.519595,3,0
0.474423,0.495422,0.520571,3,0
0.474057,0.499573,0.519473,3,0
0.473813,0.504578,0.516543,3,0
0.474911,0.504334,0.515932,3,0
0.4754,0.503724,0.515688,3,0
0.476499,0.500305,0.518008,3,0
0.479429,0.492614,0.522769,3,0
0.483335,0.479917,0.527774,3,0
0.487975,0.488585,0.526676,3,1
0.492126,0.494811,0.527164,3,0
0.497497,0.500183,0.526431,3,0
0.501282,0.501404,0.525821,3,0
0.508241,0.501404,0.528141,3,0
0.517153,0.512392,0.523746,3,0
0.527652,0.519228,0.522525,3,0
0.534245,0.510682,0.528263,3,0
0.53046,0.507508,0.527774,3,0
0.522403,0.511171,0.52692,3,0
0.51581,0.512147,0.525333,3,0
0.5152,0.514589,0.525333,3,0
0.515078,0.51642,0.524966,3,0
0.51642,0.512636,0.527042,3,0
0.519351,0.509462,0.530338,3,0
0.521792,0.513368,0.527408,3,0
0.519717,0.511171,0.526554,3,0
0.517031,0.501526,0.529606,3,0
0.51056,0.504578,0.523868,3,0
0.507997,0.503724,0.526676,3,0
0.503724,0.497864,0.528873,3,0
0.496521,0.503113,0.526431,3,0
0.493957,0.506165,0.525088,3,0
0.490416,0.502503,0.526554,3,0
0.487486,0.501404,0.525699,3,0
0.486754,0.501404,0.524722,3,0
0.484312,0.500061,0.524112,3,0
0.482359,0.500305,0.525455,3,0
0.481138,0.500671,0.526187,3,0
0.480283,0.501892,0.526431,3,0
0.480039,0.50177,0.524356,3,0
0.48126,0.499817,0.523623,3,0
0.480283,0.499573,0.523135,3,0
0.479184,0.497619,0.519228,3,0
0.477109,0.499817,0.514711,3,0
0.474789,0.499695,0.513368,3,0
0.471981,0.501038,0.511171,3,0
0.471005,0.5047,0.510682,3,0
0.470394,0.505189,0.512392,3,0
0.470516,0.503968,0.513979,3,0
0.471249,0.504212,0.513979,3,0
0.470761,0.502625,0.514345,3,0
0.470639,0.500427,0.516176,3,0
0.470883,0.499939,0.516176,3,0
0.471859,0.50177,0.517397,3,0
0.472714,0.500305,0.519228,3,0
0.473691,0.499817,0.520571,3,0
0.476865,0.503113,0.521914,3,0
0.480161,0.501892,0.524722,3,0
0.482847,0.493835,0.524844,3,1
0.486632,0.496887,0.525088,3,0
0.491881,0.499206,0.52692,3,0
0.496521,0.498352,0.527408,3,0
0.504822,0.504822,0.527042,3,0
0.508973,0.504578,0.526187,3,0
0.513735,0.503601,0.52692,3,0
0.521426,0.50934,0.52692,3,0
0.524478,0.50995,0.530338,3,0
0.524234,0.516298,0.527896,3,0
0.51874,0.515444,0.525333,3,0
0.513857,0.508119,0.528751,3,0
0.511903,0.512636,0.526431,3,0
0.513124,0.513735,0.526187,3,0
0.5152,0.510438,0.528995,3,0
0.519351,0.511293,0.529484,3,0
0.523379,0.51288,0.52753,3,0
0.520938,0.508119,0.528995,3,0
0.517031,0.502991,0.526065,3,0
0.511049,0.502503,0.527408,3,0
0.503968,0.502503,0.526309,3,0
0.49823,0.506287,0.52399,3,0
0.492858,0.506898,0.524966,3,0
0.487486,0.506043,0.52399,3,0
0.484556,0.506287,0.523257,3,0
0.482969,0.503479,0.52399,3,0
0.481382,0.503357,0.524844,3,0
0.480894,0.500305,0.524844,3,0
0.479062,0.494689,0.525333,3,0
0.477109,0.493591,0.524356,3,0
0.476621,0.499573,0.522769,3,0
0.475522,0.503357,0.519351,3,0
0.472836,0.498718,0.516298,3,0
0.470639,0.499817,0.513613,3,0
0.469296,0.506165,0.511903,3,0
0.468197,0.503479,0.510927,3,0
0.468197,0.500305,0.513368,3,0
0.469173,0.500549,0.514467,3,0
0.469906,0.497986,0.516176,3,0
0.46954,0.498108,0.516909,3,0
0.46954,0.496765,0.51874,3,0
0.470028,0.49884,0.519228,3,0
0.470394,0.503357,0.517886,3,0
0.471249,0.503357,0.517641,3,0
0.473569,0.497253,0.519228,3,0
0.476499,0.500305,0.519473,3,0
0.47894,0.500794,0.52106,3,0
0.483457,0.497131,0.522769,3,0
0.48712,0.501282,0.521426,3,1
0.490905,0.507752,0.520327,3,0
0.495178,0.506776,0.521914,3,0
0.498596,0.502869,0.522769,3,0
0.507386,0.509462,0.523746,3,0
0.522158,0.512147,0.526065,3,0
0.530216,0.506409,0.533634,3,0
0.531681,0.512392,0.536198,3,0
0.527286,0.519717,0.522281,3,0
0.514833,0.500183,0.525333,3,0
0.510438,0.488219,0.530338,3,0
0.512392,0.505555,0.527896,3,0
0.513979,0.510194,0.529484,3,0
0.516054,0.508363,0.530094,3,0
0.517886,0.50995,0.530582,3,0
0.518008,0.508363,0.530704,3,0
0.515078,0.506043,0.529606,3,0
0.508851,0.503601,0.527896,3,0
0.505067,0.499451,0.52985,3,0
0.500183,0.502869,0.526554,3,0
0.493957,0.505189,0.525088,3,0
0.491393,0.504944,0.524844,3,0
0.488585,0.505189,0.525943,3,0
0.484312,0.504212,0.523746,3,0
0.482847,0.503479,0.523379,3,0
0.481748,0.502747,0.523501,3,0
0.479551,0.503235,0.521792,3,0
0.479429,0.502991,0.521182,3,0
0.479307,0.500671,0.520938,3,0
0.478208,0.501648,0.520449,3,0
0.476987,0.504212,0.517886,3,0
0.4754,0.499573,0.518862,3,0
0.474667,0.503601,0.518496,3,0
0.472104,0.502747,0.516054,3,0
0.470516,0.501282,0.517397,3,0
0.470883,0.503235,0.517031,3,0
0.471249,0.501038,0.516543,3,0
0.472348,0.500916,0.516787,3,0
0.472348,0.500916,0.517031,3,0
0.47308,0.500794,0.517519,3,0
0.472714,0.501038,0.517275,3,0
0.473569,0.501038,0.517641,3,0
0.474545,0.502625,0.518008,3,0
0.474789,0.503113,0.51813,3,0
0.47601,0.503357,0.519106,3,0
0.478452,0.502869,0.521426,3,0
0.480894,0.502381,0.523501,3,0
0.482359,0.500061,0.523868,3,0
0.485289,0.495544,0.525699,3,0
0.487975,0.501526,0.524478,3,1
0.491759,0.505799,0.523868,3,0
0.497497,0.506776,0.521548,3,0
0.50177,0.505677,0.519961,3,0
0.508241,0.505433,0.522036,3,0
0.518984,0.505311,0.526309,3,0
0.528141,0.5047,0.531559,3,0
0.531193,0.514711,0.533146,3,0
0.521426,0.52106,0.521792,3,0
0.5152,0.508607,0.531559,3,0
0.512636,0.508119,0.526187,3,0
0.51349,0.511903,0.525821,3,0
0.514223,0.513124,0.52692,3,0
0.515566,0.514467,0.526187,3,0
0.517763,0.514223,0.528995,3,0
0.519106,0.51227,0.530094,3,0
0.517397,0.508485,0.529117,3,0
0.514101,0.507264,0.526187,3,0
0.510316,0.501282,0.530094,3,0
0.505677,0.502503,0.527896,3,0
0.499939,0.504822,0.525577,3,0
0.496154,0.504334,0.526554,3,0
0.491149,0.50177,0.525943,3,0
0.488951,0.500427,0.524844,3,0
0.482847,0.501282,0.519961,3,0
0.481626,0.499573,0.521792,3,0
0.480283,0.500061,0.522281,3,0
0.479062,0.50116,0.519839,3,0
0.476865,0.49884,0.519228,3,0
0.475156,0.497375,0.520816,3,0
0.475644,0.500916,0.519839,3,0
0.473569,0.502381,0.516176,3,0
0.469784,0.501526,0.515688,3,0
0.468075,0.501648,0.515444,3,0
0.468685,0.5047,0.5152,3,0
0.470639,0.503479,0.516298,3,0
0.47247,0.503968,0.516543,3,0
0.473569,0.50409,0.517153,3,0
0.474057,0.503113,0.517275,3,0
0.473935,0.502259,0.517031,3,0
0.473446,0.502747,0.517275,3,0
0.47247,0.505677,0.516909,3,0
0.47308,0.506165,0.517519,3,0
0.473813,0.502869,0.518618,3,0
0.476132,0.501404,0.520938,3,0
0.478818,0.499573,0.523623,3,0
0.48187,0.490905,0.524478,3,0
0.485655,0.4848,0.526798,3,0
0.48944,0.492492,0.526431,3,0
0.493224,0.496032,0.526065,3,1
0.496398,0.492858,0.526065,3,0
0.497986,0.495056,0.526065,3,0
0.498962,0.499939,0.524844,3,0
0.501526,0.500061,0.525943,3,0
0.507752,0.501648,0.527408,3,0
0.51288,0.5047,0.527652,3,0
0.518252,0.504212,0.530216,3,0
0.518496,0.505921,0.529728,3,0
0.515444,0.513857,0.525088,3,0
0.512514,0.514589,0.524722,3,0
0.509217,0.509462,0.526431,3,0
0.509828,0.510194,0.528019,3,0
0.511415,0.512392,0.52692,3,0
0.513002,0.511049,0.529117,3,0
0.515566,0.511415,0.528873,3,0
0.516054,0.50934,0.528141,3,0
0.517275,0.504944,0.530094,3,0
0.517031,0.5047,0.528385,3,0
0.511171,0.508241,0.522158,3,0
0.507874,0.502991,0.526676,3,0
0.503479,0.502381,0.525211,3,0
0.494933,0.505067,0.523868,3,0
0.491637,0.503601,0.525821,3,0
0.488707,0.502503,0.525455,3,0
0.484312,0.499939,0.524844,3,0
0.480772,0.499939,0.522891,3,0
0.480405,0.497375,0.524478,3,0
0.479795,0.497864,0.524356,3,0
0.477231,0.499695,0.52167,3,0
0.476743,0.495788,0.520693,3,0
0.476132,0.494933,0.519717,3,0
0.474667,0.495788,0.518618,3,0
0.471737,0.496276,0.51813,3,0
0.468563,0.496643,0.519351,3,0
0.467464,0.499939,0.518618,3,0
0.467464,0.500061,0.518008,3,0
0.468563,0.501282,0.516176,3,0
0.470272,0.50177,0.515566,3,0
0.471371,0.501892,0.515566,3,0
0.471737,0.500916,0.516787,3,0
0.471371,0.500549,0.51813,3,0
0.472104,0.505433,0.517886,3,0
0.472714,0.505921,0.517886,3,0
0.473813,0.503724,0.516909,3,0
0.475888,0.503601,0.517763,3,0
0.479062,0.501526,0.520083,3,0
0.483091,0.495666,0.522158,3,0
0.487242,0.492126,0.523013,3,1
0.494445,0.498474,0.524966,3,0
0.499451,0.496765,0.525211,3,0
0.50409,0.48651,0.528751,3,0
0.506532,0.493224,0.528141,3,0
0.511049,0.500427,0.527164,3,0
0.515322,0.497497,0.529606,3,0
0.515688,0.500183,0.530704,3,0
0.519717,0.505799,0.530827,3,0
0.518984,0.517031,0.521914,3,0
0.515078,0.50934,0.524478,3,0
0.511659,0.505433,0.527286,3,0
0.50995,0.510438,0.52399,3,0
0.510316,0.511659,0.525211,3,0
0.511049,0.511293,0.523501,3,0
0.510682,0.507997,0.523501,3,0
0.511659,0.509095,0.522525,4,0
0.508851,0.515444,0.51642,4,0
0.502503,0.515078,0.518618,4,0
0.503601,0.50995,0.525943,4,0
0.50116,0.505799,0.523746,4,0
0.498962,0.488097,0.525211,4,0
0.495788,0.483702,0.528507,4,0
0.493835,0.483702,0.523746,4,0
0.494079,0.478696,0.525455,4,0
0.494079,0.473569,0.524356,4,0
0.494567,0.476377,0.528141,4,0
0.494933,0.481748,0.529606,4,0
0.49591,0.488097,0.529117,4,0
0.497253,0.491027,0.531071,4,0
0.498718,0.494811,0.529117,4,0
0.50116,0.495544,0.52753,4,0
0.503113,0.496887,0.525821,4,0
0.504456,0.49884,0.525211,4,0
0.505433,0.498474,0.524966,4,0
0.507752,0.494323,0.530827,4,0
0.504456,0.492614,0.537419,4,0
0.503968,0.505311,0.52985,4,0
0.503479,0.494201,0.527896,4,0
0.504822,0.490538,0.527042,4,0
0.504456,0.499939,0.526676,4,0
0.503235,0.496643,0.527774,4,0
0.502014,0.494445,0.529361,4,0
0.502747,0.4953,0.528507,4,0
0.502136,0.494933,0.528019,4,0
0.502625,0.497375,0.526309,4,0
0.503601,0.497741,0.527164,4,0
0.503724,0.497741,0.527042,4,0
0.50409,0.498474,0.527408,4,0
0.503479,0.494811,0.527652,4,0
0.502747,0.494201,0.528263,4,0
0.502625,0.493468,0.528263,4,0
0.502503,0.494079,0.527896,4,0
0.502503,0.494323,0.527774,4,0
0.502625,0.494323,0.52753,4,0
0.502991,0.494323,0.52753,4,0
0.503724,0.495178,0.527652,4,0
0.504578,0.497375,0.526554,4,0
0.503113,0.49823,0.527652,4,0
0.502259,0.493957,0.528141,4,0
0.502259,0.492126,0.528019,4,0
0.501892,0.493468,0.527774,4,0
0.501892,0.494933,0.527896,4,0
0.502136,0.4953,0.527896,4,0
0.502503,0.495788,0.527774,4,0
0.502503,0.495788,0.527652,4,0
0.502136,0.494445,0.52753,4,0
0.502136,0.493957,0.52753,4,0
0.502625,0.494323,0.527652,4,0
0.502625,0.495178,0.527652,4,0
0.502503,0.494933,0.52753,4,0
0.502136,0.494201,0.527774,4,0
0.502259,0.494811,0.527652,4,0
0.502503,0.495178,0.52753,4,0
0.502259,0.494689,0.527774,4,0
0.502381,0.493957,0.527652,4,0
0.502869,0.494445,0.52753,4,0
0.502625,0.494567,0.52753,4,0
0.502991,0.494689,0.52753,4,0
0.502747,0.494567,0.527652,4,0
0.502625,0.494079,0.527408,4,0
0.502747,0.494201,0.527652,4,0
0.502747,0.494689,0.527652,4,0
0.502991,0.494811,0.527652,4,0
0.503113,0.494689,0.527408,4,0
0.502869,0.494445,0.527652,4,0
0.502625,0.493957,0.527896,4,0
0.502503,0.493713,0.527774,4,0
0.502625,0.494445,0.52753,4,0
0.502869,0.495056,0.528385,4,0
0.502991,0.494445,0.52753,4,0
0.502869,0.493713,0.52753,4,0
0.503479,0.494567,0.527164,4,0
0.502869,0.494079,0.527652,4,0
0.502869,0.494323,0.527408,4,0
0.502381,0.494201,0.52753,4,0
0.502381,0.493957,0.52753,4,0
0.502625,0.494201,0.528629,4,0
0.501404,0.494323,0.528507,4,0
0.502381,0.493591,0.527408,4,0
0.502869,0.493957,0.527652,4,0
0.503601,0.493346,0.527896,4,0
0.502869,0.494445,0.527286,4,0
0.502747,0.494079,0.52753,4,0
0.502869,0.494079,0.527286,4,0
0.502869,0.493835,0.527286,4,0
0.502747,0.493591,0.527286,4,0
0.502625,0.494079,0.527896,4,0
0.502503,0.493591,0.527774,4,0
0.502747,0.493346,0.527164,4,0
0.502625,0.493346,0.52753,4,0
0.502503,0.493835,0.52753,4,0
0.502747,0.493957,0.527408,4,0
0.502869,0.493224,0.527408,4,0
0.502747,0.49298,0.527408,4,0
0.502625,0.493835,0.527408,4,0
0.502869,0.494079,0.527286,4,0
0.502625,0.493591,0.527408,4,0
0.502503,0.493346,0.527652,4,0
0.502747,0.493591,0.527286,4,0
0.502869,0.493957,0.527408,4,0
0.502991,0.493957,0.527408,4,0
0.502747,0.493713,0.52753,4,0
0.502747,0.493591,0.527408,4,0
0.502747,0.493346,0.527408,4,0
0.502869,0.493468,0.527408,4,0
0.502991,0.493468,0.527408,4,0
0.502747,0.493224,0.527408,4,0
0.502503,0.493224,0.527408,4,0
0.502747,0.493224,0.527408,4,0
0.502625,0.493591,0.52753,4,0
0.502869,0.493591,0.527408,4,0
0.502869,0.493835,0.527652,4,0
0.502991,0.493835,0.527408,4,0
0.503235,0.493591,0.527042,4,0
0.503235,0.493591,0.527286,4,0
0.503479,0.492736,0.527408,4,0
0.505067,0.491881,0.526676,4,0
0.507874,0.490416,0.525699,4,0
0.510805,0.486143,0.523257,4,0
0.511049,0.480894,0.513857,4,0
0.507142,0.465389,0.522891,4,0
0.502503,0.479795,0.522281,4,0
0.498108,0.481504,0.522036,4,0
0.493468,0.485411,0.523746,4,0
0.491149,0.49005,0.5246,4,0
0.489928,0.493713,0.523135,4,0
0.491393,0.493224,0.52753,4,0
0.490783,0.494079,0.529239,4,0
0.491027,0.493468,0.528629,4,0
0.493468,0.493224,0.531071,4,0
0.494323,0.492248,0.531315,4,0
0.494323,0.492614,0.531071,4,0
0.494445,0.492492,0.531437,4,0
0.4953,0.492736,0.531193,4,0
0.495666,0.491881,0.529606,4,0
0.495422,0.491271,0.529361,4,0
0.494689,0.489928,0.528629,4,0
0.494445,0.489073,0.527652,4,0
0.493713,0.488097,0.527164,4,0
0.493591,0.488097,0.526187,4,0
0.492858,0.488707,0.524722,4,0
0.49237,0.489073,0.52399,4,0
0.492248,0.489684,0.523257,4,0
0.492003,0.490294,0.522158,4,0
0.491637,0.490905,0.521426,4,0
0.491515,0.491637,0.520816,4,0
0.491637,0.491515,0.520938,4,0
0.491515,0.491881,0.520693,4,0
0.491637,0.491759,0.521548,4,0
0.491637,0.491149,0.521792,4,0
0.491637,0.491881,0.522647,4,0
0.491515,0.491637,0.523623,4,0
0.491637,0.491515,0.524844,4,0
0.491881,0.492248,0.525088,4,0
0.492126,0.491881,0.525333,4,0
0.49237,0.491637,0.526187,4,0
0.493224,0.491393,0.526798,4,0
0.49298,0.492248,0.527042,4,0
0.493591,0.492003,0.527774,4,0
0.493224,0.492248,0.527652,4,0
0.493591,0.491393,0.527774,4,0
0.493835,0.490416,0.528019,4,0
0.494201,0.491881,0.527652,4,0
0.494933,0.491881,0.527652,4,0
0.495544,0.491881,0.527896,4,0
0.495788,0.491393,0.527896,4,0
0.495788,0.491393,0.527774,4,0
0.4953,0.491759,0.527774,4,0
0.495666,0.492614,0.52753,4,0
0.49591,0.493346,0.528995,4,0
0.496521,0.494933,0.529728,4,0
0.497741,0.494445,0.53339,4,0
0.500427,0.497009,0.540593,4,0
0.503724,0.50116,0.545965,4,1
0.506898,0.508607,0.549261,4,0
0.507752,0.51056,0.549872,4,0
0.505311,0.510682,0.547064,4,0
0.504456,0.508119,0.546209,4,0
0.503601,0.508607,0.543401,4,0
0.500671,0.506654,0.539006,4,0
0.497741,0.501526,0.533757,4,0
0.496643,0.500671,0.526065,4,0
0.493713,0.496765,0.518618,4,0
0.490905,0.492614,0.511537,4,0
0.48651,0.495544,0.5047,4,0
0.485045,0.495422,0.499817,4,0
0.483335,0.496032,0.496643,4,0
0.482481,0.498718,0.494689,4,0
0.481992,0.503601,0.493102,4,0
0.481626,0.505555,0.493102,4,0
0.480039,0.508973,0.492614,4,0
0.479307,0.510927,0.492858,4,0
0.478208,0.512147,0.493713,4,0
0.478818,0.512636,0.495178,4,0
0.480161,0.512147,0.496276,4,0
0.48126,0.509462,0.498718,4,0
0.481626,0.50763,0.500549,4,0
0.482603,0.504578,0.50177,4,0
0.483457,0.501282,0.503846,4,0
0.482603,0.498962,0.505311,4,0
0.484312,0.494689,0.507386,4,0
0.481992,0.491637,0.510072,4,0
0.480283,0.487242,0.513857,4,0
0.481504,0.483457,0.519595,4,0
0.481382,0.482481,0.523868,4,0
0.482115,0.478696,0.52753,4,0
0.483457,0.475156,0.531681,4,0
0.483213,0.476377,0.533146,4,0
0.485411,0.475156,0.53571,4,0
0.486265,0.477109,0.537785,4,0
0.487853,0.479184,0.538396,4,0
0.49066,0.480772,0.537663,4,0
0.492003,0.478818,0.53925,4,0
0.494201,0.482115,0.538152,4,0
0.497253,0.485899,0.535344,4,0
0.498108,0.489195,0.534123,4,0
0.499451,0.491515,0.531437,4,0
0.500671,0.494445,0.53046,4,0
0.500305,0.495666,0.531315,4,0
0.505311,0.497375,0.534855,4,0
0.511903,0.503968,0.536442,4,0
0.515444,0.511537,0.535344,4,1
0.516054,0.517763,0.534123,4,0
0.517275,0.519961,0.536442,4,0
0.514467,0.521548,0.534489,4,0
0.510438,0.523501,0.534977,4,0
0.509217,0.520816,0.537419,4,0
0.507386,0.51349,0.539128,4,0
0.50409,0.512025,0.537785,4,0
0.504456,0.510194,0.535222,4,0
0.502869,0.503479,0.533268,4,0
0.498962,0.499939,0.529728,4,0
0.496887,0.500061,0.525088,4,0
0.494445,0.497131,0.520449,4,0
0.488219,0.490416,0.515078,4,0
0.485411,0.489073,0.510194,4,0
0.481748,0.488219,0.503968,4,0
0.479673,0.487242,0.502625,4,0
0.479184,0.490294,0.500916,4,0
0.47833,0.496032,0.500305,4,0
0.478208,0.500305,0.499817,4,0
0.47894,0.504212,0.499817,4,0
0.481748,0.506287,0.499817,4,0
0.483091,0.508607,0.499817,4,0
0.484312,0.508729,0.500183,4,0
0.486265,0.507142,0.500427,4,0
0.487242,0.504212,0.502259,4,0
0.487364,0.502136,0.504822,4,0
0.487486,0.498962,0.50995,4,0
0.487242,0.493346,0.515444,4,0
0.487486,0.490538,0.522158,4,0
0.488585,0.486998,0.528019,4,0
0.489195,0.48419,0.531559,4,0
0.487853,0.483946,0.534001,4,0
0.488097,0.482969,0.53571,4,0
0.488829,0.481016,0.537297,4,0
0.489318,0.479307,0.53864,4,0
0.49237,0.478452,0.539617,4,0
0.494445,0.478208,0.540227,4,0
0.495056,0.47833,0.540838,4,0
0.497986,0.478574,0.53864,4,0
0.501282,0.476987,0.538274,4,0
0.504944,0.481382,0.537663,4,0
0.505921,0.48712,0.536198,4,0
0.509095,0.490783,0.534733,4,0
0.510316,0.495178,0.53571,4,0
0.511415,0.499573,0.534733,4,0
0.513124,0.502625,0.533757,4,0
0.514345,0.508729,0.535588,4,0
0.513857,0.511049,0.535832,4,0
0.51227,0.508119,0.538884,4,1
0.511049,0.50934,0.539983,4,0
0.509584,0.512147,0.539983,4,0
0.507386,0.511537,0.541082,4,0
0.505921,0.506898,0.541448,4,0
0.503846,0.502259,0.539861,4,0
0.502014,0.504212,0.536687,4,0
0.502381,0.503357,0.533879,4,0
0.500183,0.498962,0.528385,4,0
0.49591,0.494933,0.523257,4,0
0.4953,0.49237,0.520205,4,0
0.493102,0.489684,0.5152,4,0
0.488097,0.488219,0.508119,4,0
0.483457,0.488585,0.503357,4,0
0.481138,0.491637,0.501038,4,0
0.479917,0.496521,0.496887,4,0
0.47833,0.500549,0.496276,4,0
0.478696,0.503113,0.496032,4,0
0.478208,0.504456,0.496887,4,0
0.478452,0.506165,0.497986,4,0
0.480772,0.506898,0.499695,4,0
0.482969,0.505555,0.500549,4,0
0.483824,0.504822,0.50177,4,0
0.48358,0.503357,0.503235,4,0
0.484556,0.501648,0.505799,4,0
0.486754,0.499573,0.508119,4,0
0.486143,0.496398,0.510316,4,0
0.486387,0.492614,0.516909,4,0
0.488951,0.490905,0.520083,4,0
0.48944,0.487975,0.527042,4,0
0.491149,0.486754,0.533512,4,0
0.490905,0.486143,0.536809,4,0
0.492003,0.484678,0.539983,4,0
0.492248,0.482237,0.540349,4,0
0.493591,0.482725,0.541936,4,0
0.494445,0.482359,0.54157,4,0
0.497986,0.48187,0.541448,4,0
0.500183,0.484312,0.54096,4,0
0.502014,0.483824,0.539128,4,0
0.504456,0.485289,0.53803,4,0
0.505067,0.489684,0.536687,4,0
0.506532,0.493591,0.534245,4,0
0.506287,0.496643,0.532414,4,0
0.509584,0.499084,0.534245,4,0
0.512758,0.501282,0.533879,4,0
0.512514,0.503113,0.53339,4,0
0.513613,0.504334,0.536931,4,0
0.514833,0.506043,0.537785,4,0
0.514345,0.505921,0.53864,4,1
0.513735,0.502625,0.540471,4,0
0.512514,0.501038,0.542425,4,0
0.51056,0.50409,0.54218,4,0
0.50763,0.506898,0.540471,4,0
0.505189,0.503846,0.539617,4,0
0.502747,0.500305,0.536198,4,0
0.500305,0.500916,0.533879,4,0
0.499817,0.496398,0.529117,4,0
0.497131,0.489684,0.525699,4,0
0.495056,0.488585,0.518374,4,0
0.490416,0.487486,0.511903,4,0
0.48773,0.486998,0.508363,4,0
0.48419,0.48773,0.50409,4,0
0.481504,0.491149,0.501282,4,0
0.479917,0.495178,0.500061,4,0
0.479429,0.499329,0.499329,4,0
0.47894,0.50116,0.499451,4,0
0.479429,0.503479,0.500549,4,0
0.479917,0.504822,0.500671,4,0
0.479673,0.506165,0.501892,4,0
0.481382,0.506409,0.502381,4,0
0.482847,0.507874,0.502381,4,0
0.483213,0.507142,0.504212,4,0
0.4848,0.506165,0.504456,4,0
0.484312,0.503113,0.505555,4,0
0.485167,0.499573,0.508851,4,0
0.486632,0.497131,0.51227,4,0
0.488829,0.493591,0.518496,4,0
0.49005,0.49066,0.522525,4,0
0.491881,0.485533,0.526798,4,0
0.49298,0.483946,0.532047,4,0
0.494201,0.483213,0.534977,4,0
0.494445,0.482115,0.537419,4,0
0.493957,0.481382,0.538396,4,0
0.495788,0.480772,0.540715,4,0
0.496643,0.479062,0.540227,4,0
0.499206,0.476865,0.542303,4,0
0.500427,0.478574,0.542303,4,0
0.501892,0.479184,0.539373,4,0
0.503479,0.481382,0.538518,4,0
0.505189,0.485167,0.537297,4,0
0.507264,0.488585,0.534489,4,0
0.507142,0.493102,0.533512,4,0
0.509462,0.496032,0.532902,4,0
0.511537,0.497741,0.532292,4,0
0.513613,0.500794,0.533024,4,0
0.515322,0.505311,0.534001,4,0
0.515566,0.508485,0.535954,4,1
0.514955,0.506654,0.537663,4,0
0.513002,0.506898,0.540471,4,0
0.510682,0.510316,0.540471,4,0
0.509217,0.510805,0.539861,4,0
0.506898,0.506776,0.541204,4,0
0.50409,0.501404,0.539861,4,0
0.502503,0.500427,0.537053,4,0
0.500916,0.500671,0.534855,4,0
0.498718,0.497497,0.532047,4,0
0.496887,0.492248,0.528629,4,0
0.493835,0.491637,0.522158,4,0
0.489806,0.491637,0.516787,4,0
0.486754,0.488707,0.50995,4,0
0.483946,0.486876,0.504822,4,0
0.481138,0.487975,0.501038,4,0
0.480161,0.490538,0.497131,4,0
0.479673,0.496521,0.493591,4,0
0.479429,0.500061,0.49237,4,0
0.479307,0.503479,0.49237,4,0
0.479917,0.505067,0.493224,4,0
0.480894,0.507508,0.494323,4,0
0.482237,0.508485,0.496276,4,0
0.483946,0.508485,0.497619,4,0
0.485289,0.508485,0.498718,4,0
0.4848,0.506532,0.500671,4,0
0.4848,0.500916,0.502503,4,0
0.485411,0.497253,0.50702,4,0
0.486387,0.493957,0.508851,4,0
0.488219,0.48944,0.516176,4,0
0.491149,0.484434,0.52106,4,0
0.492614,0.48126,0.524112,4,0
0.494201,0.476621,0.53046,4,0
0.494201,0.473935,0.533634,4,0
0.495544,0.471493,0.53632,4,0
0.496032,0.470761,0.53864,4,0
0.49884,0.468929,0.54096,4,0
0.500305,0.470761,0.540593,4,0
0.502991,0.470883,0.540349,4,0
0.505433,0.472104,0.539861,4,0
0.507386,0.476377,0.539006,4,0
0.507874,0.478818,0.535954,4,0
0.508729,0.481626,0.535344,4,0
0.51056,0.485411,0.534733,4,0
0.509828,0.489562,0.532536,4,0
0.512392,0.494933,0.533146,4,0
0.514223,0.498352,0.532169,4,0
0.514223,0.499939,0.533024,4,0
0.515078,0.503479,0.533512,4,0
0.515688,0.507386,0.537297,4,1
0.514589,0.507874,0.53803,4,0
0.511781,0.506165,0.540349,4,0
0.510438,0.504334,0.543157,4,0
0.509462,0.505921,0.542669,4,0
0.507264,0.506532,0.542303,4,0
0.505799,0.5047,0.540838,4,0
0.505189,0.499573,0.539617,4,0
0.502991,0.498596,0.533879,4,0
0.501282,0.499206,0.529484,4,0
0.499939,0.496032,0.525577,4,0
0.497619,0.490294,0.519717,4,0
0.492858,0.489195,0.509462,4,0
0.487486,0.485289,0.5047,4,0
0.484556,0.480283,0.502747,4,0
0.48187,0.484068,0.498352,4,0
0.480527,0.488585,0.495788,4,0
0.479917,0.495056,0.496032,4,0
0.479429,0.498718,0.496887,4,0
0.479184,0.501526,0.497497,4,0
0.480161,0.5047,0.498718,4,0
0.481016,0.506898,0.500183,4,0
0.481992,0.507752,0.500671,4,0
0.482115,0.506654,0.500305,4,0
0.483335,0.503968,0.502503,4,0
0.482237,0.500427,0.504578,4,0
0.48419,0.498474,0.508119,4,0
0.486876,0.494323,0.512514,4,0
0.488341,0.49005,0.515688,4,0
0.48944,0.484556,0.524112,4,0
0.492736,0.483213,0.529484,4,0
0.493102,0.480894,0.531193,4,0
0.494445,0.480894,0.538396,4,0
0.495056,0.483335,0.539983,4,0
0.496521,0.480283,0.540715,4,0
0.497131,0.478574,0.543523,4,0
0.499817,0.480894,0.545355,4,0
0.499817,0.477719,0.54389,4,0
0.502869,0.478696,0.544256,4,0
0.504334,0.485777,0.545965,4,0
0.506287,0.488585,0.54157,4,0
0.507752,0.487975,0.536809,4,0
0.50934,0.492858,0.535222,4,0
0.512025,0.499695,0.533879,4,0
0.514101,0.503724,0.532047,4,0
0.515932,0.50409,0.532902,4,0
0.517397,0.510072,0.533512,4,0
0.517397,0.514345,0.532169,4,0
0.515688,0.515566,0.535832,4,0
0.513857,0.515932,0.537419,4,1
0.511659,0.516176,0.537785,4,0
0.508119,0.515078,0.537907,4,0
0.505555,0.510682,0.538518,4,0
0.502991,0.511049,0.537175,4,0
0.500305,0.508363,0.535466,4,0
0.499451,0.507264,0.534001,4,0
0.497741,0.503846,0.528385,4,0
0.4953,0.496276,0.521304,4,0
0.494201,0.489806,0.517031,4,0
0.49005,0.486265,0.508607,4,0
0.484922,0.484434,0.504578,4,0
0.481626,0.484556,0.499939,4,0
0.479917,0.487242,0.497253,4,0
0.479429,0.492736,0.494933,4,0
0.47894,0.499451,0.493835,4,0
0.479184,0.503113,0.493713,4,0
0.479429,0.506409,0.493835,4,0
0.480405,0.508607,0.494689,4,0
0.481504,0.509584,0.496154,4,0
0.484556,0.508973,0.498352,4,0
0.484678,0.506898,0.499939,4,0
0.485167,0.502259,0.504822,4,0
0.48773,0.499329,0.508851,4,0
0.488707,0.495666,0.511781,4,0
0.489928,0.487975,0.518862,4,0
0.491637,0.488341,0.523501,4,0
0.492003,0.485289,0.528507,4,0
0.490905,0.482359,0.532902,4,0
0.492614,0.483213,0.53864,4,0
0.492248,0.481138,0.537663,4,0
0.494567,0.47833,0.538762,4,0
0.497009,0.481626,0.540471,4,0
0.498352,0.479062,0.53925,4,0
0.501038,0.476499,0.540349,4,0
0.502991,0.477353,0.541204,4,0
0.503724,0.47601,0.538518,4,0
0.505799,0.477231,0.538396,4,0
0.50763,0.481626,0.536198,4,0
0.508851,0.485777,0.535466,4,0
0.510805,0.48944,0.534733,4,0
0.512636,0.493591,0.534489,4,0
0.513735,0.497619,0.533024,4,0
0.515078,0.503479,0.532414,4,0
0.516787,0.507997,0.535344,4,0
0.516665,0.508363,0.536687,4,0
0.516665,0.509095,0.537175,4,0
0.513979,0.508607,0.53632,4,0
0.512147,0.506043,0.537419,4,1
0.509095,0.505067,0.540105,4,0
0.505433,0.503846,0.539617,4,0
0.500916,0.504334,0.537785,4,0
0.49884,0.502503,0.534123,4,0
0.496398,0.498474,0.531803,4,0
0.494689,0.497864,0.527896,4,0
0.492492,0.497009,0.522769,4,0
0.493224,0.493346,0.520327,4,0
0.491881,0.492492,0.514345,4,0
0.487242,0.491759,0.507752,4,0
0.485289,0.490783,0.504456,4,0
0.483213,0.490416,0.500794,4,0
0.481504,0.492614,0.498352,4,0
0.48065,0.496887,0.496398,4,0
0.480772,0.50116,0.4953,4,0
0.479673,0.503479,0.4953,1,0
0.47833,0.504212,0.495422,1,0
0.479062,0.505799,0.497864,1,0
0.481138,0.507386,0.499695,1,0
0.483946,0.506776,0.501648,1,0
0.482359,0.506287,0.503968,1,0
0.484922,0.503235,0.506654,1,0
0.486876,0.499695,0.510072,1,0
0.48651,0.497864,0.511049,1,0
0.487975,0.492858,0.516176,1,0
0.490783,0.490905,0.519351,1,0
0.491393,0.487975,0.52167,1,0
0.49298,0.481504,0.527408,1,0
0.494689,0.479551,0.530582,1,0
0.495056,0.478452,0.532902,1,0
0.496154,0.475644,0.533757,1,0
0.497375,0.472592,0.533634,1,0
0.498718,0.473691,0.536076,1,0
0.500549,0.476377,0.536809,1,0
0.502503,0.474667,0.534855,1,0
0.502747,0.474911,0.53632,1,0
0.505067,0.476132,0.53278,1,0
0.508851,0.478818,0.532047,1,0
0.512147,0.485167,0.530949,1,0
0.512392,0.486021,0.525821,1,0
0.512514,0.485289,0.525455,1,0
0.512514,0.484312,0.52399,1,0
0.512636,0.486876,0.523501,1,0
0.511659,0.486754,0.522647,1,0
0.511659,0.486265,0.521182,1,0
0.510927,0.491027,0.517397,1,0
0.511659,0.482847,0.52692,1,0
0.508851,0.489318,0.523013,1,0
0.510316,0.491759,0.522525,1,0
0.509584,0.491393,0.515688,1,0
0.497619,0.494689,0.527774,1,0
0.511171,0.422049,0.542913,1,0
0.511049,0.463191,0.514955,1,0
0.509828,0.486754,0.513368,1,0
0.509584,0.498352,0.515566,1,0
0.514223,0.488829,0.52753,1,0
0.515566,0.482969,0.528873,1,0
0.513246,0.485045,0.522525,1,0
0.512147,0.486754,0.519717,1,0
0.513857,0.486143,0.522891,1,0
0.514589,0.486143,0.523135,1,0
0.514467,0.485411,0.521426,1,0
0.513735,0.482847,0.519961,1,0
0.513124,0.480405,0.520083,1,0
0.513002,0.480527,0.520083,1,0
0.512392,0.48187,0.520205,1,0
0.512392,0.482237,0.520449,1,0
0.51227,0.482969,0.520571,1,0
0.51227,0.482969,0.520816,1,0
0.51227,0.482237,0.520571,1,0
0.51227,0.482237,0.520449,1,0
0.512025,0.482237,0.520449,1,0
0.511903,0.481992,0.520449,1,0
0.511781,0.48187,0.520571,1,0
0.511415,0.481626,0.520449,1,0
0.510805,0.481748,0.520449,1,0
0.510072,0.480772,0.520449,1,0
0.509584,0.48065,0.520205,1,0
0.50934,0.481382,0.520083,1,0
0.509584,0.482359,0.520083,1,0
0.51056,0.481504,0.520693,1,0
0.512147,0.481626,0.520938,1,0
0.513002,0.482115,0.520938,1,0
0.513735,0.482969,0.52106,1,0
0.514345,0.483457,0.52106,1,0
0.514223,0.484556,0.520693,1,0
0.515444,0.483091,0.522036,1,0
0.517153,0.480894,0.525333,1,0
0.521304,0.47308,0.530338,1,0
0.525699,0.467464,0.528263,1,0
0.520571,0.479307,0.521182,1,0
0.516298,0.484068,0.519351,1,0
0.517641,0.489318,0.514223,1,0
0.507752,0.485411,0.515322,1,0
0.504944,0.48126,0.513124,1,0
0.506165,0.482359,0.511903,1,0
0.509706,0.483824,0.511781,1,0
0.502381,0.473691,0.515566,1,0
0.502991,0.469662,0.51288,1,0
0.506043,0.476621,0.519473,1,0
0.506287,0.470761,0.520816,1,0
0.497497,0.474667,0.519717,1,0
0.498352,0.473813,0.522158,1,0
0.497741,0.478818,0.518008,1,0
0.495666,0.477842,0.522158,1,0
0.493468,0.479184,0.523746,1,0
0.491637,0.481382,0.521792,1,0
0.491515,0.483457,0.522525,1,0
0.494079,0.489318,0.526798,1,0
0.494811,0.491271,0.524844,1,0
0.494689,0.483824,0.525943,1,0
0.496276,0.487975,0.523379,1,0
0.48126,0.497253,0.51642,1,0
0.498108,0.500549,0.523501,1,0
0.534977,0.494811,0.508485,1,0
0.53632,0.473569,0.517153,1,0
0.53278,0.477719,0.527896,1,0
0.432792,0.498718,0.501526,1,0
0.499206,0.406055,0.442803,1,0
0.494567,0.428763,0.522036,1,0
0.46661,0.345501,0.527774,1,0
0.59248,0.352094,0.490294,1,0
0.508241,0.45025,0.495422,1,0
0.472958,0.465389,0.489562,1,0
0.448663,0.473691,0.485289,1,0
0.454035,0.48712,0.48773,1,0
0.473813,0.480283,0.504944,1,0
0.493591,0.46197,0.514833,1,0
0.486754,0.480161,0.511781,1,0
0.481504,0.491515,0.516054,1,0
0.484312,0.50116,0.508973,1,0
0.49298,0.497375,0.502991,1,0
0.49298,0.497009,0.500427,1,0
0.486998,0.4953,0.499939,1,0
0.476254,0.475766,0.506043,1,0
0.492126,0.488097,0.501648,1,0
0.477109,0.480894,0.497375,1,0
0.483457,0.485045,0.486632,1,0
0.46368,0.478574,0.50702,1,0
0.463069,0.472714,0.524234,1,0
0.475278,0.474911,0.51642,1,0
0.477719,0.480283,0.511415,1,0
0.479307,0.48358,0.511415,1,0
0.479917,0.479551,0.509706,1,0
0.45843,0.489928,0.514589,1,0
0.460628,0.482603,0.527774,1,0
0.479184,0.488707,0.514711,1,0
0.48419,0.496521,0.529117,1,0
0.483946,0.497375,0.526065,1,0
0.501648,0.504944,0.529117,1,0
0.498718,0.511659,0.525088,1,0
0.48773,0.510194,0.52692,1,0
0.491637,0.500183,0.52753,1,0
0.491637,0.50177,0.526187,1,0
0.491393,0.506409,0.526676,1,0
0.491271,0.502259,0.52692,1,0
0.492003,0.504334,0.526676,1,0
0.491637,0.503724,0.526431,1,0
0.491759,0.503113,0.526309,1,0
0.491515,0.504456,0.526554,1,0
0.491637,0.503479,0.52692,1,0
0.491515,0.503968,0.527042,1,0
0.491637,0.503601,0.527042,1,0
0.491637,0.504334,0.526554,1,0
0.491515,0.503235,0.526431,1,0
0.491759,0.504212,0.526554,1,0
0.491515,0.503724,0.527042,1,0
0.491393,0.503846,0.526554,1,0
0.491759,0.503601,0.526187,1,0
0.491759,0.504334,0.526431,1,0
0.491393,0.503479,0.526798,1,0
0.491759,0.503601,0.527164,1,0
0.491637,0.50409,0.52692,1,0
0.491271,0.503357,0.52692,1,0
0.491393,0.504456,0.526187,1,0
0.492126,0.503479,0.52692,1,0
0.491149,0.503968,0.528019,1,0
0.491515,0.503113,0.527408,1,0
0.491637,0.504578,0.526187,1,0
0.492003,0.503601,0.525577,1,0
0.491393,0.503724,0.526065,1,0
0.491759,0.503968,0.526554,1,0
0.49066,0.503846,0.528385,1,0
0.491515,0.503601,0.528751,1,0
0.491881,0.503357,0.525455,1,0
0.492248,0.50409,0.524844,1,0
0.491271,0.503846,0.526065,1,0
0.491393,0.50409,0.527286,1,0
0.491515,0.503479,0.527408,1,0
0.491881,0.503846,0.527042,1,0
0.491637,0.503235,0.526065,1,0
0.491881,0.504822,0.525577,1,0
0.491393,0.503113,0.525943,1,0
0.491881,0.504578,0.526798,1,0
0.491515,0.502991,0.527286,1,0
0.491759,0.504212,0.527042,1,0
0.491515,0.502991,0.526798,1,0
0.491759,0.504822,0.526431,1,0
0.491393,0.503113,0.526431,1,0
0.491759,0.504456,0.526676,1,0
0.491759,0.503113,0.526676,1,0
0.491759,0.5047,0.526554,1,0
0.491271,0.502991,0.526187,1,0
0.492126,0.504944,0.526065,1,0
0.491515,0.502869,0.526798,1,0
0.491149,0.50409,0.527652,1,0
0.491515,0.503479,0.527286,1,0
0.491881,0.504212,0.526309,1,0
0.491881,0.503235,0.525821,1,0
0.491637,0.504456,0.526065,1,0
0.491271,0.503846,0.526798,1,0
0.491637,0.50409,0.527042,1,0
0.491881,0.503235,0.527286,1,0
0.491759,0.50409,0.527286,1,0
0.491393,0.503846,0.526554,1,0
0.491393,0.503601,0.526309,1,0
0.492003,0.504212,0.526431,1,0
0.491759,0.503479,0.526554,1,0
0.491515,0.503968,0.52692,1,0
0.491271,0.503846,0.526798,1,0
0.491515,0.503968,0.526554,1,0
0.491393,0.503235,0.526798,1,0
0.491881,0.503846,0.52692,1,0
0.491881,0.503601,0.527164,1,0
0.492126,0.504456,0.527164,1,0
0.490905,0.503113,0.52692,1,0
0.491515,0.50409,0.526676,1,0
0.491637,0.503724,0.526554,1,0
0.491637,0.503968,0.525943,1,0
0.491637,0.502747,0.526187,1,0
0.49237,0.504944,0.526798,1,0
0.491515,0.503724,0.52753,1,0
0.49066,0.503357,0.527164,1,0
0.491637,0.504456,0.526431,1,0
0.491759,0.504578,0.526065,1,0
0.492248,0.502259,0.526065,1,0
0.491881,0.50409,0.526309,1,0
0.491149,0.504212,0.526676,1,0
0.490905,0.504334,0.527042,1,0
0.492126,0.502625,0.527042,1,0
0.49237,0.504212,0.526798,1,0
0.491393,0.503601,0.526798,1,0
0.490783,0.504212,0.526554,1,0
0.491759,0.503968,0.526676,1,0
0.492248,0.503601,0.52692,1,0
0.491759,0.503479,0.526554,1,0
0.490905,0.504212,0.526431,1,0
0.491515,0.504334,0.526554,1,0
0.491759,0.503235,0.526798,1,0
0.491881,0.503479,0.527164,1,0
0.491515,0.503846,0.52692,1,0
0.491515,0.504578,0.52692,1,0