0.520693,0.489195,0.524722,1,0
0.520571,0.489195,0.524844,1,0
0.520449,0.489073,0.524722,1,0
0.520571,0.488951,0.524844,1,0
0.520571,0.489073,0.524844,1,0
0.520449,0.488951,0.524844,1,0
0.520571,0.489073,0.524966,1,0
0.520571,0.489073,0.524966,1,0
0.520571,0.489073,0.524844,1,0
0.520571,0.488951,0.524966,1,0
0.520571,0.488829,0.524722,1,0
0.520449,0.489073,0.524844,1,0
0.520571,0.488829,0.524966,1,0
0.520449,0.489073,0.524966,1,0
0.520449,0.489073,0.524966,1,0
0.520449,0.489073,0.524966,1,0
0.520571,0.489073,0.525088,1,0
0.520449,0.488829,0.525211,1,0
0.520449,0.489073,0.524966,1,0
0.520449,0.489073,0.524722,1,0
0.520327,0.489073,0.524844,1,0
0.520449,0.488951,0.525088,1,0
0.520449,0.488951,0.524966,1,0
0.520449,0.489073,0.524966,1,0
0.520449,0.489073,0.524966,1,0
0.520327,0.488951,0.524844,1,0
0.520449,0.489073,0.524844,1,0
0.520449,0.488951,0.524966,1,0
0.520571,0.488951,0.524844,1,0
0.520571,0.488585,0.5246,1,0
0.520571,0.489195,0.5246,1,0
0.520571,0.488829,0.524844,1,0
0.520693,0.488829,0.524844,1,0
0.520571,0.488951,0.524722,1,0
0.520693,0.488951,0.524844,1,0
0.520571,0.488951,0.524844,1,0
0.520571,0.488951,0.524844,1,0
0.520693,0.488951,0.524844,1,0
0.520449,0.488951,0.524722,1,0
0.520571,0.488707,0.524844,1,0
0.520571,0.488951,0.524844,1,0
0.520693,0.489073,0.524966,1,0
0.520571,0.488951,0.524966,1,0
0.520693,0.488951,0.525088,1,0
0.520693,0.488829,0.524722,1,0
0.520571,0.489195,0.524844,1,0
0.520693,0.488951,0.5246,1,0
0.520693,0.488585,0.524356,1,0
0.520816,0.488707,0.524722,1,0
0.520571,0.488829,0.524966,1,0
0.520816,0.488951,0.524844,1,0
0.520938,0.489073,0.524966,1,0
0.520693,0.489195,0.524966,1,0
0.520571,0.489195,0.524844,1,0
0.520571,0.488951,0.524722,1,0
0.520571,0.488951,0.524844,1,0
0.520693,0.488707,0.525088,1,0
0.520571,0.489073,0.524844,1,0
0.520816,0.489195,0.524722,1,0
0.520816,0.489318,0.524844,1,0
0.520571,0.489562,0.525211,1,0
0.520327,0.48944,0.525455,1,0
0.520205,0.489684,0.525333,1,0
0.520205,0.489562,0.525211,1,0
0.520205,0.489562,0.525211,1,0
0.520083,0.489684,0.525455,1,0
0.520205,0.489562,0.525577,1,0
0.520205,0.48944,0.525455,1,0
0.520083,0.489562,0.525455,1,0
0.520449,0.489806,0.525333,1,0
0.520816,0.489562,0.525211,1,0
0.520571,0.489684,0.524844,1,0
0.520571,0.489562,0.525088,1,0
0.520571,0.489562,0.524966,1,0
0.520449,0.48944,0.524966,1,0
0.520449,0.48944,0.525333,1,0
0.520327,0.489928,0.525943,1,0
0.520449,0.489928,0.525333,1,0
0.520205,0.49005,0.525455,1,0
0.519961,0.489806,0.525577,1,0
0.519961,0.489806,0.525577,1,0
0.520083,0.489562,0.525577,1,0
0.520083,0.489684,0.525333,1,0
0.520205,0.489806,0.525577,1,0
0.520327,0.489562,0.525333,1,0
0.520571,0.489806,0.525333,1,0
0.520693,0.489684,0.525211,1,0
0.520449,0.489684,0.525211,1,0
0.520571,0.489684,0.525211,1,0
0.520327,0.489684,0.525333,1,0
0.520327,0.489562,0.525699,1,0
0.520205,0.489806,0.525577,1,0
0.520327,0.489684,0.525577,1,0
0.520205,0.49005,0.525333,1,0
0.520083,0.489928,0.525699,1,0
0.520205,0.489928,0.525333,1,0
0.520205,0.489562,0.525699,1,0
0.520205,0.489806,0.525455,0,0
0.520327,0.489684,0.525333,0,0
0.520327,0.489806,0.525333,0,0
0.520327,0.489928,0.525455,0,0
0.520083,0.489806,0.525577,0,0
0.520205,0.49005,0.525577,0,0
0.520327,0.49005,0.525211,0,0
0.520205,0.489806,0.525455,0,0
0.520205,0.489806,0.525211,0,0
0.520205,0.49005,0.525455,0,0
0.520205,0.489684,0.525333,0,0
0.520083,0.490294,0.525577,0,0
0.519839,0.489806,0.525699,0,0
0.520083,0.489684,0.525699,0,0
0.519961,0.489806,0.525577,0,0
0.520083,0.490416,0.525333,0,0
0.519961,0.490416,0.525699,1,0
0.520083,0.490294,0.525577,1,0
0.520083,0.489928,0.525577,1,0
0.520205,0.489928,0.525821,1,0
0.520083,0.489684,0.525577,1,0
0.520205,0.489318,0.525699,1,0
0.520083,0.489806,0.525455,1,0
0.520571,0.489806,0.525699,1,0
0.522036,0.48944,0.526676,1,0
0.521426,0.489928,0.527286,1,0
0.521914,0.490172,0.528507,1,0
0.522403,0.490172,0.528995,1,0
0.522891,0.49066,0.529361,1,0
0.521548,0.492126,0.530094,1,0
0.517031,0.491881,0.536931,1,0
0.516298,0.492858,0.532414,1,0
0.516054,0.491149,0.52985,1,0
0.517397,0.489806,0.530582,1,0
0.518008,0.489806,0.531559,1,0
0.51581,0.489684,0.528629,1,0
0.514589,0.488341,0.526065,1,0
0.513246,0.488585,0.52753,1,0
0.511049,0.490905,0.528385,1,0
0.510072,0.494079,0.530094,1,0
0.509706,0.496154,0.530338,1,0
0.508851,0.497131,0.529972,1,0
0.507997,0.497619,0.531315,1,0
0.506287,0.499573,0.532292,1,0
0.504212,0.498352,0.53339,1,0
0.504212,0.498718,0.533757,1,0
0.504456,0.49884,0.533146,1,0
0.503846,0.499451,0.532414,1,0
0.503357,0.499573,0.534123,1,0
0.503724,0.498718,0.537175,1,0
0.503235,0.499817,0.536198,1,0
0.501892,0.501038,0.534123,1,0
0.50116,0.501282,0.534611,1,0
0.499939,0.502014,0.533146,1,0
0.498596,0.503113,0.531315,1,0
0.496765,0.503724,0.528019,1,0
0.494445,0.505433,0.524234,1,0
0.493957,0.502381,0.525699,1,0
0.495178,0.498474,0.527896,1,0
0.495544,0.499573,0.527408,1,0
0.496032,0.499573,0.527042,1,0
0.496521,0.500183,0.528507,1,0
0.499573,0.49823,0.531925,1,0
0.499939,0.500427,0.531559,1,0
0.501038,0.500916,0.532292,1,0
0.504334,0.498718,0.535222,1,0
0.507508,0.498596,0.536931,1,0
0.507997,0.501282,0.53632,1,0
0.508729,0.498596,0.5351,1,0
0.507997,0.497497,0.535954,1,0
0.50763,0.497253,0.535588,1,0
0.507997,0.496887,0.534001,1,0
0.507874,0.49591,0.533146,1,0
0.507874,0.496032,0.533634,1,0
0.507874,0.496765,0.533879,1,0
0.50702,0.497986,0.534001,1,0
0.503968,0.496765,0.533757,1,0
0.503479,0.49884,0.533024,1,0
0.502991,0.497375,0.533634,1,0
0.503113,0.497131,0.533634,1,0
0.502259,0.497986,0.533146,1,0
0.502503,0.497741,0.53339,1,0
0.502747,0.497375,0.532536,1,0
0.503113,0.497009,0.53278,1,0
0.502991,0.496643,0.53339,1,0
0.503479,0.496521,0.532902,1,0
0.503479,0.496765,0.533024,1,0
0.502991,0.496887,0.532658,1,0
0.503357,0.496765,0.533024,1,0
0.503113,0.497375,0.532658,1,0
0.503479,0.496887,0.533634,1,0
0.503479,0.495544,0.539617,1,0
0.504578,0.496154,0.536687,1,0
0.503601,0.494811,0.534245,1,0
0.505677,0.488219,0.533757,1,0
0.506532,0.491881,0.535466,1,0
0.506776,0.491271,0.536687,1,0
0.507386,0.491637,0.538152,1,0
0.506898,0.491759,0.539006,1,0
0.5047,0.492858,0.539006,1,0
0.503601,0.494811,0.537297,1,0
0.499939,0.494689,0.533634,1,0
0.498596,0.496398,0.532292,1,0
0.497741,0.502991,0.530704,1,0
0.497375,0.507386,0.529239,1,0
0.497009,0.510316,0.528141,1,0
0.497497,0.51056,0.528385,1,0
0.496521,0.511537,0.528751,1,0
0.496398,0.512636,0.529972,1,0
0.496398,0.510927,0.531071,1,0
0.496643,0.516543,0.530704,1,0
0.497864,0.518008,0.5351,1,0
0.49823,0.515078,0.538396,1,0
0.49823,0.514589,0.533757,1,0
0.499329,0.520083,0.533512,1,0
0.499206,0.512758,0.529728,1,0
0.499939,0.497619,0.529972,1,0
0.493346,0.474667,0.527774,1,0
0.491149,0.471859,0.523623,1,0
0.489073,0.457942,0.5246,1,0
0.488585,0.474545,0.525455,1,0
0.500671,0.470883,0.535466,1,0
0.489928,0.463802,0.538396,1,0
0.486265,0.475278,0.538518,1,0
0.493957,0.491881,0.542425,1,0
0.496032,0.499329,0.547308,1,0
0.503601,0.504212,0.548895,1,0
0.504578,0.519839,0.543157,1,0
0.505189,0.522769,0.536931,1,0
0.505555,0.521548,0.531925,1,0
0.504944,0.518252,0.531559,1,0
0.504212,0.518984,0.530704,1,0
0.50409,0.523135,0.525821,1,0
0.502014,0.526187,0.522281,1,0
0.500671,0.5246,0.522281,1,0
0.500183,0.524356,0.520693,1,0
0.499329,0.526676,0.517031,1,0
0.497497,0.526065,0.513368,1,0
0.495788,0.521914,0.511049,1,0
0.493224,0.517763,0.507874,1,0
0.491881,0.513002,0.506165,1,0
0.489928,0.50763,0.504334,1,0
0.487486,0.498108,0.503113,1,0
0.484556,0.490905,0.496765,1,0
0.473691,0.479184,0.495056,1,0
0.480283,0.471127,0.504334,1,0
0.483091,0.466976,0.510316,1,0
0.488463,0.45904,0.519595,1,0
0.493835,0.454401,0.537419,1,0
0.497253,0.472592,0.547918,1,0
0.503968,0.488829,0.554877,1,0
0.502869,0.498962,0.553534,1,0
0.510072,0.50702,0.557197,1,0
0.511781,0.513979,0.549383,1,0
0.512758,0.516909,0.54389,1,0
0.515566,0.52167,0.541448,1,0
0.516298,0.527164,0.533512,1,0
0.513246,0.530949,0.528385,1,0
0.512636,0.533879,0.524356,1,0
0.513368,0.53339,0.522769,1,0
0.513735,0.531803,0.523746,1,0
0.517763,0.525699,0.527408,1,0
0.519717,0.52106,0.530094,1,0
0.521548,0.518618,0.532169,1,0
0.523013,0.511171,0.538518,1,0
0.517031,0.508363,0.542791,1,0
0.511781,0.500549,0.534611,1,0
0.509828,0.463191,0.527408,1,0
0.507874,0.462947,0.541814,1,0
0.504334,0.456232,0.531803,1,0
0.499817,0.445733,0.538396,1,0
0.494933,0.469296,0.537907,1,0
0.495666,0.476132,0.536687,1,0
0.500305,0.483457,0.53925,1,0
0.5047,0.491271,0.542547,1,0
0.510194,0.501404,0.546942,1,0
0.515322,0.512025,0.544622,1,0
0.519717,0.515322,0.543401,1,0
0.5246,0.520327,0.54682,1,0
0.526554,0.529972,0.54218,1,0
0.52106,0.534123,0.534733,1,0
0.518618,0.530216,0.534123,1,0
0.515444,0.53046,0.528995,1,0
0.51227,0.529606,0.522769,1,0
0.508241,0.530827,0.519106,1,0
0.50702,0.528263,0.518008,1,0
0.503479,0.527896,0.514223,1,0
0.503113,0.525455,0.510805,1,0
0.500549,0.524356,0.505555,1,0
0.500061,0.513857,0.502747,1,0
0.497497,0.503479,0.502259,1,0
0.497619,0.495788,0.500061,1,0
0.494811,0.482847,0.497986,1,0
0.493102,0.477597,0.503846,1,0
0.495666,0.465511,0.504456,1,0
0.495788,0.463924,0.505067,1,0
0.500916,0.450861,0.511049,1,0
0.50177,0.451837,0.527408,1,0
0.501038,0.465267,0.539739,1,0
0.506654,0.459285,0.550848,1,0
0.516176,0.473569,0.559517,1,0
0.519351,0.486143,0.565987,1,0
0.523257,0.486021,0.564644,1,0
0.524722,0.492858,0.556098,1,0
0.526676,0.503846,0.551703,1,0
0.523868,0.509095,0.545477,1,0
0.528141,0.512514,0.54218,1,0
0.525821,0.522891,0.532414,1,0
0.522158,0.527652,0.529728,1,0
0.518618,0.526431,0.52753,1,0
0.516543,0.525455,0.524356,1,0
0.516909,0.523868,0.522769,1,0
0.51813,0.524478,0.524478,1,0
0.520205,0.520205,0.529361,1,0
0.522158,0.519473,0.534245,1,0
0.524356,0.514833,0.537297,1,0
0.522158,0.512636,0.541082,1,0
0.515322,0.501282,0.544012,1,0
0.505799,0.486387,0.542058,1,0
0.512514,0.456843,0.537541,1,0
0.513246,0.442925,0.545477,1,0
0.50763,0.441094,0.537175,1,0
0.494933,0.435356,0.531925,1,0
0.488463,0.450372,0.528873,1,0
0.486387,0.473813,0.529239,1,0
0.492248,0.483824,0.534489,1,0
0.498718,0.48651,0.538518,1,0
0.508851,0.488463,0.548041,1,0
0.515444,0.499695,0.555854,1,0
0.519717,0.514955,0.554633,1,0
0.527164,0.527774,0.541204,1,0
0.527896,0.531437,0.543157,1,0
0.526309,0.534245,0.537053,1,0
0.523257,0.524966,0.527774,1,0
0.517763,0.538762,0.519839,1,0
0.514711,0.532414,0.515322,1,0
0.512392,0.528995,0.510927,1,0
0.507997,0.531315,0.503601,1,0
0.503724,0.525577,0.498962,1,0
0.500794,0.519228,0.496521,1,0
0.499695,0.508485,0.493346,1,0
0.49823,0.498108,0.490905,1,0
0.496398,0.476621,0.487486,1,0
0.482359,0.453791,0.48651,1,0
0.498108,0.449518,0.501282,1,0
0.500305,0.439629,0.508485,1,0
0.499451,0.443291,0.531803,1,0
0.496154,0.470639,0.542913,1,0
0.504578,0.480527,0.553412,1,0
0.508729,0.479307,0.560737,1,0
0.515932,0.489684,0.562569,1,0
0.516054,0.495666,0.558662,1,0
0.517397,0.497131,0.555854,1,0
0.520449,0.496765,0.551947,1,0
0.524722,0.503357,0.548529,1,0
0.5246,0.509217,0.544012,1,0
0.520449,0.509706,0.538274,1,0
0.517397,0.507874,0.533879,1,0
0.515932,0.517031,0.528751,1,0
0.514589,0.52399,0.52399,1,0
0.513368,0.525943,0.523746,1,0
0.514711,0.528019,0.525211,1,0
0.516054,0.525821,0.52692,1,0
0.520205,0.522891,0.53046,1,1
0.523257,0.518252,0.534367,1,0
0.522403,0.512514,0.540105,1,0
0.514223,0.513246,0.536198,1,0
0.51056,0.486021,0.534123,1,0
0.503113,0.437431,0.544866,1,0
0.507508,0.46954,0.537907,1,0
0.507142,0.433769,0.531193,1,0
0.498718,0.436699,0.53864,1,0
0.490294,0.469296,0.53571,1,0
0.49066,0.477964,0.535344,1,0
0.497131,0.481138,0.539983,1,0
0.502869,0.487486,0.54975,1,0
0.511293,0.490294,0.554755,1,0
0.51813,0.507508,0.554145,1,0
0.525577,0.517763,0.547064,1,0
0.527408,0.518374,0.540227,1,0
0.528507,0.523257,0.540105,1,0
0.526431,0.531803,0.533879,1,0
0.520816,0.530949,0.52167,1,0
0.515688,0.526554,0.516543,1,0
0.51288,0.531437,0.513613,1,0
0.509584,0.530338,0.509706,1,0
0.507874,0.529361,0.505921,1,0
0.504334,0.528019,0.499451,1,0
0.503968,0.517397,0.493468,1,0
0.498718,0.5047,0.488829,1,0
0.497375,0.492248,0.488097,1,0
0.492003,0.476621,0.48651,1,0
0.484434,0.464778,0.489195,1,0
0.489928,0.452082,0.500671,1,0
0.490294,0.443169,0.521426,1,0
0.489684,0.451349,0.538884,1,0
0.492614,0.462703,0.545477,1,0
0.500794,0.479917,0.553534,1,0
0.506287,0.482115,0.562325,1,0
0.511781,0.485289,0.561958,1,0
0.517031,0.492003,0.559517,1,0
0.518252,0.502991,0.557685,1,0
0.517886,0.503113,0.549506,1,0
0.518618,0.503968,0.542303,1,0
0.519473,0.505311,0.540471,1,0
0.517763,0.509095,0.536565,1,0
0.514467,0.50763,0.530338,1,0
0.511903,0.51581,0.525577,1,0
0.511781,0.517153,0.525821,1,0
0.512758,0.518862,0.5246,1,0
0.513735,0.525455,0.525821,1,1
0.5152,0.522769,0.528141,1,0
0.51813,0.519106,0.535222,1,0
0.523501,0.518496,0.539495,1,0
0.525088,0.513613,0.543035,1,0
0.519595,0.511293,0.53803,1,0
0.508851,0.445733,0.547918,1,0
0.496643,0.454645,0.538762,1,0
0.503968,0.454767,0.534977,1,0
0.49823,0.446466,0.544744,1,0
0.491149,0.461726,0.547064,1,0
0.493835,0.476621,0.545721,1,0
0.499329,0.485411,0.54389,1,0
0.508973,0.493468,0.551459,1,0
0.516298,0.507874,0.550848,1,0
0.520571,0.518496,0.54743,1,0
0.524234,0.518984,0.53925,1,0
0.528873,0.528141,0.52985,1,0
0.528873,0.528995,0.527286,1,0
0.52399,0.531193,0.524356,1,0
0.521792,0.532047,0.518496,1,0
0.517275,0.529361,0.512514,1,0
0.511781,0.534367,0.505067,1,0
0.507386,0.527774,0.503357,1,0
0.506532,0.521792,0.498474,1,0
0.500427,0.513124,0.48651,1,0
0.495544,0.486143,0.488707,1,0
0.486998,0.46368,0.49237,1,0
0.477719,0.445489,0.492858,1,0
0.488707,0.444512,0.494323,1,0
0.496276,0.436943,0.51349,1,0
0.495666,0.443291,0.540593,1,0
0.498962,0.476499,0.547796,1,0
0.50763,0.485655,0.553901,1,0
0.512392,0.492858,0.563179,1,0
0.517763,0.503601,0.56208,1,0
0.517397,0.517275,0.551459,1,0
0.518008,0.517886,0.544378,1,0
0.518862,0.519595,0.538762,1,0
0.519595,0.51581,0.534123,1,0
0.517519,0.516787,0.529239,1,0
0.515078,0.52167,0.524966,1,0
0.513857,0.523135,0.523135,1,0
0.511659,0.524112,0.519839,1,0
0.51349,0.525088,0.522769,1,0
0.514589,0.527042,0.527286,1,0
0.517275,0.5246,0.527164,1,0
0.518984,0.525088,0.53046,1,1
0.520449,0.518252,0.53571,1,0
0.514223,0.511415,0.53632,1,0
0.50702,0.492614,0.535344,1,0
0.506043,0.461238,0.537785,1,0
0.511537,0.47015,0.536076,1,0
0.521548,0.438652,0.546942,1,0
0.507508,0.436088,0.547186,1,0
0.495666,0.459651,0.544866,1,0
0.496765,0.474789,0.542791,1,0
0.503846,0.480772,0.544988,1,0
0.514833,0.493835,0.547674,1,0
0.522158,0.502381,0.553412,1,0
0.523379,0.509706,0.547186,1,0
0.529972,0.513124,0.540838,1,0
0.534245,0.524234,0.534733,1,0
0.534001,0.531925,0.536076,1,0
0.527652,0.53864,0.527896,1,0
0.523135,0.532292,0.52399,1,0
0.517886,0.532658,0.520571,1,0
0.513246,0.531071,0.513735,1,0
0.508119,0.527896,0.511171,1,0
0.504822,0.525333,0.503846,1,0
0.502503,0.514711,0.501526,1,0
0.502381,0.506654,0.497741,1,0
0.497497,0.492614,0.491027,1,0
0.49237,0.476621,0.485777,1,0
0.482115,0.447686,0.4848,1,0
0.485655,0.443291,0.493835,1,0
0.496032,0.444634,0.495056,1,0
0.507874,0.430839,0.52692,1,0
0.517031,0.460628,0.549628,1,0
0.521426,0.489928,0.556831,1,0
0.524356,0.495666,0.56147,1,0
0.531803,0.503601,0.565132,1,0
0.53339,0.515566,0.560005,1,0
0.526554,0.518374,0.548285,1,0
0.5246,0.518862,0.54218,1,0
0.522647,0.516298,0.537907,1,0
0.520571,0.514345,0.534123,1,0
0.517275,0.513735,0.529972,1,0
0.516787,0.516298,0.528019,1,0
0.51581,0.519351,0.523746,1,0
0.514101,0.516176,0.520816,1,0
0.514101,0.519839,0.524112,1,0
0.513613,0.51813,0.5246,1,0
0.514223,0.519961,0.524112,1,0
0.517641,0.517397,0.528629,1,0
0.520327,0.516176,0.533512,1,0
0.524234,0.51581,0.536565,1,1
0.527408,0.510316,0.540715,1,0
0.523379,0.508119,0.545233,1,0
0.513979,0.504578,0.532047,1,0
0.506043,0.470516,0.528385,1,0
0.517031,0.415212,0.555732,1,0
0.51056,0.445855,0.543279,1,0
0.494445,0.426199,0.544256,1,0
0.487608,0.462459,0.547064,1,0
0.495788,0.480039,0.549139,1,0
0.506165,0.486021,0.548163,1,0
0.51581,0.492492,0.550604,1,0
0.521792,0.509217,0.551825,1,0
0.525088,0.523013,0.547674,1,0
0.531071,0.519839,0.523135,1,0
0.527896,0.527042,0.522891,1,0
0.524356,0.532536,0.522525,1,0
0.519595,0.535954,0.514345,1,0
0.513857,0.5351,0.505555,1,0
0.507874,0.538396,0.498718,1,0
0.502991,0.535588,0.494079,1,0
0.501648,0.519228,0.494567,1,0
0.500061,0.509828,0.491149,1,0
0.500061,0.495178,0.487853,1,0
0.496154,0.473324,0.487608,1,0
0.480405,0.446466,0.484922,1,0
0.492492,0.445367,0.49884,1,0
0.501526,0.421682,0.510072,1,0
0.511415,0.428763,0.539373,1,0
0.516909,0.478574,0.558662,1,0
0.515566,0.491881,0.549628,1,0
0.518984,0.496887,0.558662,1,0
0.524112,0.509584,0.564644,1,0
0.523746,0.519961,0.559883,1,0
0.518618,0.52167,0.542547,1,0
0.517031,0.522647,0.536931,1,0
0.517397,0.51874,0.534367,1,0
0.516787,0.516787,0.530827,1,0
0.514955,0.514223,0.527408,1,0
0.510805,0.520938,0.524356,1,0
0.507997,0.523623,0.521304,1,0
0.508119,0.520205,0.523379,1,0
0.509706,0.517397,0.525577,1,0
0.509706,0.517641,0.526065,1,0
0.50995,0.516176,0.527652,1,0
0.510805,0.517763,0.53339,1,0
0.508363,0.513857,0.535344,1,0
0.503846,0.508241,0.539373,1,0
0.500183,0.506287,0.534489,1,1
0.503846,0.494323,0.527774,1,0
0.515078,0.45025,0.543279,1,0
0.514467,0.447564,0.541326,1,0
0.517397,0.453913,0.535466,1,0
0.499206,0.430472,0.54682,1,0
0.494811,0.463069,0.539861,1,0
0.499451,0.47601,0.541326,1,0
0.505067,0.477964,0.545965,1,0
0.512636,0.489928,0.549628,1,0
0.517763,0.502381,0.552924,1,0
0.524112,0.516054,0.554023,1,0
0.528019,0.526065,0.551215,1,0
0.528385,0.525821,0.54157,1,0
0.526676,0.534733,0.536687,1,0
0.524234,0.534977,0.535954,1,0
0.520571,0.528141,0.520693,1,0
0.515932,0.533879,0.513246,1,0
0.510438,0.530949,0.509217,1,0
0.507997,0.52399,0.50702,1,0
0.505677,0.518862,0.504212,1,0
0.50177,0.510927,0.494567,1,0
0.495422,0.49823,0.49066,1,0
0.494323,0.487975,0.495178,1,0
0.486265,0.473691,0.491271,1,0
0.483824,0.443169,0.493224,1,0
0.490172,0.437676,0.497375,1,0
0.499695,0.434135,0.512758,1,0
0.503357,0.439018,0.535832,1,0
0.516543,0.476254,0.559272,1,0
0.5246,0.499695,0.565865,1,0
0.526431,0.497131,0.565987,1,0
0.531193,0.530094,0.561104,1,0
0.529606,0.548285,0.554755,1,0
0.519595,0.540471,0.542791,1,0
0.516665,0.526309,0.53278,1,0
0.513735,0.52106,0.531071,1,0
0.511537,0.519106,0.530949,1,0
0.511171,0.514589,0.529361,1,0
0.509462,0.510316,0.528751,1,0
0.507874,0.508241,0.528385,1,0
0.507508,0.503724,0.531315,1,0
0.50702,0.499084,0.536076,1,0
0.505067,0.500427,0.533879,1,0
0.503846,0.511537,0.528629,1,0
0.49884,0.499817,0.529117,1,0
0.494323,0.486754,0.533268,1,0
0.499939,0.470516,0.535954,1,0
0.521792,0.463558,0.5445,1,1
0.527164,0.441948,0.554389,1,0
0.499084,0.458308,0.553534,1,0
0.492248,0.478452,0.549139,1,0
0.498352,0.495056,0.545599,1,0
0.501526,0.499573,0.539739,1,0
0.504334,0.499573,0.538884,1,0
0.508363,0.503968,0.538762,1,0
0.511903,0.510194,0.540105,1,0
0.516054,0.51642,0.534855,1,0
0.517886,0.517519,0.535588,1,0
0.516665,0.522158,0.541204,1,0
0.51581,0.5246,0.535466,1,0
0.513246,0.52106,0.529728,1,0
0.50995,0.529606,0.527774,1,0
0.507508,0.525211,0.526065,1,0
0.506532,0.52399,0.520571,1,0
0.502136,0.522036,0.51056,1,0
0.500671,0.515444,0.505921,1,0
0.49884,0.509095,0.502503,1,0
0.49884,0.504456,0.500549,1,0
0.496032,0.492858,0.49005,1,0
0.489562,0.477964,0.486143,1,0
0.479551,0.46368,0.486632,1,0
0.488097,0.449274,0.499206,1,0
0.491515,0.445245,0.500671,1,0
0.498474,0.434135,0.525333,1,0
0.501892,0.46075,0.551215,1,0
0.50995,0.479062,0.562935,1,0
0.517886,0.48773,0.567086,1,0
0.521548,0.503601,0.569405,1,0
0.518496,0.515078,0.561592,1,0
0.517519,0.511781,0.550971,1,0
0.517397,0.518008,0.543523,1,0
0.518252,0.516298,0.538152,1,0
0.51581,0.516787,0.531315,1,0
0.514833,0.509706,0.528263,1,0
0.512758,0.517886,0.526065,1,0
0.511659,0.521182,0.524478,1,0
0.509584,0.513735,0.519595,1,0
0.509584,0.5246,0.522158,1,0
0.511415,0.520571,0.524478,1,0
0.514467,0.51813,0.527774,1,0
0.517275,0.51581,0.530216,1,0
0.518862,0.509095,0.537663,1,0
0.512758,0.511171,0.537053,1,0
0.508729,0.494323,0.534977,1,0
0.500183,0.462947,0.542913,1,0
0.514711,0.449152,0.54975,1,1
0.506776,0.451227,0.55036,1,0
0.49823,0.447198,0.556587,1,0
0.490294,0.465023,0.553046,1,0
0.491149,0.482481,0.544622,1,0
0.499329,0.489318,0.54389,1,0
0.503479,0.497253,0.543523,1,0
0.506287,0.502991,0.544378,1,0
0.507997,0.503601,0.539739,1,0
0.516665,0.506287,0.541082,1,0
0.520816,0.514467,0.538396,1,0
0.523623,0.514589,0.534245,1,0
0.522158,0.520816,0.533268,1,0
0.520816,0.528995,0.52985,1,0
0.517886,0.526676,0.528995,1,0
0.514589,0.52985,0.524234,1,0
0.511049,0.528019,0.516543,1,0
0.506043,0.525699,0.510805,1,0
0.504578,0.51581,0.510194,1,0
0.503968,0.511781,0.503601,1,0
0.501648,0.502625,0.495544,1,0
0.497131,0.482359,0.48944,1,0
0.489195,0.472348,0.492858,1,0
0.484678,0.46075,0.490416,1,0
0.489684,0.441338,0.486754,1,0
0.494323,0.434868,0.502259,1,0
0.497864,0.437676,0.522769,1,0
0.507752,0.457331,0.54389,1,0
0.521792,0.485777,0.560005,1,0
0.528751,0.490783,0.568307,1,0
0.531193,0.502014,0.565377,1,0
0.532292,0.51642,0.560249,1,0
0.526676,0.521548,0.548529,1,0
0.522769,0.519839,0.540349,1,0
0.522158,0.520816,0.534977,1,0
0.520693,0.518252,0.52985,1,0
0.517886,0.516054,0.527774,1,0
0.516298,0.51288,0.525211,1,0
0.514833,0.51581,0.523135,1,0
0.51288,0.515688,0.523379,1,0
0.512025,0.512758,0.524356,1,0
0.511537,0.511659,0.524844,1,0
0.511659,0.511781,0.525333,1,0
0.513857,0.513124,0.528385,1,0
0.515932,0.515566,0.530827,1,0
0.520327,0.513979,0.534733,1,0
0.523379,0.513246,0.538152,1,0
0.523135,0.508485,0.544012,1,0
0.513613,0.504212,0.539983,1,1
0.518008,0.456721,0.547186,1,0
0.519595,0.435478,0.55561,1,0
0.522647,0.464534,0.552436,1,0
0.510438,0.440972,0.552069,1,0
0.498108,0.447076,0.546698,1,0
0.498108,0.47833,0.546209,1,0
0.499329,0.490294,0.543035,1,0
0.50409,0.491515,0.539495,1,0
0.50702,0.498352,0.542547,1,0
0.508973,0.504944,0.5445,1,0
0.516543,0.510805,0.543645,1,0
0.520938,0.516298,0.545233,1,0
0.522647,0.521182,0.537419,1,0
0.521426,0.522036,0.531315,1,0
0.518618,0.520938,0.533879,1,0
0.517763,0.527286,0.527042,2,0
0.512636,0.528995,0.521182,2,0
0.508363,0.524966,0.518618,2,0
0.505677,0.52167,0.508607,2,0
0.499695,0.514833,0.500305,2,0
0.496765,0.506043,0.50177,2,0
0.496154,0.491759,0.4953,2,0
0.485533,0.477597,0.494689,2,0
0.48358,0.463558,0.503235,2,0
0.488219,0.4555,0.503479,2,0
0.494933,0.444024,0.513368,2,0
0.498352,0.449152,0.528873,2,0
0.500794,0.483702,0.53864,2,0
0.498718,0.49591,0.543401,2,0
0.500549,0.50116,0.544256,2,0
0.503235,0.513124,0.548773,2,0
0.501526,0.5152,0.548285,2,0
0.500794,0.511781,0.539617,2,0
0.503235,0.513735,0.53864,2,0
0.502869,0.516543,0.536809,2,0
0.501892,0.513613,0.534611,2,0
0.501648,0.511903,0.534733,2,0
0.501526,0.512514,0.535344,2,0
0.501648,0.513368,0.53571,2,0
0.501526,0.510682,0.535466,2,0
0.501282,0.50995,0.535466,2,0
0.501404,0.506165,0.534489,2,0
0.500916,0.5047,0.533634,2,0
0.500305,0.502991,0.533146,2,0
0.500061,0.500305,0.534367,2,0
0.499939,0.500549,0.533879,2,0
0.499329,0.497131,0.533024,2,0
0.499206,0.497131,0.533634,2,0
0.500794,0.497619,0.534001,2,0
0.50116,0.495788,0.534001,2,0
0.500916,0.497131,0.533024,2,0
0.502381,0.497497,0.533512,2,0
0.503357,0.496398,0.534611,2,0
0.502381,0.496887,0.534855,2,0
0.502259,0.497864,0.534245,2,0
0.502747,0.497986,0.533512,2,0
0.502381,0.497009,0.534367,2,0
0.501892,0.497497,0.533634,2,0
0.502747,0.497986,0.534611,2,0
0.502259,0.49884,0.534611,2,0
0.50177,0.496887,0.533634,2,0
0.50177,0.498596,0.53339,2,0
0.501892,0.499573,0.533757,2,0
0.502381,0.498962,0.533757,2,0
0.502136,0.497741,0.534367,2,0
0.501526,0.497741,0.534245,2,0
0.501282,0.49884,0.533268,2,0
0.500916,0.49884,0.532658,2,0
0.501038,0.497986,0.533634,2,0
0.50116,0.498962,0.533512,2,0
0.500916,0.498474,0.533634,2,0
0.501038,0.497619,0.533634,2,0
0.501038,0.497864,0.533634,2,0
0.50116,0.497741,0.533268,2,0
0.500916,0.497986,0.533268,2,0
0.50116,0.497741,0.533024,2,0
0.501282,0.49823,0.533146,2,0
0.500671,0.497741,0.53339,2,0
0.501038,0.497741,0.533512,2,0
0.500794,0.497131,0.533146,2,0
0.500916,0.497619,0.53339,2,0
0.501038,0.497253,0.533024,2,0
0.500916,0.497375,0.533024,2,0
0.501038,0.497741,0.533268,2,0
0.500794,0.497741,0.533146,2,0
0.500916,0.497864,0.532536,2,0
0.501038,0.497375,0.532658,2,0
0.50116,0.497009,0.533512,2,0
0.500916,0.497619,0.53339,2,0
0.500916,0.497497,0.533146,2,0
0.500916,0.496887,0.53339,2,0
0.501038,0.497009,0.533634,2,0
0.500916,0.496765,0.533268,2,0
0.500671,0.497253,0.533268,2,0
0.501404,0.496887,0.533634,2,0
0.500794,0.497253,0.533024,2,0
0.500794,0.496643,0.533024,2,0
0.501038,0.497009,0.533268,2,0
0.501282,0.496887,0.532902,2,0
0.501404,0.496521,0.532902,2,0
0.501282,0.496398,0.533024,2,0
0.50116,0.496521,0.533146,2,0
0.501282,0.496521,0.532536,2,0
0.501282,0.496521,0.53339,2,0
0.501038,0.496398,0.533024,2,0
0.500916,0.496398,0.533146,2,0
0.500794,0.496765,0.532902,2,0
0.501282,0.496765,0.533268,2,0
0.501038,0.496643,0.533146,2,0
0.501038,0.496765,0.533512,2,0
0.500794,0.497009,0.533024,2,0
0.501038,0.497009,0.533146,2,0
0.501282,0.496276,0.537053,2,0
0.50116,0.495422,0.5351,2,0
0.501892,0.494323,0.537419,2,0
0.500549,0.495666,0.531193,2,0
0.502381,0.498108,0.531315,2,0
0.502259,0.497253,0.535832,2,0
0.501648,0.498474,0.535954,2,0
0.500183,0.500427,0.537297,2,0
0.498718,0.501892,0.539006,2,0
0.496521,0.502625,0.539128,2,0
0.494201,0.503724,0.539739,2,0
0.492492,0.503601,0.540471,2,0
0.492492,0.503235,0.538884,2,0
0.492126,0.503357,0.535222,2,0
0.492248,0.502381,0.533634,2,0
0.492858,0.500916,0.533512,2,0
0.494933,0.502014,0.533024,2,0
0.496154,0.50116,0.530949,2,0
0.497375,0.496643,0.530582,2,0
0.498108,0.494933,0.530949,2,0
0.499695,0.494933,0.530704,2,0
0.501038,0.496032,0.527408,2,0
0.502747,0.493957,0.527774,2,0
0.503479,0.492248,0.527652,2,0
0.5047,0.492858,0.529361,2,0
0.504212,0.493102,0.52985,2,0
0.505921,0.491027,0.53046,2,0
0.511293,0.486754,0.525943,2,0
0.518618,0.478452,0.527164,2,0
0.517153,0.483946,0.536687,2,0
0.507264,0.494445,0.54096,2,0
0.496521,0.499329,0.54096,2,0
0.494201,0.512514,0.533634,2,0
0.494689,0.534123,0.531193,2,0
0.491637,0.53925,0.536809,2,0
0.488341,0.535954,0.532414,2,0
0.485045,0.526431,0.528873,2,0
0.483702,0.516665,0.529972,2,0
0.486021,0.503479,0.533268,2,0
0.490416,0.500183,0.535954,2,0
0.492248,0.507874,0.533024,2,0
0.496154,0.50934,0.53278,2,0
0.500427,0.510316,0.534489,2,0
0.503724,0.504944,0.537297,2,0
0.506165,0.503479,0.537785,2,0
0.506165,0.504456,0.535832,2,0
0.505799,0.505555,0.535588,2,0
0.503968,0.507508,0.533757,2,0
0.503968,0.508363,0.531681,2,0
0.503357,0.507752,0.533146,2,0
0.502869,0.507874,0.53571,2,0
0.502014,0.507752,0.53339,2,0
0.502625,0.505189,0.534489,2,0
0.503479,0.506165,0.535954,2,0
0.503601,0.507264,0.533634,2,0
0.504456,0.505311,0.532169,2,0
0.504334,0.503601,0.533024,2,0
0.50409,0.50116,0.532902,2,0
0.502991,0.501038,0.531559,2,0
0.502625,0.498962,0.532169,2,0
0.501892,0.498596,0.532169,2,0
0.501404,0.497253,0.532169,2,0
0.500427,0.497619,0.532292,2,0
0.499451,0.497741,0.532414,2,0
0.498596,0.497619,0.531681,2,0
0.499451,0.498474,0.533634,2,0
0.498596,0.500305,0.530582,2,0
0.499695,0.499939,0.533024,2,0
0.501038,0.50116,0.529606,2,0
0.500061,0.499329,0.531437,2,0
0.502136,0.500427,0.533024,2,0
0.502014,0.501404,0.529972,2,0
0.502014,0.496643,0.530827,2,0
0.504578,0.494567,0.536809,2,0
0.505555,0.49066,0.532292,2,0
0.510438,0.483091,0.535222,2,0
0.5152,0.483335,0.537297,2,0
0.520083,0.477353,0.533634,2,0
0.516543,0.480039,0.534611,2,0
0.504822,0.47833,0.543401,2,0
0.492003,0.5047,0.546087,2,0
0.497497,0.545721,0.527652,2,0
0.494323,0.583567,0.524844,2,0
0.48944,0.567452,0.53278,2,0
0.48419,0.546575,0.537175,2,0
0.482237,0.514223,0.533268,2,0
0.479795,0.4953,0.52753,2,0
0.478452,0.493957,0.524966,2,0
0.482359,0.493835,0.532169,2,0
0.486021,0.496398,0.534733,2,0
0.492003,0.499206,0.536442,2,0
0.495178,0.504456,0.537053,2,0
0.49823,0.506043,0.535222,2,0
0.502869,0.497131,0.537663,2,0
0.506409,0.4953,0.539006,2,0
0.50763,0.497131,0.537541,2,0
0.506654,0.496398,0.534123,2,0
0.506287,0.496765,0.534977,2,0
0.505677,0.500427,0.5351,2,0
0.503968,0.501526,0.533024,2,0
0.503113,0.497741,0.534611,2,0
0.502136,0.503601,0.534855,2,0
0.502014,0.501648,0.534733,2,0
0.502259,0.500305,0.534489,2,0
0.502991,0.501404,0.534367,2,0
0.502625,0.503235,0.533512,2,0
0.502014,0.501648,0.532536,2,0
0.502503,0.502381,0.533634,2,0
0.503113,0.50409,0.531925,2,0
0.502136,0.502136,0.53278,2,0
0.502503,0.502259,0.532902,2,0
0.50177,0.503601,0.533146,2,0
0.501526,0.502747,0.531803,2,0
0.50177,0.503113,0.531681,2,0
0.50116,0.503235,0.532658,2,0
0.500549,0.502381,0.533024,2,0
0.501282,0.50409,0.531803,2,0
0.501038,0.50409,0.532169,2,0
0.500794,0.503479,0.534733,2,0
0.500305,0.504334,0.531071,2,0
0.500671,0.502869,0.533024,2,0
0.50116,0.502259,0.533268,2,0
0.50177,0.505189,0.529728,2,0
0.502503,0.499573,0.532414,2,0
0.506287,0.503113,0.532414,2,0
0.503479,0.499573,0.528873,2,0
0.505067,0.490416,0.531315,2,0
0.512025,0.486998,0.5351,2,0
0.51288,0.485411,0.531681,2,0
0.516543,0.476254,0.530704,2,0
0.526187,0.480405,0.539983,2,0
0.503968,0.462337,0.529484,2,0
0.478208,0.50995,0.540227,2,0
0.487975,0.548407,0.533268,2,0
0.484434,0.563912,0.532902,2,0
0.484434,0.552924,0.539128,2,0
0.48126,0.534489,0.538152,2,0
0.480161,0.493957,0.537541,2,0
0.479307,0.501648,0.527408,2,0
0.479062,0.502381,0.525455,2,0
0.480039,0.494689,0.528995,2,0
0.485411,0.4848,0.536687,2,0
0.489195,0.490416,0.540838,2,0
0.492614,0.49591,0.538152,2,0
0.495178,0.495056,0.5351,2,0
0.497864,0.4953,0.536442,2,0
0.500061,0.496276,0.538152,2,0
0.501038,0.494811,0.537175,2,0
0.500427,0.493346,0.535588,2,0
0.501038,0.49591,0.536076,2,0
0.503479,0.50116,0.536076,2,0
0.502625,0.500671,0.530949,2,0
0.505799,0.497253,0.532047,2,0
0.506287,0.499329,0.534367,2,0
0.506776,0.496398,0.535588,2,0
0.504822,0.499084,0.530827,2,0
0.505067,0.496521,0.53046,2,0
0.505433,0.495056,0.532902,2,0
0.504456,0.494567,0.532658,2,0
0.502014,0.492736,0.531803,2,0
0.500549,0.494079,0.531437,2,0
0.500305,0.494567,0.531559,2,0
0.499695,0.49298,0.531559,2,0
0.49884,0.49237,0.531925,2,0
0.499451,0.494079,0.532047,2,0
0.499573,0.496887,0.528629,2,0
0.49884,0.492248,0.530582,2,0
0.502747,0.495422,0.533512,2,0
0.500061,0.493713,0.526798,2,0
0.504212,0.49005,0.532292,2,0
0.512392,0.488463,0.534977,2,0
0.511171,0.485167,0.530094,2,0
0.515566,0.482725,0.530704,2,1
0.506165,0.492126,0.531559,2,0
0.496643,0.494079,0.53339,2,0
0.492858,0.500549,0.534123,2,0
0.485045,0.50763,0.530338,2,0
0.483946,0.523135,0.537541,2,0
0.487364,0.544012,0.538884,2,0
0.48651,0.544012,0.540105,2,0
0.486754,0.534123,0.53925,2,0
0.48651,0.515322,0.539739,2,0
0.485777,0.500916,0.538884,2,0
0.48651,0.503235,0.531071,2,0
0.485167,0.509584,0.528507,2,0
0.488829,0.500061,0.532169,2,0
0.492614,0.497741,0.535832,2,0
0.494933,0.504212,0.5351,2,0
0.496887,0.507142,0.532902,2,0
0.499084,0.501038,0.53339,2,0
0.500671,0.50116,0.536198,2,0
0.50177,0.501892,0.537053,2,0
0.500671,0.500427,0.534611,2,0
0.500183,0.49884,0.534977,2,0
0.500671,0.504456,0.5351,2,0
0.499939,0.503235,0.535222,2,0
0.500061,0.498718,0.533024,2,0
0.500916,0.505067,0.53278,2,0
0.500794,0.50177,0.533146,2,0
0.501282,0.497619,0.534245,2,0
0.501648,0.497497,0.534245,2,0
0.501526,0.500794,0.533757,2,0
0.501038,0.498108,0.532414,2,0
0.501526,0.496887,0.533512,2,0
0.501892,0.498962,0.53278,2,0
0.501892,0.497986,0.532414,2,0
0.501526,0.49591,0.53339,2,0
0.500794,0.496643,0.532658,2,0
0.500183,0.496887,0.532414,2,0
0.500427,0.495788,0.531681,2,0
0.500794,0.493713,0.533512,2,0
0.500427,0.495544,0.531925,2,0
0.500549,0.495178,0.530949,2,0
0.500794,0.493346,0.531681,2,0
0.500794,0.493102,0.529728,2,0
0.504456,0.49298,0.531193,2,0
0.506287,0.492248,0.53046,2,0
0.507874,0.488951,0.529484,2,0
0.51642,0.485167,0.534123,2,0
0.521426,0.477842,0.533634,2,1
0.519595,0.477353,0.533146,2,0
0.513979,0.487608,0.534489,2,0
0.49066,0.482603,0.535588,2,0
0.471005,0.502625,0.529606,2,0
0.476621,0.527896,0.528141,2,0
0.474423,0.550482,0.534001,2,0
0.477964,0.546942,0.53925,2,0
0.477109,0.534123,0.53571,2,0
0.476621,0.503846,0.534855,2,0
0.476377,0.496398,0.531071,2,0
0.475644,0.505799,0.524722,2,0
0.477964,0.495422,0.525455,2,0
0.481382,0.485289,0.532536,2,0
0.486754,0.492492,0.538274,2,0
0.489806,0.501526,0.534977,2,0
0.497864,0.501404,0.536076,2,0
0.50177,0.497253,0.540471,2,0
0.503846,0.497741,0.53864,2,0
0.505677,0.496887,0.535954,2,0
0.505921,0.493102,0.537541,2,0
0.50409,0.494201,0.536198,2,0
0.504944,0.497986,0.532292,2,0
0.503846,0.496032,0.534123,2,0
0.503235,0.496032,0.536076,2,0
0.50409,0.497375,0.533757,2,0
0.502625,0.497864,0.532536,2,0
0.500794,0.495788,0.533512,2,0
0.500061,0.497253,0.534001,2,0
0.499084,0.495666,0.532902,2,0
0.500305,0.496887,0.531803,2,0
0.500794,0.494811,0.531681,2,0
0.501282,0.4953,0.531803,2,0
0.500183,0.494933,0.531071,2,0
0.499573,0.495178,0.530827,2,0
0.500183,0.495178,0.533268,2,0
0.500427,0.496887,0.532047,2,0
0.500183,0.494567,0.532169,2,0
0.500305,0.496154,0.533146,2,0
0.499084,0.494933,0.532169,2,0
0.498962,0.494323,0.533757,2,0
0.499084,0.497375,0.532047,2,0
0.499573,0.497131,0.531681,2,0
0.499695,0.496887,0.531315,2,0
0.500061,0.49884,0.529972,2,0
0.502259,0.498108,0.530338,2,0
0.505921,0.4953,0.529972,2,0
0.513368,0.495178,0.533024,2,0
0.523501,0.486876,0.537297,2,1
0.527652,0.477109,0.540105,2,0
0.523257,0.472958,0.54157,2,0
0.505677,0.483091,0.535588,2,0
0.488829,0.498962,0.528385,2,0
0.486143,0.511415,0.529606,2,0
0.483946,0.549139,0.530094,2,0
0.482237,0.557685,0.534733,2,0
0.483702,0.555488,0.539373,2,0
0.481138,0.524356,0.534367,2,0
0.479307,0.500549,0.531681,2,0
0.476254,0.502503,0.52692,2,0
0.477109,0.500549,0.524844,2,0
0.480039,0.487853,0.530582,2,0
0.48419,0.489562,0.535832,2,0
0.487853,0.496887,0.537297,2,0
0.491393,0.499573,0.53632,2,0
0.492126,0.495666,0.534977,2,0
0.494933,0.49237,0.535954,2,0
0.497375,0.497986,0.5351,2,0
0.49884,0.496521,0.535466,2,0
0.497741,0.493591,0.531559,2,0
0.499695,0.495178,0.532414,2,0
0.500427,0.495788,0.534367,2,0
0.500794,0.493713,0.535222,2,0
0.500305,0.494323,0.534977,2,0
0.50116,0.500671,0.533512,2,0
0.502259,0.499939,0.534489,2,0
0.503235,0.498352,0.534367,2,0
0.502991,0.497131,0.534611,2,0
0.502503,0.500549,0.533879,2,0
0.501892,0.501038,0.533757,2,0
0.501648,0.500061,0.535222,2,0
0.500671,0.499695,0.534489,2,0
0.501282,0.501648,0.533146,2,0
0.500916,0.502381,0.531803,2,0
0.503113,0.500183,0.534123,2,0
0.502503,0.502991,0.533146,2,0
0.503235,0.503479,0.530949,2,0
0.502136,0.501038,0.531925,2,0
0.502381,0.499817,0.531315,2,0
0.501526,0.49823,0.530827,2,0
0.502381,0.496765,0.530949,2,0
0.503846,0.498474,0.530338,2,0
0.5047,0.495422,0.531803,2,0
0.506043,0.492492,0.532292,2,0
0.512147,0.492248,0.531681,2,0
0.514345,0.492126,0.535222,2,0
0.514955,0.487486,0.535954,2,1
0.52106,0.481382,0.536931,2,0
0.51349,0.480405,0.529484,2,0
0.491393,0.478452,0.527042,2,0
0.477842,0.494567,0.540715,2,0
0.471127,0.526798,0.525577,2,0
0.483824,0.544622,0.532169,2,0
0.482969,0.548041,0.539373,2,0
0.481992,0.546453,0.536687,2,0
0.482603,0.51288,0.536931,2,0
0.48358,0.499817,0.531315,2,0
0.481748,0.507997,0.526065,2,0
0.483091,0.499206,0.529117,2,0
0.484556,0.490783,0.529972,2,0
0.486265,0.493468,0.534123,2,0
0.489195,0.493468,0.538152,2,0
0.493102,0.497497,0.535222,2,0
0.495178,0.494811,0.534245,2,0
0.497375,0.491637,0.538152,2,0
0.499817,0.494323,0.536931,2,0
0.499329,0.494323,0.532047,2,0
0.498962,0.489806,0.533024,2,0
0.499206,0.493468,0.533757,2,0
0.500183,0.493224,0.534489,2,0
0.499817,0.492003,0.533146,2,0
0.500427,0.491515,0.533146,2,0
0.500427,0.496276,0.533512,2,0
0.500671,0.494933,0.533512,2,0
0.500427,0.495056,0.533512,2,0
0.499939,0.49823,0.532658,2,0
0.500671,0.496643,0.53278,2,0
0.500183,0.497253,0.532414,2,0
0.500183,0.496765,0.535344,2,0
0.503479,0.497497,0.535344,2,0
0.503479,0.502014,0.531925,2,0
0.50409,0.501038,0.533146,2,0
0.505189,0.502259,0.534245,2,0
0.505189,0.505189,0.53278,2,0
0.505189,0.504822,0.532169,2,0
0.505799,0.505067,0.53339,2,0
0.506409,0.503479,0.531803,2,0
0.507142,0.504334,0.532414,2,0
0.50702,0.497009,0.528751,2,0
0.509095,0.493468,0.534489,2,0
0.510194,0.497009,0.530949,2,0
0.508973,0.496154,0.532414,2,0
0.510682,0.48773,0.533512,2,0
0.508241,0.48358,0.531559,2,0
0.510682,0.484556,0.534245,2,1
0.505921,0.478208,0.526309,2,0
0.497741,0.480772,0.53632,2,0
0.481626,0.489928,0.540715,2,0
0.467586,0.507264,0.528873,2,0
0.475156,0.539495,0.526065,2,0
0.477842,0.548285,0.533512,2,0
0.480039,0.542425,0.534733,2,0
0.481748,0.52399,0.534977,2,0
0.483824,0.511537,0.532292,2,0
0.483091,0.502869,0.525211,2,0
0.484068,0.502381,0.525211,2,0
0.485777,0.498352,0.529239,2,0
0.48773,0.495788,0.532902,2,0
0.489562,0.495056,0.534977,2,0
0.492248,0.498596,0.537053,2,0
0.49298,0.498108,0.537175,2,0
0.495056,0.497497,0.535466,2,0
0.496765,0.496643,0.534977,2,0
0.497009,0.495544,0.537541,2,0
0.497009,0.49237,0.537785,2,0
0.496643,0.496765,0.532292,2,0
0.497864,0.498596,0.53339,2,0
0.498596,0.496398,0.535954,2,0
0.499695,0.497375,0.533757,2,0
0.500183,0.499573,0.533024,2,0
0.501526,0.497497,0.535832,2,0
0.50177,0.49823,0.534611,2,0
0.502259,0.499695,0.533146,2,0
0.502625,0.498352,0.533512,2,0
0.502747,0.496398,0.534489,2,0
0.502136,0.496154,0.532414,2,0
0.502259,0.498962,0.532414,2,0
0.503235,0.499939,0.533512,2,0
0.503113,0.499939,0.532536,2,0
0.502259,0.500916,0.531559,2,0
0.502259,0.501282,0.53278,2,0
0.501892,0.500549,0.532047,2,0
0.502991,0.499206,0.53339,2,0
0.503113,0.502259,0.53278,2,0
0.501404,0.501404,0.531925,2,0
0.503601,0.500427,0.532047,2,0
0.503724,0.495666,0.530704,2,0
0.506776,0.496276,0.532414,2,0
0.507752,0.492248,0.531437,2,0
0.511659,0.488951,0.531925,2,0
0.513002,0.484922,0.531437,2,0
0.512514,0.484312,0.535344,2,1
0.508973,0.486387,0.535222,2,0
0.500427,0.487364,0.527286,2,0
0.495056,0.485777,0.527774,2,0
0.48065,0.487975,0.533757,2,0
0.464534,0.502869,0.536076,2,0
0.468929,0.511171,0.530582,2,0
0.477597,0.534367,0.532047,2,0
0.47894,0.531803,0.537541,2,0
0.480405,0.519961,0.539006,2,0
0.483213,0.509462,0.535954,2,0
0.484678,0.502625,0.52985,2,0
0.485411,0.503724,0.528751,2,0
0.48773,0.499695,0.534001,2,0
0.490416,0.498718,0.533268,2,0
0.49237,0.497619,0.534733,2,0
0.494201,0.497619,0.537663,2,0
0.495788,0.495056,0.537541,2,0
0.496398,0.496276,0.533879,2,0
0.496765,0.49823,0.534245,2,0
0.49823,0.494689,0.53632,2,0
0.497253,0.495544,0.534001,2,0
0.498718,0.497009,0.533512,2,0
0.499084,0.500916,0.5351,2,0
0.500061,0.499573,0.534123,2,0
0.500305,0.499817,0.532169,2,0
0.501038,0.500061,0.53278,2,0
0.50177,0.500061,0.534611,2,0
0.501526,0.498474,0.534611,2,0
0.500916,0.498962,0.531803,2,0
0.501038,0.500305,0.531437,2,0
0.501648,0.498596,0.534001,2,0
0.500794,0.496643,0.533024,2,0
0.500427,0.495544,0.532414,2,0
0.500061,0.499206,0.532169,2,0
0.500671,0.497375,0.533512,2,0
0.500549,0.497375,0.53339,2,0
0.500671,0.498352,0.534001,2,0
0.500671,0.500061,0.533146,2,0
0.501648,0.500305,0.53339,2,0
0.50177,0.49823,0.531681,2,0
0.502747,0.497619,0.530582,2,0
0.503601,0.500305,0.52692,2,0
0.506898,0.502991,0.530338,2,0
0.515444,0.499573,0.537053,2,0
0.51813,0.492614,0.532292,2,0
0.516176,0.482603,0.536076,2,0
0.518984,0.481138,0.542303,2,1
0.506654,0.48712,0.53278,2,0
0.496887,0.484312,0.531071,2,0
0.486876,0.496032,0.544256,2,0
0.480405,0.533146,0.531437,2,0
0.482847,0.54975,0.53571,2,0
0.482603,0.550116,0.534977,2,0
0.481138,0.542058,0.534123,2,0
0.482359,0.513246,0.53632,2,0
0.483213,0.498474,0.530704,2,0
0.480894,0.505433,0.524966,2,0
0.481626,0.505921,0.526187,2,0
0.483702,0.496032,0.532414,2,0
0.486387,0.497131,0.534123,2,0
0.488463,0.503357,0.533757,2,0
0.491759,0.496765,0.536076,2,0
0.493346,0.493591,0.537419,2,0
0.496643,0.500183,0.53571,2,0
0.497741,0.499451,0.535344,2,0
0.497619,0.49237,0.533268,2,0
0.498108,0.488951,0.534245,2,0
0.499084,0.499084,0.5351,2,0
0.498962,0.498718,0.534367,2,0
0.49823,0.492858,0.532902,2,0
0.498718,0.496154,0.534245,2,0
0.502747,0.498962,0.536442,2,0
0.505311,0.501404,0.533512,2,0
0.506409,0.502136,0.531925,2,0
0.505799,0.502136,0.532902,2,0
0.505799,0.502503,0.53278,2,0
0.505799,0.502381,0.531437,2,0
0.505433,0.502136,0.532292,2,0
0.503968,0.502136,0.532658,2,0
0.503846,0.501038,0.53278,2,0
0.503113,0.500794,0.532047,2,0
0.503113,0.499817,0.533024,2,0
0.501526,0.499329,0.533757,2,0
0.502625,0.49884,0.533757,2,0
0.501282,0.498352,0.532169,2,0
0.503479,0.49823,0.534855,2,0
0.505677,0.501404,0.530949,2,0
0.503846,0.493591,0.5351,2,0
0.510682,0.496154,0.537663,2,0
0.507874,0.499939,0.528995,2,0
0.508241,0.49237,0.531193,2,0
0.515444,0.493957,0.534489,2,0
0.509095,0.484068,0.530949,2,0
0.506409,0.473935,0.531559,2,0
0.501404,0.483946,0.529239,2,1
0.486876,0.473569,0.523501,2,0
0.474057,0.48358,0.526676,2,0
0.461238,0.508851,0.526065,2,0
0.473935,0.528263,0.530949,2,0
0.478086,0.53864,0.539861,2,0
0.480161,0.536442,0.54157,2,0
0.482969,0.501648,0.53864,2,0
0.484434,0.494933,0.534611,2,0
0.483946,0.499084,0.531437,2,0
0.483091,0.495544,0.530704,2,0
0.482847,0.491637,0.533634,2,0
0.483946,0.491759,0.533024,2,0
0.487242,0.500305,0.53339,2,0
0.487486,0.500794,0.534733,2,0
0.488585,0.498718,0.533512,2,0
0.490172,0.496276,0.531559,2,0
0.491881,0.498474,0.532169,3,0
0.492248,0.497253,0.534733,3,0
0.493591,0.496765,0.531315,3,0
0.49237,0.493835,0.533512,3,0
0.495422,0.500183,0.533146,3,0
0.496154,0.503968,0.531437,3,0
0.497009,0.508363,0.528507,3,0
0.498108,0.513979,0.524966,3,0
0.499329,0.519351,0.525088,3,0
0.50116,0.519473,0.525088,3,0
0.504334,0.51227,0.527774,3,0
0.506898,0.505067,0.531193,3,0
0.506654,0.506409,0.530949,3,0
0.506165,0.502503,0.528751,3,0
0.508241,0.500183,0.527652,3,0
0.505555,0.490172,0.529606,3,0
0.502503,0.489928,0.530827,3,0
0.500916,0.496276,0.530094,3,0
0.497741,0.497864,0.531315,3,0
0.495788,0.492614,0.532414,3,0
0.495788,0.492248,0.534855,3,0
0.493957,0.495666,0.537907,3,0
0.492858,0.495056,0.538518,3,0
0.492126,0.493835,0.539128,3,0
0.493102,0.49591,0.539128,3,0
0.492614,0.495666,0.537663,3,0
0.495056,0.493957,0.538762,3,0
0.496765,0.49591,0.538396,3,0
0.496154,0.496276,0.535832,3,0
0.497741,0.493957,0.536809,3,0
0.498108,0.493835,0.535588,3,0
0.499451,0.495422,0.534245,3,0
0.500061,0.494689,0.534855,3,0
0.500916,0.495178,0.5351,3,0
0.501404,0.494079,0.534001,3,0
0.501282,0.494201,0.532536,3,0
0.50177,0.493957,0.532292,3,0
0.50177,0.494811,0.533268,3,0
0.501648,0.494445,0.533146,3,0
0.500427,0.494933,0.532169,3,0
0.500671,0.494445,0.53339,3,0
0.500671,0.493591,0.532658,3,0
0.50116,0.494201,0.531803,3,0
0.50116,0.493591,0.532536,3,0
0.501404,0.492858,0.53339,3,0
0.501038,0.493102,0.532414,3,0
0.500549,0.493835,0.532169,3,0
0.500061,0.493713,0.532292,3,0
0.500061,0.493102,0.532658,3,0
0.500183,0.493835,0.532292,3,0
0.500183,0.493957,0.531803,3,0
0.500549,0.493713,0.533024,3,0
0.502014,0.492248,0.537785,3,0
0.50177,0.493468,0.53925,3,0
0.502136,0.493102,0.535588,3,0
0.503113,0.492614,0.534123,3,0
0.503724,0.496154,0.537907,3,0
0.502014,0.497253,0.539006,3,0
0.500305,0.49823,0.542058,3,0
0.497864,0.498718,0.54511,3,0
0.494933,0.49884,0.544378,3,0
0.491759,0.496521,0.542791,3,0
0.490783,0.496643,0.540715,3,0
0.488951,0.496765,0.537419,3,0
0.488097,0.49591,0.533757,3,0
0.486998,0.493713,0.53046,3,0
0.486876,0.493224,0.519961,3,0
0.486021,0.492858,0.510438,3,0
0.487242,0.486143,0.50702,3,0
0.494323,0.471127,0.510682,3,0
0.495788,0.464168,0.506776,3,0
0.499817,0.464534,0.505433,3,0
0.502869,0.479307,0.507508,3,0
0.504456,0.497009,0.525211,3,0
0.507142,0.502014,0.541814,3,0
0.510438,0.516054,0.545965,3,0
0.511903,0.522403,0.556953,3,0
0.509584,0.526065,0.560737,3,0
0.50702,0.52692,0.556464,3,0
0.502869,0.520938,0.54975,3,0
0.500061,0.512392,0.544012,3,0
0.499084,0.511659,0.539861,3,0
0.497131,0.509462,0.535344,3,0
0.496521,0.508607,0.530216,3,0
0.495544,0.513002,0.525699,3,0
0.495544,0.514833,0.520693,3,0
0.496032,0.515078,0.519717,3,0
0.496521,0.513857,0.520938,3,0
0.496765,0.52167,0.520449,3,0
0.496276,0.525333,0.519473,3,0
0.49591,0.525455,0.523257,3,0
0.496276,0.526676,0.526065,3,0
0.494445,0.526309,0.525699,3,0
0.492003,0.523746,0.524478,3,0
0.489562,0.521792,0.526676,3,0
0.487853,0.518862,0.527164,3,0
0.485899,0.513613,0.527164,3,0
0.483213,0.507752,0.529972,3,0
0.481748,0.507997,0.531559,3,0
0.480894,0.506165,0.529484,3,0
0.481382,0.503724,0.526431,3,0
0.484556,0.505189,0.525333,3,0
0.485655,0.500305,0.527652,3,0
0.492248,0.492492,0.527896,3,0
0.494445,0.49066,0.527408,3,0
0.495666,0.492492,0.5246,3,0
0.496643,0.486021,0.524722,3,0
0.495178,0.482603,0.526187,3,0
0.494323,0.49005,0.520693,3,0
0.495178,0.491759,0.518984,3,0
0.493591,0.486632,0.521792,3,0
0.493835,0.484068,0.520816,3,0
0.497497,0.48651,0.522891,3,0
0.498474,0.484556,0.525088,3,0
0.512025,0.482237,0.517519,3,0
0.499939,0.480405,0.516909,3,0
0.503846,0.483091,0.51288,3,0
0.500794,0.489318,0.511171,3,0
0.501648,0.491027,0.532536,3,0
0.493102,0.49005,0.538884,3,0
0.491271,0.508851,0.542425,3,0
0.499084,0.493957,0.5644,3,0
0.489684,0.515078,0.569039,3,0
0.486632,0.501892,0.5644,3,0
0.48712,0.491149,0.555732,3,0
0.48712,0.491027,0.546698,3,0
0.490905,0.489195,0.539373,3,0
0.493713,0.485655,0.538518,3,0
0.496154,0.481504,0.53571,3,0
0.498718,0.483946,0.535344,3,0
0.498108,0.487486,0.534367,3,0
0.500183,0.485533,0.534123,3,0
0.500794,0.484922,0.535954,3,0
0.502259,0.489684,0.537175,3,0
0.501526,0.494323,0.53803,3,0
0.502625,0.49066,0.54157,3,0
0.509706,0.4848,0.545599,3,0
0.509584,0.490905,0.534733,3,0
0.509828,0.48944,0.526554,3,0
0.505311,0.505921,0.525088,3,0
0.500671,0.511415,0.525577,3,0
0.501038,0.511659,0.5246,3,0
0.500061,0.51813,0.521426,3,0
0.498718,0.528019,0.517153,3,0
0.496521,0.528019,0.517886,3,0
0.497619,0.527774,0.523135,3,0
0.496154,0.529361,0.525943,3,0
0.494079,0.531437,0.526554,3,0
0.492126,0.527164,0.525699,3,0
0.493224,0.518252,0.529728,3,0
0.491881,0.513857,0.530949,3,0
0.485899,0.507508,0.530216,3,0
0.49066,0.500549,0.528385,3,0
0.492003,0.498474,0.532414,3,0
0.495056,0.492858,0.535222,3,0
0.498108,0.485655,0.53339,3,0
0.49884,0.486754,0.533879,3,0
0.498352,0.489195,0.533757,3,0
0.497253,0.486876,0.531437,3,0
0.496154,0.491759,0.52985,3,0
0.496887,0.493346,0.527286,3,0
0.4953,0.490783,0.527896,3,0
0.495544,0.490416,0.526798,3,0
0.496032,0.494689,0.523257,3,0
0.496765,0.491759,0.522769,3,0
0.496276,0.488585,0.521792,3,0
0.498718,0.485533,0.522647,3,0
0.503968,0.485899,0.523623,3,0
0.504212,0.484678,0.518374,3,0
0.505921,0.479795,0.517886,3,0
0.511903,0.480405,0.517763,3,0
0.507997,0.476743,0.514711,3,0
0.513979,0.483457,0.529361,3,0
0.50995,0.48944,0.549139,3,0
0.498596,0.488951,0.533512,3,0
0.50116,0.491393,0.541692,3,0
0.491271,0.514833,0.556342,3,0
0.486021,0.525455,0.555244,3,0
0.48358,0.519717,0.551337,3,0
0.485289,0.505433,0.554145,3,0
0.486632,0.501892,0.549017,3,0
0.490538,0.498962,0.547308,3,0
0.494689,0.484922,0.55036,3,0
0.497986,0.470883,0.549872,3,0
0.503479,0.474179,0.542913,3,0
0.50702,0.481138,0.542058,3,0
0.505799,0.485167,0.543279,3,0
0.506654,0.48419,0.540838,3,0
0.50763,0.491393,0.534733,3,0
0.506287,0.500305,0.528995,3,0
0.505067,0.503235,0.525699,3,0
0.502869,0.506409,0.524112,3,0
0.50177,0.509584,0.52167,3,0
0.500427,0.513857,0.522403,3,0
0.497864,0.517275,0.52399,3,0
0.496887,0.519473,0.527408,3,0
0.493835,0.526065,0.528263,3,0
0.491759,0.530094,0.528385,3,0
0.488951,0.529728,0.529117,3,0
0.48712,0.52692,0.528141,3,0
0.485777,0.521426,0.527408,3,0
0.486265,0.513002,0.525455,3,0
0.488463,0.508729,0.525577,3,0
0.490538,0.503479,0.528385,3,0
0.491637,0.494079,0.52985,3,0
0.492003,0.493224,0.528629,3,0
0.492492,0.495788,0.526798,3,0
0.493468,0.494567,0.527286,3,0
0.493224,0.491759,0.52985,3,0
0.493591,0.493224,0.529117,3,0
0.492614,0.499451,0.526554,3,0
0.492492,0.49823,0.527286,3,0
0.494689,0.49591,0.528629,3,0
0.495178,0.498718,0.526676,3,0
0.495178,0.497864,0.52692,3,0
0.494811,0.497375,0.524112,3,0
0.497497,0.497253,0.524722,3,0
0.494933,0.492736,0.517763,3,0
0.498474,0.483457,0.52399,3,0
0.502381,0.488829,0.517275,3,0
0.498718,0.480405,0.513613,3,0
0.506776,0.475766,0.518252,3,0
0.51288,0.477719,0.518862,3,1
0.514833,0.476377,0.524966,3,0
0.511903,0.47833,0.531925,3,0
0.500671,0.485777,0.533512,3,0
0.490783,0.47601,0.529117,3,0
0.491027,0.499451,0.545965,3,0
0.491393,0.50702,0.562325,3,0
0.491759,0.513002,0.573068,3,0
0.490538,0.501282,0.57026,3,0
0.493224,0.491027,0.560615,3,0
0.495178,0.481382,0.558174,3,0
0.500427,0.467342,0.557319,3,0
0.506409,0.466488,0.552069,3,0
0.515688,0.471249,0.550971,3,0
0.512636,0.486387,0.538396,3,0
0.50763,0.491637,0.529606,3,0
0.506043,0.500916,0.527164,3,0
0.507752,0.506287,0.52692,3,0
0.506409,0.51056,0.522891,3,0
0.503846,0.514101,0.517763,3,0
0.50116,0.518252,0.519717,3,0
0.499206,0.522647,0.520571,3,0
0.497253,0.528263,0.520816,3,0
0.496276,0.530827,0.522891,3,0
0.495056,0.530704,0.5246,3,0
0.494811,0.530704,0.525699,3,0
0.493957,0.527896,0.52399,3,0
0.49298,0.51813,0.524478,3,0
0.492614,0.508485,0.525943,3,0
0.491637,0.502503,0.527408,3,0
0.495788,0.499939,0.525211,3,0
0.497619,0.490172,0.532536,3,0
0.497497,0.489073,0.535344,3,0
0.496276,0.491881,0.529361,3,0
0.4953,0.492858,0.528507,3,0
0.495422,0.492736,0.533024,3,0
0.495056,0.494811,0.533512,3,0
0.490905,0.498596,0.526187,3,0
0.493468,0.494567,0.53046,3,0
0.494201,0.497986,0.528751,3,0
0.493346,0.497253,0.525088,3,0
0.494933,0.496887,0.527652,3,0
0.492736,0.493835,0.525455,3,0
0.497619,0.49237,0.528019,3,0
0.498108,0.499939,0.526309,3,0
0.502014,0.488707,0.525699,3,0
0.506409,0.487975,0.519595,3,0
0.50934,0.480283,0.515688,3,0
0.512025,0.476865,0.514223,3,1
0.517886,0.479062,0.518374,3,0
0.516298,0.492126,0.536687,3,0
0.505067,0.490905,0.536687,3,0
0.492003,0.493957,0.537907,3,0
0.49066,0.489684,0.532902,3,0
0.493713,0.521182,0.551825,3,0
0.494323,0.514223,0.569039,3,0
0.490905,0.501282,0.567696,3,0
0.491881,0.484922,0.564278,3,0
0.493591,0.472592,0.560005,3,0
0.499451,0.466366,0.550482,3,0
0.505677,0.4649,0.554755,3,0
0.511659,0.472348,0.554145,3,0
0.515078,0.484312,0.546575,3,0
0.514833,0.499084,0.532536,3,0
0.510805,0.507874,0.526065,3,0
0.506409,0.508241,0.525455,3,0
0.504212,0.508119,0.52753,3,0
0.502014,0.509462,0.523868,3,0
0.499573,0.513124,0.519961,3,0
0.496398,0.518008,0.519228,3,0
0.496643,0.520693,0.522891,3,0
0.495788,0.523257,0.525455,3,0
0.492858,0.523868,0.524722,3,0
0.489562,0.523135,0.526187,3,0
0.486632,0.522281,0.524234,3,0
0.486998,0.515932,0.520938,3,0
0.48944,0.505921,0.525455,3,0
0.488829,0.501404,0.529972,3,0
0.490905,0.496643,0.527774,3,0
0.493102,0.495422,0.530216,3,0
0.494933,0.49591,0.531071,3,0
0.493102,0.492736,0.530338,3,0
0.493102,0.491271,0.532292,3,0
0.492003,0.498352,0.528751,3,0
0.491271,0.497741,0.527896,3,0
0.492003,0.495056,0.529117,3,0
0.492614,0.494445,0.530949,3,0
0.493224,0.495056,0.525943,3,0
0.495544,0.496032,0.525943,3,0
0.496521,0.491637,0.523501,3,0
0.49884,0.492248,0.5246,3,0
0.501282,0.494201,0.523501,3,0
0.502747,0.488219,0.519595,3,0
0.502014,0.480405,0.51813,3,0
0.508973,0.480161,0.517641,3,0
0.518252,0.484434,0.523868,3,0
0.521304,0.482847,0.532536,3,1
0.514955,0.485533,0.529606,3,0
0.502503,0.484922,0.517641,3,0
0.498108,0.484434,0.52106,3,0
0.498596,0.487975,0.547552,3,0
0.496032,0.492736,0.566842,3,0
0.490294,0.506043,0.568917,3,0
0.490294,0.499695,0.56208,3,0
0.489928,0.491759,0.555976,3,0
0.491271,0.483702,0.552069,3,0
0.4953,0.466854,0.550482,3,0
0.500427,0.463313,0.549139,3,0
0.512147,0.451715,0.554511,3,0
0.505189,0.47894,0.548041,3,0
0.506409,0.480772,0.537175,3,0
0.508973,0.494689,0.53046,3,0
0.507142,0.502869,0.523623,3,0
0.507142,0.503601,0.520449,3,0
0.505311,0.508851,0.519228,3,0
0.505311,0.512392,0.518984,3,0
0.501892,0.521426,0.518618,3,0
0.499695,0.526798,0.521792,3,0
0.497864,0.530094,0.523379,3,0
0.497131,0.531437,0.527042,3,0
0.495422,0.5351,0.528873,3,0
0.494445,0.530216,0.52985,3,0
0.492003,0.523501,0.527164,3,0
0.491149,0.517641,0.52753,3,0
0.489318,0.505677,0.53046,3,0
0.488219,0.502259,0.523379,3,0
0.492003,0.494689,0.528995,3,0
0.498596,0.496032,0.528995,3,0
0.501892,0.489684,0.531437,3,0
0.504212,0.482481,0.532902,3,0
0.500427,0.48712,0.532658,3,0
0.499573,0.493957,0.531559,3,0
0.494201,0.49066,0.52985,3,0
0.491881,0.489562,0.532169,3,0
0.492126,0.497131,0.525333,3,0
0.492736,0.495666,0.52692,3,0
0.493224,0.493957,0.524234,3,0
0.494079,0.492126,0.527652,3,0
0.494689,0.491515,0.524478,3,0
0.498474,0.488463,0.527164,3,0
0.497986,0.491271,0.523623,3,0
0.500916,0.485289,0.526431,3,0
0.506287,0.485167,0.526431,3,0
0.508607,0.478574,0.522158,3,1
0.511781,0.471249,0.51642,3,0
0.506043,0.47015,0.507997,3,0
0.511293,0.486265,0.509217,3,0
0.515322,0.495788,0.522525,3,0
0.504944,0.489562,0.531559,3,0
0.497741,0.494201,0.524722,3,0
0.50702,0.48944,0.548773,3,0
0.506532,0.505067,0.577341,3,0
0.497864,0.490294,0.570626,3,0
0.495544,0.47833,0.568917,3,0
0.496765,0.475644,0.562202,3,0
0.496643,0.476377,0.554389,3,0
0.499451,0.476865,0.554389,3,0
0.500794,0.479551,0.555244,3,0
0.503968,0.483946,0.548529,3,0
0.505799,0.487242,0.539495,3,0
0.5047,0.490905,0.532902,3,0
0.50409,0.495178,0.525333,3,0
0.502625,0.50116,0.521182,3,0
0.502014,0.502747,0.523623,3,0
0.50116,0.509706,0.523868,3,0
0.499206,0.514589,0.520938,3,0
0.496765,0.518862,0.521792,3,0
0.497009,0.520571,0.526676,3,0
0.496765,0.523257,0.527164,3,0
0.492492,0.528263,0.528263,3,0
0.491759,0.520083,0.529361,3,0
0.49066,0.514833,0.528507,3,0
0.489928,0.510927,0.524844,3,0
0.490905,0.503479,0.528141,3,0
0.494079,0.498962,0.530704,3,0
0.495666,0.497497,0.529117,3,0
0.49823,0.497864,0.529606,3,0
0.498718,0.496032,0.530827,3,0
0.498352,0.496154,0.531437,3,0
0.498474,0.500427,0.527286,3,0
0.497009,0.498596,0.528995,3,0
0.498596,0.499939,0.525333,3,0
0.49823,0.49823,0.523746,3,0
0.499573,0.49591,0.519473,3,0
0.499329,0.494323,0.51874,3,0
0.502503,0.487975,0.519839,3,0
0.507752,0.482603,0.518618,3,0
0.502747,0.468563,0.512147,3,0
0.512514,0.467831,0.506776,3,0
0.518008,0.482481,0.5152,3,0
0.517031,0.480283,0.528385,3,0
0.50763,0.488585,0.533512,3,1
0.506898,0.480527,0.526309,3,0
0.515688,0.497619,0.56086,3,0
0.509706,0.512514,0.563912,3,0
0.503846,0.500549,0.563301,3,0
0.502136,0.492858,0.555732,3,0
0.499939,0.484312,0.555488,3,0
0.497619,0.485899,0.549261,3,0
0.495056,0.476987,0.5445,3,0
0.494689,0.47247,0.549383,3,0
0.494445,0.48065,0.547796,3,0
0.49884,0.470883,0.548163,3,0
0.501648,0.47015,0.549017,3,0
0.503724,0.476377,0.541448,3,0
0.503601,0.476621,0.53571,3,0
0.503846,0.486265,0.532169,3,0
0.502625,0.495422,0.526554,3,0
0.503235,0.499939,0.522281,3,0
0.503113,0.505189,0.519106,3,0
0.502259,0.508973,0.517031,3,0
0.502625,0.518618,0.520938,3,0
0.502259,0.519595,0.523868,3,0
0.500183,0.520693,0.523868,3,0
0.498962,0.528751,0.5246,3,0
0.498474,0.525333,0.530704,3,0
0.495666,0.526554,0.533512,3,0
0.492003,0.528507,0.530949,3,0
0.492248,0.519106,0.530949,3,0
0.492614,0.509706,0.533268,3,0
0.495422,0.503357,0.534123,3,0
0.497864,0.500427,0.524234,3,0
0.503601,0.489928,0.527652,3,0
0.506654,0.488585,0.535832,3,0
0.505677,0.489318,0.535222,3,0
0.501892,0.490538,0.528873,3,0
0.500427,0.497253,0.528629,3,0
0.494445,0.496643,0.529606,3,0
0.494445,0.499939,0.526798,3,0
0.495666,0.496276,0.524478,3,0
0.496887,0.492858,0.523868,3,0
0.498474,0.494689,0.520327,3,0
0.500916,0.49237,0.520449,3,0
0.503235,0.490416,0.521792,3,0
0.507752,0.486632,0.520938,3,0
0.507264,0.47833,0.520205,3,0
0.518252,0.482481,0.523013,3,0
0.517031,0.483702,0.519839,3,0
0.524112,0.486632,0.535832,3,1
0.520449,0.487608,0.544744,3,0
0.498596,0.495422,0.545477,3,0
0.484678,0.515444,0.551215,3,0
0.48065,0.514223,0.550604,3,0
0.478696,0.503601,0.556587,3,0
0.479673,0.488097,0.556464,3,0
0.488951,0.477231,0.557197,3,0
0.493468,0.461726,0.557075,3,0
0.495788,0.452082,0.555366,3,0
0.491759,0.476743,0.549139,3,0
0.491881,0.479673,0.546942,3,0
0.498108,0.494689,0.540227,3,0
0.502014,0.516176,0.527042,3,0
0.500183,0.520083,0.519839,3,0
0.499084,0.5152,0.519717,3,0
0.499817,0.515078,0.522036,3,0
0.497497,0.51056,0.519961,3,0
0.494201,0.513124,0.517763,3,0
0.49237,0.515444,0.520693,3,0
0.49237,0.514467,0.525088,3,0
0.491149,0.515566,0.525211,3,0
0.489684,0.514223,0.526187,3,0
0.489195,0.514589,0.525821,3,0
0.487242,0.513246,0.528629,3,0
0.484556,0.513124,0.528263,3,0
0.485655,0.509828,0.527652,3,0
0.4848,0.508363,0.52753,3,0
0.484068,0.502747,0.528995,3,0
0.485899,0.497986,0.53046,3,0
0.488951,0.495056,0.529484,3,0
0.489562,0.493835,0.531315,3,0
0.49005,0.491759,0.531193,3,0
0.488463,0.490172,0.531071,3,0
0.489562,0.493224,0.530704,3,0
0.488219,0.497253,0.528751,3,0
0.489318,0.497375,0.528385,3,0
0.489806,0.495544,0.531559,3,0
0.49237,0.497864,0.530338,3,0
0.495788,0.498596,0.523501,3,0
0.502014,0.496032,0.523135,3,0
0.503846,0.493713,0.51642,3,0
0.505311,0.485289,0.515566,3,0
0.506409,0.482115,0.51813,3,0
0.513979,0.48065,0.519228,3,0
0.523379,0.484434,0.516176,3,0
0.540349,0.499206,0.51056,3,0
0.547064,0.450739,0.528873,3,0
0.525821,0.502259,0.54682,3,1
0.508729,0.503235,0.554023,3,0
0.496398,0.510072,0.548651,3,0
0.485655,0.510805,0.539739,3,0
0.480283,0.5047,0.551215,3,0
0.476865,0.508851,0.554267,3,0
0.481138,0.500549,0.557807,3,0
0.485777,0.492614,0.559272,3,0
0.489318,0.488585,0.555976,3,0
0.493224,0.476499,0.552436,3,0
0.495056,0.466854,0.549139,3,0
0.498352,0.466732,0.547674,3,0
0.498352,0.474179,0.541692,3,0
0.500549,0.481504,0.537175,3,0
0.499329,0.488097,0.531925,3,0
0.498474,0.495666,0.528629,3,0
0.499939,0.497986,0.527408,3,0
0.499817,0.501404,0.522158,3,0
0.498474,0.507386,0.519595,3,0
0.497009,0.510927,0.517763,3,0
0.49591,0.51288,0.520083,3,0
0.495788,0.514833,0.520327,3,0
0.494933,0.519473,0.523379,3,0
0.491637,0.523623,0.524966,3,0
0.490172,0.523501,0.527652,3,0
0.487364,0.522647,0.527408,3,0
0.4848,0.522281,0.525821,3,0
0.484068,0.517519,0.526309,3,0
0.482969,0.512025,0.526554,3,0
0.484068,0.506898,0.529728,3,0
0.486021,0.503235,0.528995,3,0
0.488463,0.498962,0.531315,3,0
0.488951,0.498352,0.526554,3,0
0.493102,0.495056,0.528507,3,0
0.494079,0.493102,0.533512,3,0
0.494811,0.490905,0.531559,3,0
0.497375,0.492126,0.527652,3,0
0.496276,0.490538,0.529972,3,0
0.497497,0.490905,0.527164,3,0
0.497864,0.489562,0.528019,3,0
0.500061,0.485899,0.525821,3,0
0.498718,0.486998,0.523257,3,0
0.500183,0.485045,0.525088,3,0
0.508119,0.485899,0.522525,3,0
0.513002,0.480894,0.512758,3,0
0.522891,0.468929,0.50763,3,0
0.513368,0.475766,0.495178,3,0
0.518008,0.491393,0.503113,3,1
0.520571,0.494201,0.531071,3,0
0.497864,0.498718,0.541082,3,0
0.505677,0.499573,0.537419,3,0
0.52399,0.502747,0.583079,3,0
0.508119,0.501282,0.596386,3,0
0.505555,0.489684,0.584666,3,0
0.50177,0.478452,0.568185,3,0
0.500549,0.467953,0.556098,3,0
0.503113,0.462337,0.547308,3,0
0.5047,0.46136,0.539617,3,0
0.505677,0.475766,0.53925,3,0
0.507997,0.478086,0.534855,3,0
0.511171,0.479795,0.535344,3,0
0.509217,0.493346,0.528141,3,0
0.505799,0.503724,0.519595,3,0
0.503724,0.507752,0.516543,4,0
0.502381,0.509462,0.51813,4,0
0.502136,0.50995,0.520205,4,0
0.501892,0.509462,0.523257,4,0
0.499329,0.51581,0.527164,4,0
0.495666,0.519351,0.528995,4,0
0.492492,0.522769,0.534855,4,0
0.488585,0.525821,0.533634,4,0
0.486754,0.521182,0.531315,4,0
0.481992,0.51288,0.528751,4,0
0.480527,0.508363,0.526798,4,0
0.48126,0.504578,0.521792,4,0
0.48419,0.499451,0.525821,4,0
0.48773,0.500794,0.52106,4,0
0.488097,0.500183,0.519839,4,0
0.490294,0.492126,0.526554,4,0
0.491759,0.491027,0.526431,4,0
0.49237,0.494445,0.524112,4,0
0.492248,0.496521,0.527042,4,0
0.496765,0.495056,0.523013,4,0
0.497986,0.492858,0.519228,4,0
0.498962,0.49066,0.522158,4,0
0.501282,0.487608,0.522525,4,0
0.501648,0.491637,0.521304,4,0
0.503846,0.488951,0.523623,4,0
0.501404,0.49298,0.522525,4,0
0.499817,0.496276,0.525455,4,0
0.499939,0.500671,0.52753,4,0
0.494323,0.497619,0.525088,4,0
0.495422,0.496887,0.534367,4,0
0.492614,0.503235,0.540593,4,0
0.489562,0.500916,0.538518,4,0
0.492736,0.495666,0.542913,4,0
0.493468,0.496887,0.548407,4,0
0.49298,0.496032,0.544988,4,0
0.494567,0.498352,0.542913,4,0
0.496032,0.4953,0.54389,4,0
0.493591,0.491515,0.544134,4,0
0.494811,0.493224,0.539739,4,0
0.496154,0.4953,0.536931,4,0
0.493957,0.492614,0.536809,4,0
0.495056,0.493713,0.535466,4,0
0.496521,0.492858,0.533879,4,0
0.498474,0.492003,0.533512,4,0
0.499695,0.493102,0.533879,4,0
0.499817,0.49237,0.534001,4,0
0.499084,0.493346,0.53339,4,0
0.498596,0.493713,0.532536,4,0
0.498962,0.493468,0.53278,4,0
0.500794,0.493468,0.535344,4,0
0.503113,0.493102,0.535832,4,0
0.50177,0.49298,0.534611,4,0
0.502136,0.497375,0.534123,4,0
0.502259,0.497131,0.534977,4,0
0.50116,0.497741,0.535832,4,0
0.501282,0.49823,0.5351,4,0
0.501404,0.498108,0.534855,4,0
0.500794,0.496398,0.534977,4,0
0.500671,0.496032,0.533268,4,0
0.500305,0.493835,0.53278,4,0
0.500061,0.493468,0.532414,4,0
0.499206,0.488951,0.531559,4,0
0.498352,0.490294,0.531559,4,0
0.496643,0.491149,0.531681,4,0
0.496032,0.489195,0.532536,4,0
0.4953,0.487853,0.532414,4,0
0.494445,0.488219,0.53278,4,0
0.493346,0.488951,0.533634,4,0
0.492492,0.489073,0.533512,4,0
0.492003,0.488707,0.531803,4,0
0.492126,0.488219,0.531803,4,0
0.49066,0.488219,0.531437,4,0
0.489073,0.487364,0.530949,4,0
0.486876,0.486632,0.528507,4,0
0.484922,0.48419,0.528141,4,0
0.48358,0.48187,0.52985,4,0
0.484556,0.47894,0.535588,4,0
0.483824,0.480772,0.53803,4,0
0.484068,0.485655,0.535954,4,0
0.488585,0.49066,0.538396,4,0
0.492003,0.496521,0.53864,4,0
0.495056,0.501892,0.535222,4,0
0.497375,0.506532,0.532658,4,0
0.499084,0.510805,0.530704,4,0
0.500183,0.518984,0.526554,4,0
0.498352,0.520693,0.524478,4,0
0.500549,0.521914,0.519351,4,0
0.496887,0.522036,0.515932,4,0
0.491149,0.525211,0.51349,4,0
0.485045,0.525699,0.514589,4,0
0.485411,0.521182,0.516054,4,0
0.479307,0.522525,0.50995,4,0
0.478818,0.522403,0.510805,4,0
0.480283,0.521426,0.5152,4,0
0.478208,0.520938,0.509706,4,0
0.476499,0.517641,0.507997,4,0
0.474423,0.517397,0.505677,4,0
0.475034,0.515322,0.508607,4,0
0.475888,0.518862,0.505677,4,0
0.475766,0.5152,0.500427,4,0
0.474911,0.512514,0.499817,4,0
0.476865,0.513613,0.501038,4,0
0.473691,0.51581,0.500427,4,0
0.475644,0.514345,0.499084,4,0
0.475522,0.511659,0.499451,4,0
0.474911,0.513613,0.49823,4,0
0.475522,0.514223,0.496398,4,0
0.476254,0.5152,0.496154,4,0
0.47601,0.514467,0.494933,4,0
0.475522,0.514345,0.492736,4,0
0.477719,0.515688,0.489928,4,0
0.474545,0.51581,0.488829,4,0
0.476499,0.514101,0.49066,4,0
0.473202,0.513979,0.488097,4,0
0.475278,0.512025,0.489318,4,0
0.473935,0.512392,0.489806,4,0
0.476377,0.513124,0.48944,4,0
0.475034,0.51349,0.4848,4,0
0.477719,0.51227,0.483702,4,0
0.476743,0.513002,0.48187,4,0
0.478818,0.512147,0.478574,4,0
0.477964,0.510682,0.473569,4,0
0.476132,0.507997,0.468563,4,0
0.476132,0.502991,0.463069,4,0
0.475034,0.49823,0.464412,4,0
0.4754,0.500427,0.466976,4,0
0.489195,0.463558,0.477231,4,0
0.505677,0.442315,0.511537,4,0
0.49823,0.454767,0.510072,4,0
0.507386,0.428153,0.524844,4,0
0.506409,0.517763,0.535344,4,0
0.484556,0.488341,0.552314,4,0
0.497009,0.497253,0.553046,4,0
0.488097,0.50934,0.539128,4,0
0.486265,0.519595,0.53632,4,0
0.491393,0.51642,0.53339,4,0
0.490783,0.519961,0.529484,4,0
0.490294,0.521914,0.525699,4,0
0.487242,0.521304,0.520938,4,0
0.488951,0.518862,0.519228,4,0
0.486876,0.526309,0.518252,4,0
0.488829,0.522525,0.513979,4,0
0.49066,0.523135,0.511537,4,0
0.488951,0.524112,0.513124,4,0
0.491027,0.526431,0.511049,4,0
0.490294,0.527896,0.508241,4,0
0.488829,0.530338,0.506898,4,0
0.49237,0.529972,0.506654,4,0
0.491881,0.529972,0.507264,4,0
0.492126,0.534367,0.503724,4,0
0.491759,0.533512,0.502747,4,0
0.491149,0.532902,0.501892,4,0
0.491027,0.53339,0.502014,4,0
0.489562,0.537175,0.500794,4,0
0.489684,0.533512,0.500305,4,0
0.487853,0.532902,0.499084,4,0
0.488219,0.530582,0.497741,4,0
0.484312,0.529239,0.494323,4,0
0.480527,0.525211,0.491393,4,0
0.478452,0.523868,0.491271,4,0
0.479429,0.523379,0.493224,4,0
0.479307,0.521182,0.489684,4,0
0.478818,0.520938,0.485167,4,0
0.479307,0.519228,0.482847,4,0
0.478452,0.517275,0.480772,4,0
0.482115,0.514467,0.478818,4,0
0.480161,0.513124,0.474789,4,0
0.483335,0.512392,0.472592,4,0
0.484434,0.509217,0.46954,4,0
0.480405,0.507264,0.462825,4,0
0.476987,0.499939,0.45782,4,0
0.483335,0.484068,0.46197,4,0
0.494201,0.468807,0.477231,4,0
0.51813,0.443536,0.500183,4,0
0.517763,0.408253,0.523501,4,0
0.529728,0.458064,0.512147,4,0
0.512514,0.512392,0.546331,4,0
0.504212,0.487242,0.564034,4,0
0.506165,0.501648,0.555488,4,0
0.496887,0.539861,0.53864,4,0
0.500061,0.527286,0.541936,4,0
0.498718,0.53339,0.53632,4,0
0.502747,0.522525,0.530582,4,0
0.497009,0.530704,0.524112,4,0
0.49591,0.526554,0.523379,4,0
0.496398,0.522525,0.519961,4,0
0.494079,0.527286,0.517031,4,0
0.492614,0.5246,0.516298,4,0
0.494201,0.520571,0.514711,4,0
0.493346,0.522891,0.511781,4,0
0.49237,0.527774,0.511293,4,0
0.49298,0.526187,0.512392,4,0
0.494445,0.523868,0.51227,4,0
0.491637,0.531681,0.511659,4,0
0.491271,0.528019,0.511781,4,0
0.491637,0.527286,0.511903,4,0
0.49005,0.530338,0.510438,4,0
0.488463,0.528629,0.508607,4,0
0.488097,0.528995,0.509828,4,0
0.486998,0.529239,0.506409,4,0
0.484556,0.526676,0.505067,4,0
0.48419,0.528629,0.500183,4,0
0.482115,0.526676,0.499939,4,0
0.482969,0.524844,0.497253,4,0
0.481138,0.528751,0.491759,4,0
0.480772,0.524844,0.491515,4,0
0.481016,0.520938,0.489928,4,0
0.476987,0.521792,0.484434,4,0
0.474911,0.519839,0.482969,4,0
0.474301,0.51642,0.480772,4,0
0.47601,0.513368,0.479795,4,0
0.476132,0.505067,0.4754,4,0
0.472592,0.502747,0.473324,4,0
0.475766,0.497009,0.471859,4,0
0.479062,0.484312,0.472104,4,0
0.482359,0.475034,0.480894,4,0
0.503968,0.460017,0.497741,4,1
0.508607,0.433647,0.526798,4,0
0.508363,0.445245,0.514345,4,0
0.518618,0.481748,0.519839,4,0
0.501892,0.493591,0.541082,4,0
0.511293,0.474057,0.567086,4,0
0.508119,0.508363,0.555854,4,0
0.500671,0.519595,0.542791,4,0
0.499084,0.505799,0.547064,4,0
0.497741,0.5246,0.542425,4,0
0.49823,0.524234,0.536687,4,0
0.500305,0.514833,0.539495,4,0
0.49823,0.518008,0.536809,4,0
0.496887,0.522403,0.528629,4,0
0.494933,0.52399,0.525577,4,0
0.492858,0.522891,0.523868,4,0
0.494445,0.517153,0.520816,4,0
0.494567,0.51642,0.516665,4,0
0.491637,0.527286,0.515932,4,0
0.49237,0.522036,0.513613,4,0
0.493957,0.517153,0.514833,4,0
0.492614,0.524722,0.516787,4,0
0.491027,0.526065,0.515566,4,0
0.489928,0.526554,0.513857,4,0
0.488585,0.526309,0.516176,4,0
0.488829,0.526187,0.515444,4,0
0.487608,0.525088,0.514467,4,0
0.485655,0.528385,0.513857,4,0
0.4848,0.527408,0.512025,4,0
0.484068,0.526431,0.511049,4,0
0.483213,0.525455,0.50763,4,0
0.482481,0.525821,0.506409,4,0
0.482847,0.524722,0.504944,4,0
0.481748,0.526798,0.500916,4,0
0.481504,0.525455,0.500549,4,0
0.481382,0.523746,0.500305,4,0
0.481382,0.525088,0.497986,4,0
0.479673,0.529728,0.493102,4,0
0.479062,0.52399,0.492126,4,0
0.478818,0.523013,0.489195,4,0
0.479429,0.524112,0.483824,4,0
0.47894,0.522647,0.478452,4,0
0.476377,0.520205,0.474301,4,0
0.476621,0.514467,0.471127,4,0
0.474423,0.508729,0.468319,4,0
0.470639,0.502503,0.460994,4,0
0.477475,0.48712,0.459407,4,0
0.546331,0.411061,0.533024,4,0
0.496887,0.41216,0.471249,4,1
0.521914,0.489684,0.516176,4,0
0.505433,0.482481,0.561836,4,0
0.502136,0.494933,0.56208,4,0
0.492736,0.508119,0.537785,4,0
0.489073,0.511781,0.536198,4,0
0.490294,0.513613,0.543523,4,0
0.496032,0.513979,0.533879,4,0
0.497986,0.513246,0.537419,4,0
0.493835,0.514345,0.537785,4,0
0.492614,0.518618,0.528141,4,0
0.493224,0.514833,0.524478,4,0
0.491393,0.517886,0.528385,4,0
0.491515,0.520693,0.525943,4,0
0.493468,0.517886,0.520571,4,0
0.489318,0.520938,0.52399,4,0
0.48944,0.517641,0.5246,4,0
0.491637,0.517519,0.522525,4,0
0.489562,0.522525,0.522403,4,0
0.489684,0.518984,0.522036,4,0
0.48944,0.520693,0.520571,4,0
0.488585,0.523623,0.521182,4,0
0.488951,0.524112,0.517153,4,0
0.491027,0.522281,0.517031,4,0
0.49005,0.52753,0.517519,4,0
0.490172,0.525211,0.51349,4,0
0.488341,0.528751,0.514345,4,0
0.488219,0.526798,0.50995,4,0
0.485533,0.530094,0.508119,4,0
0.486143,0.526798,0.506287,4,0
0.486265,0.527652,0.505433,4,0
0.486265,0.530582,0.503968,4,0
0.487853,0.528629,0.500305,4,0
0.486143,0.524356,0.499939,4,0
0.486387,0.525943,0.496032,4,0
0.485777,0.526554,0.491149,4,0
0.4848,0.526431,0.486387,4,0
0.483213,0.524844,0.477719,4,0
0.481138,0.525333,0.471249,4,0
0.478696,0.520205,0.464534,4,0
0.475034,0.513857,0.458796,4,0
0.47015,0.505555,0.450739,4,0
0.481626,0.485899,0.464778,4,0
0.51642,0.447198,0.496765,4,0
0.528995,0.376877,0.539495,4,0
0.53339,0.423392,0.482969,4,0
0.522525,0.546575,0.522403,4,0
0.50177,0.484922,0.5644,4,1
0.496765,0.501404,0.571359,4,0
0.490905,0.516665,0.5445,4,0
0.488463,0.516298,0.54157,4,0
0.491271,0.508851,0.541326,4,0
0.499329,0.51056,0.538152,4,0
0.498352,0.517763,0.534001,4,0
0.494445,0.521182,0.533634,4,0
0.491881,0.517763,0.529728,4,0
0.494689,0.514833,0.523746,4,0
0.495422,0.516787,0.525577,4,0
0.493957,0.517275,0.526065,4,0
0.496154,0.519717,0.523135,4,0
0.492003,0.52399,0.522769,4,0
0.493957,0.51581,0.522647,4,0
0.494201,0.520327,0.519228,4,0
0.493346,0.524478,0.520938,4,0
0.4953,0.519228,0.520938,4,0
0.4953,0.523135,0.519839,4,0
0.494567,0.525699,0.518984,4,0
0.495056,0.524478,0.517153,4,0
0.495666,0.528385,0.518252,4,0
0.496887,0.529606,0.515688,4,0
0.496887,0.529361,0.516543,4,0
0.496887,0.533512,0.514345,4,0
0.49591,0.536198,0.510805,4,0
0.493713,0.535222,0.509095,4,0
0.493713,0.532902,0.50702,4,0
0.491393,0.534733,0.5047,4,0
0.489928,0.534611,0.501404,4,0
0.488585,0.531071,0.500794,4,0
0.484434,0.528141,0.497497,4,0
0.482725,0.528263,0.495666,4,0
0.480772,0.523746,0.493591,4,0
0.479917,0.521914,0.491637,4,0
0.478086,0.520083,0.48944,4,0
0.476499,0.517397,0.488463,4,0
0.477475,0.512147,0.488341,4,0
0.475522,0.508851,0.485777,4,0
0.472958,0.507752,0.483946,4,0
0.472104,0.499329,0.48065,4,0
0.471615,0.496032,0.475644,4,0
0.466732,0.486143,0.473202,4,0
0.479307,0.474911,0.484922,4,0
0.511781,0.442681,0.522281,4,0
0.505799,0.436333,0.524356,4,0
0.514345,0.442193,0.522281,4,0
0.511415,0.488829,0.539373,4,1
0.497009,0.484312,0.552924,4,0
0.493468,0.48773,0.555854,4,0
0.491149,0.500183,0.543645,4,0
0.485411,0.505311,0.542669,4,0
0.48651,0.509828,0.538884,4,0
0.492736,0.508607,0.53571,4,0
0.491881,0.508851,0.537419,4,0
0.492126,0.508119,0.537785,4,0
0.490538,0.514833,0.532169,4,0
0.491027,0.512758,0.527286,4,0
0.491759,0.507997,0.527408,4,0
0.490538,0.5152,0.526065,4,0
0.492248,0.514711,0.520693,4,0
0.491759,0.51874,0.519106,4,0
0.491515,0.520205,0.520327,4,0
0.491881,0.518618,0.517763,4,0
0.491149,0.522158,0.51581,4,0
0.489562,0.52399,0.516054,4,0
0.489073,0.522525,0.514955,4,0
0.487975,0.525699,0.514955,4,0
0.48651,0.526309,0.51349,4,0
0.48651,0.527408,0.513735,4,0
0.484312,0.528629,0.511903,4,0
0.48419,0.52753,0.510194,4,0
0.484556,0.524844,0.511537,4,0
0.482725,0.527652,0.509706,4,0
0.48126,0.527408,0.505433,4,0
0.48126,0.525333,0.505677,4,0
0.480894,0.523746,0.506043,4,0
0.480161,0.524112,0.502381,4,0
0.479062,0.5246,0.501526,4,0
0.478208,0.525455,0.500305,4,0
0.477353,0.521426,0.497986,4,0
0.477109,0.522769,0.495544,4,0
0.476132,0.522525,0.495178,4,0
0.476132,0.518862,0.493468,4,0
0.47601,0.518984,0.49005,4,0
0.475888,0.520083,0.48651,4,0
0.477475,0.517886,0.484068,4,0
0.473813,0.517641,0.478696,4,0
0.469418,0.515322,0.472104,4,0
0.471127,0.503601,0.468929,4,0
0.470272,0.493591,0.466121,4,0
0.483213,0.481138,0.485533,4,0
0.506165,0.44671,0.507997,4,0
0.508607,0.438286,0.501526,4,0
0.533634,0.424246,0.54218,4,0
0.503846,0.529484,0.538274,4,1
0.488219,0.483946,0.564644,4,0
0.493346,0.498596,0.557685,4,0
0.488951,0.511659,0.545477,4,0
0.485777,0.508607,0.543401,4,0
0.491759,0.503724,0.537175,4,0
0.497619,0.511171,0.535222,4,0
0.492126,0.514711,0.535832,4,0
0.49237,0.508607,0.531803,4,0
0.489073,0.51874,0.525943,4,0
0.487608,0.516909,0.526798,4,0
0.490538,0.511537,0.526431,4,0
0.492003,0.513735,0.524112,4,0
0.491271,0.516298,0.523257,4,0
0.493102,0.516054,0.521914,4,0
0.492614,0.516665,0.519595,4,0
0.493835,0.515932,0.521304,4,0
0.493102,0.519595,0.521304,4,0
0.495056,0.521182,0.517031,4,0
0.494079,0.526309,0.517886,4,0
0.494811,0.521304,0.521182,4,0
0.495056,0.523379,0.517397,4,0
0.493468,0.531803,0.516176,4,0
0.495666,0.529606,0.513979,4,0
0.493835,0.533146,0.514345,4,0
0.493713,0.53339,0.510072,4,0
0.493102,0.532292,0.509828,4,0
0.491393,0.536687,0.506043,4,0
0.490783,0.534001,0.503479,4,0
0.48773,0.531925,0.500427,4,0
0.480894,0.528873,0.495666,4,0
0.479551,0.529606,0.494201,4,0
0.477475,0.527164,0.493224,4,0
0.480039,0.522281,0.491881,4,0
0.473935,0.522158,0.484922,4,0
0.476132,0.519106,0.483091,4,0
0.475522,0.514223,0.483091,4,0
0.476132,0.51056,0.481748,4,0
0.47601,0.502136,0.477842,4,0
0.471493,0.497497,0.471249,4,0
0.472226,0.486754,0.465755,4,0
0.483824,0.469662,0.474667,4,0
0.517763,0.44439,0.506898,4,0
0.512025,0.435112,0.513246,4,0
0.521426,0.421682,0.529972,4,0
0.511293,0.497864,0.528873,4,0
0.49884,0.476743,0.556953,4,1
0.49298,0.497619,0.554755,4,0
0.488219,0.504334,0.543523,4,0
0.491759,0.508485,0.539128,4,0
0.491271,0.512636,0.537907,4,0
0.497253,0.511415,0.531681,4,0
0.49237,0.514101,0.532414,4,0
0.489318,0.516909,0.533146,4,0
0.492248,0.514955,0.52985,4,0
0.491271,0.517763,0.528263,4,0
0.490905,0.515444,0.529484,4,0
0.49298,0.510805,0.527286,4,0
0.491271,0.518618,0.525821,4,0
0.490905,0.519228,0.525333,4,0
0.49298,0.514223,0.522891,4,0
0.49066,0.520449,0.523135,4,0
0.490294,0.517886,0.522647,4,0
0.491393,0.516298,0.520205,4,0
0.491149,0.517519,0.520816,4,0
0.490294,0.520938,0.519351,4,0
0.489684,0.520205,0.517641,4,0
0.489195,0.524478,0.516665,4,0
0.487364,0.525943,0.51642,4,0
0.487364,0.523623,0.51642,4,0
0.485533,0.527896,0.514467,4,0
0.485045,0.527164,0.511903,4,0
0.483457,0.524844,0.51288,4,0
0.483824,0.527042,0.508851,4,0
0.48358,0.529972,0.506532,4,0
0.482115,0.525943,0.506165,4,0
0.484312,0.523501,0.505311,4,0
0.484922,0.528629,0.501038,4,0
0.481626,0.527652,0.49823,4,0
0.481992,0.522525,0.497864,4,0
0.481138,0.526187,0.493591,4,0
0.479673,0.524234,0.488707,4,0
0.47894,0.523379,0.484556,4,0
0.477964,0.52106,0.482725,4,0
0.479307,0.516665,0.478818,4,0
0.473813,0.507752,0.472226,4,0
0.466854,0.505555,0.466854,4,0
0.463558,0.49884,0.465389,4,0
0.484678,0.478818,0.482481,4,0
0.527042,0.440728,0.522403,4,0
0.520083,0.424734,0.50702,4,0
0.518252,0.482725,0.524356,4,0
0.492248,0.497131,0.532658,4,0
0.492248,0.45782,0.559517,4,0
0.497619,0.492492,0.547308,4,1
0.487608,0.502625,0.533879,4,0
0.488463,0.497741,0.54511,4,0
0.493346,0.503724,0.540105,4,0
0.496398,0.505921,0.536565,4,0
0.490416,0.505433,0.540715,4,0
0.487242,0.514833,0.5351,4,0
0.48773,0.513857,0.528507,4,0
0.488585,0.504822,0.529972,4,0
0.487975,0.510072,0.532658,4,0
0.489195,0.512025,0.528995,4,0
0.490294,0.511415,0.525821,4,0
0.488219,0.514833,0.526798,4,0
0.490538,0.50995,0.526431,4,0
0.490538,0.515932,0.525088,4,0
0.491881,0.513246,0.524722,4,0
0.494079,0.511659,0.522403,4,0
0.493102,0.515444,0.523868,4,0
0.493835,0.514711,0.524234,4,0
0.494933,0.519717,0.520693,4,0
0.494567,0.520449,0.520327,4,0
0.493468,0.524112,0.521426,4,0
0.494445,0.522403,0.519595,4,0
0.493713,0.5246,0.519839,4,0
0.493957,0.527652,0.520205,4,0
0.493713,0.527774,0.516176,4,0
0.492492,0.529606,0.516665,4,0
0.490538,0.531315,0.513613,4,0
0.489562,0.529361,0.513613,4,0
0.488341,0.531559,0.511171,4,0
0.48773,0.529606,0.508119,4,0
0.484922,0.528263,0.503968,4,0
0.483091,0.528629,0.502747,4,0
0.480527,0.528263,0.49884,4,0
0.478086,0.523013,0.500183,4,0
0.47601,0.5246,0.496154,4,0
0.471127,0.523501,0.492003,4,0
0.472958,0.519595,0.492614,4,0
0.471981,0.515688,0.489928,4,0
0.472104,0.513368,0.486754,4,0
0.471005,0.511781,0.484556,4,0
0.471005,0.509462,0.482237,4,0
0.471249,0.50177,0.478696,4,0
0.476499,0.494201,0.477842,4,0
0.483091,0.476865,0.483946,4,0
0.502136,0.456477,0.50702,4,0
0.509095,0.434745,0.526676,4,0
0.50409,0.453669,0.519595,4,1
0.505677,0.484922,0.537907,4,0
0.506165,0.481382,0.552924,4,0
0.499817,0.491149,0.549139,4,0
0.49298,0.501404,0.541814,4,0
0.493591,0.515444,0.543401,4,0
0.493957,0.513124,0.538884,4,0
0.494323,0.510927,0.538762,4,0
0.490905,0.516176,0.53803,4,0
0.488829,0.516909,0.533024,4,0
0.491393,0.512025,0.528995,4,0
0.48944,0.51227,0.530704,4,0
0.490783,0.510194,0.526798,4,0
0.491027,0.510072,0.524722,4,0
0.489318,0.514345,0.523868,1,0
0.491149,0.511537,0.523746,1,0
0.489928,0.514467,0.52106,1,0
0.489073,0.513246,0.520449,1,0
0.489195,0.513979,0.519961,1,0
0.487242,0.517886,0.522769,1,0
0.486387,0.519839,0.519351,1,0
0.486998,0.522158,0.517153,1,0
0.486021,0.520938,0.518252,1,0
0.484922,0.520449,0.521792,1,0
0.486754,0.522525,0.517886,1,0
0.484312,0.522403,0.51642,1,0
0.485167,0.520938,0.518374,1,0
0.485045,0.522891,0.5152,1,0
0.48358,0.523501,0.5152,1,0
0.483946,0.522036,0.514223,1,0
0.482481,0.523623,0.511903,1,0
0.482603,0.521182,0.513613,1,0
0.481504,0.522647,0.50934,1,0
0.479917,0.525455,0.505433,1,0
0.479795,0.523623,0.504334,1,0
0.477964,0.522525,0.502381,1,0
0.477231,0.524112,0.500549,1,0
0.469906,0.519106,0.495544,1,0
0.471371,0.514345,0.494445,1,0
0.470516,0.511171,0.493102,1,0
0.469784,0.510194,0.490416,1,0
0.471005,0.505433,0.486265,1,0
0.466243,0.501282,0.47833,1,0
0.467464,0.492858,0.482725,1,0
0.479062,0.497375,0.491881,1,0
0.49005,0.483091,0.496643,1,0
0.492126,0.463802,0.501892,1,0
0.496032,0.463435,0.506043,1,0
0.49884,0.466976,0.502869,1,0
0.499817,0.459163,0.522158,1,0
0.499451,0.47894,0.525577,1,0
0.499206,0.487608,0.522281,1,0
0.496154,0.48358,0.529117,1,0
0.501404,0.488585,0.528629,1,0
0.502625,0.495422,0.532902,1,0
0.502381,0.499329,0.534977,1,0
0.504212,0.507386,0.531803,1,0
0.504578,0.50763,0.529117,1,0
0.503724,0.500061,0.534855,1,0
0.503601,0.501282,0.534855,1,0
0.500916,0.501282,0.534123,1,0
0.498718,0.501648,0.534611,1,0
0.497009,0.501892,0.534489,1,0
0.495544,0.499939,0.539495,1,0
0.492126,0.494201,0.541326,1,0
0.491393,0.492492,0.537297,1,0
0.492858,0.488341,0.537541,1,0
0.492736,0.480039,0.540105,1,0
0.492248,0.477475,0.538396,1,0
0.491393,0.47894,0.53339,1,0
0.491515,0.474911,0.530704,1,0
0.491637,0.475278,0.529117,1,0
0.492126,0.477475,0.528629,1,0
0.49298,0.479307,0.528263,1,0
0.493713,0.479673,0.528019,1,0
0.494323,0.478818,0.527286,1,0
0.4953,0.477109,0.525821,1,0
0.495544,0.476499,0.524478,1,0
0.49591,0.476621,0.5246,1,0
0.496276,0.477475,0.524722,1,0
0.496276,0.478086,0.5246,1,0
0.496398,0.478452,0.524356,1,0
0.496887,0.479795,0.524234,1,0
0.497253,0.48065,0.524112,1,0
0.497131,0.480527,0.524722,1,0
0.496887,0.480161,0.524844,1,0
0.497375,0.479062,0.525699,1,0
0.497619,0.479673,0.526065,1,0
0.497131,0.481748,0.525455,1,0
0.497497,0.480283,0.525943,1,0
0.497864,0.479917,0.525577,1,0
0.498108,0.479184,0.525943,1,0
0.499084,0.480039,0.526065,1,0
0.499695,0.481504,0.525455,1,0
0.499939,0.48126,0.525088,1,0
0.500061,0.480161,0.525577,1,0
0.500549,0.480283,0.525699,1,0
0.500794,0.480894,0.525088,1,0
0.501892,0.481138,0.526798,1,0
0.502381,0.483213,0.527164,1,0
0.502503,0.482359,0.527042,1,0
0.503357,0.481138,0.528873,1,0
0.503846,0.483335,0.530094,1,0
0.504212,0.488341,0.528507,1,0
0.506043,0.491149,0.527774,1,0
0.506654,0.490172,0.528751,1,0
0.507508,0.483946,0.530704,1,0
0.506776,0.486876,0.531193,1,0
0.507508,0.493591,0.530094,1,0
0.508607,0.496276,0.530216,1,0
0.509217,0.492858,0.529606,1,0
0.509706,0.497619,0.531193,1,0
0.510194,0.4953,0.531437,1,0
0.510072,0.486632,0.528873,1,0
0.511903,0.46954,0.535466,1,0
0.512392,0.49298,0.54218,1,0
0.511415,0.498352,0.532292,1,0
0.514223,0.494079,0.531559,1,0
0.515688,0.4953,0.530827,1,0
0.51581,0.493346,0.529361,1,0
0.516298,0.492126,0.528629,1,0
0.517031,0.491027,0.529117,1,0
0.517275,0.492248,0.528995,1,0
0.517397,0.491881,0.528751,1,0
0.51642,0.491149,0.528507,1,0
0.515566,0.491393,0.528507,1,0
0.515566,0.491149,0.528873,1,0
0.51581,0.491393,0.528995,1,0
0.516054,0.490538,0.529239,1,0
0.51581,0.490416,0.528751,1,0
0.515322,0.490538,0.528629,1,0
0.514833,0.49066,0.528873,1,0
0.515078,0.490172,0.529239,1,0
0.515078,0.490416,0.529239,1,0
0.515322,0.490172,0.529239,1,0
0.515322,0.490538,0.528995,1,0
0.5152,0.49066,0.528385,1,0
0.5152,0.49005,0.528629,1,0
0.515566,0.490416,0.528995,1,0
0.515566,0.490538,0.528507,1,0
0.515444,0.490172,0.528629,1,0
0.5152,0.490538,0.529117,1,0
0.514955,0.490416,0.528873,1,0
0.514833,0.490294,0.528873,1,0
0.5152,0.490294,0.529239,1,0
0.514955,0.490416,0.528995,1,0
0.514833,0.490294,0.528629,1,0
0.515322,0.490294,0.529117,1,0
0.515322,0.490416,0.528751,1,0
0.5152,0.490416,0.528873,1,0
0.5152,0.490294,0.528629,1,0
0.5152,0.490172,0.528995,1,0
0.5152,0.490416,0.528995,1,0
0.515322,0.490538,0.528629,1,0
0.515444,0.490294,0.528751,1,0
0.515566,0.490294,0.528507,1,0
0.515444,0.490416,0.528995,1,0
0.515078,0.490538,0.528873,1,0
0.515078,0.490294,0.528873,1,0
0.5152,0.490538,0.528873,1,0
0.515078,0.490416,0.528873,1,0
0.5152,0.490294,0.528873,1,0
0.515322,0.490172,0.528629,1,0
0.515322,0.49066,0.528873,1,0
0.515566,0.490294,0.528873,1,0
0.515444,0.490294,0.528629,1,0
0.5152,0.490416,0.528873,1,0
0.514955,0.490172,0.528751,1,0
0.5152,0.49005,0.528629,1,0
0.515322,0.490172,0.528629,1,0
0.515444,0.489928,0.528873,1,0
0.515444,0.490294,0.528995,1,0
0.5152,0.490294,0.528995,1,0
0.5152,0.490294,0.528507,1,0