0.487853,0.531437,0.509584,1,0
0.487975,0.531071,0.509706,1,0
0.489684,0.530094,0.508729,1,0
0.489562,0.528995,0.508119,1,0
0.490905,0.530827,0.507142,1,0
0.49005,0.532902,0.504212,1,0
0.489318,0.532292,0.505677,1,0
0.48712,0.531071,0.506043,1,0
0.487242,0.53046,0.506165,1,0
0.486754,0.531803,0.505555,1,0
0.485411,0.529606,0.504334,1,0
0.485655,0.526676,0.503724,1,0
0.484556,0.531315,0.50177,1,0
0.4848,0.526798,0.503235,1,0
0.482725,0.520693,0.502747,1,0
0.483091,0.528873,0.500305,1,0
0.484068,0.527774,0.501282,1,0
0.485655,0.524966,0.502136,1,0
0.484556,0.528995,0.500671,1,0
0.483824,0.530094,0.501404,1,0
0.483702,0.527896,0.500671,1,0
0.482603,0.527652,0.501526,1,0
0.481504,0.529972,0.500549,1,0
0.482603,0.528263,0.499939,1,0
0.483091,0.528385,0.499084,1,0
0.487364,0.526676,0.500427,1,0
0.480527,0.524844,0.498352,1,0
0.482603,0.525211,0.500671,1,0
0.482603,0.522769,0.500183,1,0
0.482481,0.529484,0.497619,1,0
0.482725,0.524722,0.497619,1,0
0.480772,0.523746,0.494811,1,0
0.482847,0.528873,0.494933,1,0
0.481382,0.526676,0.495666,1,0
0.48187,0.528385,0.493957,1,0
0.483091,0.527042,0.493346,1,0
0.4848,0.528873,0.492003,1,0
0.480894,0.526676,0.494811,1,0
0.477231,0.523868,0.491759,1,0
0.481016,0.527652,0.490905,1,0
0.483213,0.524722,0.4953,1,0
0.482115,0.525821,0.49591,1,0
0.480894,0.528019,0.494445,1,0
0.48065,0.529484,0.495178,1,0
0.481382,0.529361,0.499206,1,0
0.482969,0.529484,0.500427,1,0
0.484312,0.526554,0.502014,1,0
0.481992,0.522769,0.506409,1,0
0.480772,0.520327,0.505189,1,0
0.480894,0.516543,0.507386,1,0
0.481016,0.522647,0.507508,1,0
0.480527,0.525577,0.503846,1,0
0.480527,0.528751,0.50409,1,0
0.479307,0.528995,0.504578,1,0
0.477109,0.527042,0.502381,0,0
0.48187,0.515078,0.505311,0,0
0.47601,0.537175,0.490783,0,0
0.479795,0.527896,0.495544,0,0
0.480161,0.522403,0.49884,0,0
0.478574,0.52692,0.495422,0,0
0.479917,0.520693,0.499573,0,0
0.479673,0.521792,0.498718,0,0
0.479307,0.524356,0.500305,0,0
0.477964,0.52399,0.500549,0,0
0.478452,0.520571,0.502259,0,0
0.477597,0.521792,0.50177,0,0
0.477353,0.522647,0.503846,0,0
0.476254,0.525088,0.50177,0,0
0.477842,0.522525,0.502991,0,0
0.476865,0.522891,0.502381,1,0
0.476132,0.52399,0.503235,1,0
0.476621,0.521792,0.502381,1,0
0.476987,0.519717,0.503479,1,0
0.477231,0.521548,0.5047,1,0
0.476621,0.522036,0.504456,1,0
0.47601,0.522036,0.503479,1,0
0.47601,0.523013,0.501892,1,0
0.476499,0.523623,0.503601,1,0
0.476499,0.523623,0.503846,1,0
0.476499,0.522403,0.503724,1,0
0.476743,0.521182,0.503968,1,0
0.476621,0.52167,0.505433,1,0
0.476499,0.521548,0.508119,1,0
0.475888,0.525088,0.507874,1,0
0.477109,0.527774,0.506898,1,0
0.477353,0.523501,0.508851,1,0
0.478086,0.520449,0.51288,1,0
0.477719,0.513857,0.517641,1,0
0.47894,0.517031,0.518618,1,0
0.478208,0.506532,0.517519,1,0
0.476499,0.506532,0.518862,1,0
0.476254,0.509462,0.518496,1,0
0.475156,0.512147,0.514101,1,0
0.479917,0.501526,0.521792,1,0
0.496765,0.502136,0.536809,1,0
0.477353,0.507874,0.525821,1,0
0.476377,0.501892,0.513857,1,0
0.475888,0.506043,0.51227,1,0
0.481138,0.511781,0.511781,1,0
0.488829,0.5152,0.512758,1,0
0.491759,0.514223,0.521426,1,0
0.488585,0.511293,0.518862,1,0
0.488463,0.509828,0.52106,1,0
0.484434,0.510072,0.520449,1,0
0.486387,0.512514,0.521914,1,0
0.486876,0.506654,0.524966,1,0
0.483824,0.508607,0.527408,1,0
0.481992,0.506654,0.527774,1,0
0.476987,0.5047,0.529239,1,0
0.477475,0.499329,0.529728,1,0
0.481016,0.497741,0.533879,1,0
0.481016,0.491271,0.537053,1,0
0.481016,0.483091,0.531315,1,0
0.485777,0.484556,0.529361,1,0
0.488219,0.484068,0.535832,1,0
0.486876,0.484434,0.531437,1,0
0.489195,0.481992,0.524966,1,0
0.492248,0.480039,0.525699,1,0
0.493468,0.480894,0.523501,1,0
0.495788,0.480527,0.523746,1,0
0.497009,0.480894,0.520571,1,0
0.500183,0.478574,0.518984,1,0
0.503235,0.475034,0.518252,1,0
0.50763,0.471981,0.521304,1,0
0.50763,0.472104,0.519106,1,0
0.508241,0.469418,0.518862,1,0
0.509462,0.469784,0.519717,1,0
0.511415,0.47015,0.518862,1,0
0.511781,0.465267,0.52106,1,0
0.511537,0.467953,0.517153,1,0
0.510316,0.466732,0.513857,1,0
0.510316,0.465877,0.51056,1,0
0.51056,0.468441,0.509584,1,0
0.510316,0.472348,0.506898,1,0
0.511659,0.469662,0.506776,1,0
0.510927,0.470516,0.50702,1,0
0.511049,0.47015,0.503724,1,0
0.509706,0.471127,0.501404,1,0
0.50934,0.468441,0.503357,1,0
0.508241,0.465511,0.505067,1,0
0.507264,0.472226,0.499817,1,0
0.506898,0.475888,0.496032,1,0
0.505799,0.483457,0.48651,1,0
0.506776,0.463802,0.486143,1,0
0.505311,0.479795,0.490905,1,0
0.508607,0.472714,0.493713,1,0
0.509584,0.462703,0.49237,1,0
0.506898,0.462947,0.491149,1,0
0.505555,0.468441,0.489318,1,0
0.506532,0.469784,0.490783,1,0
0.506409,0.469051,0.487975,1,0
0.507997,0.471981,0.491027,1,0
0.507508,0.474789,0.48944,1,0
0.50763,0.47601,0.485899,1,0
0.508485,0.468807,0.48712,1,0
0.509828,0.464778,0.489073,1,0
0.508119,0.463924,0.493835,1,0
0.508973,0.468441,0.502991,1,0
0.506898,0.463558,0.496643,1,0
0.504578,0.473324,0.50177,1,0
0.505555,0.472226,0.50995,1,0
0.50702,0.471615,0.508363,1,0
0.506409,0.468441,0.509217,1,0
0.507997,0.470516,0.514833,1,0
0.506776,0.471493,0.514345,1,0
0.506165,0.469906,0.518008,1,0
0.505799,0.471127,0.519228,1,0
0.505433,0.471371,0.521304,1,0
0.503235,0.476499,0.517275,1,0
0.504334,0.476377,0.518008,1,0
0.50409,0.476377,0.519106,1,0
0.502259,0.478208,0.516909,1,0
0.503846,0.477353,0.521426,1,0
0.505311,0.478696,0.526798,1,0
0.503113,0.481748,0.520327,1,0
0.501282,0.476987,0.519473,1,0
0.500916,0.477475,0.518984,1,0
0.50177,0.475766,0.520449,1,0
0.503479,0.474301,0.524234,1,0
0.503724,0.47308,0.527408,1,0
0.503479,0.473813,0.526431,1,0
0.502503,0.473569,0.523868,1,0
0.500794,0.475644,0.52399,1,0
0.504822,0.48712,0.525821,1,0
0.504212,0.499329,0.525455,1,0
0.506776,0.494201,0.523013,1,0
0.507752,0.488707,0.520083,1,0
0.508119,0.486021,0.517031,1,0
0.50763,0.488951,0.514101,1,0
0.510438,0.49298,0.512025,1,0
0.523868,0.493591,0.514589,1,0
0.536809,0.481504,0.517886,1,0
0.546453,0.455866,0.522036,1,0
0.535588,0.471127,0.525211,1,0
0.543401,0.475766,0.525211,1,0
0.53925,0.481992,0.533634,1,0
0.535588,0.485045,0.537175,1,0
0.530094,0.491515,0.539983,1,0
0.532658,0.496765,0.543645,1,0
0.532047,0.4848,0.546698,1,0
0.532902,0.475644,0.545233,1,0
0.532169,0.477231,0.539617,1,0
0.533146,0.476132,0.534733,1,0
0.530827,0.476621,0.530582,1,0
0.52753,0.478086,0.528873,1,0
0.52167,0.476377,0.524356,1,0
0.517397,0.477475,0.515444,1,0
0.509462,0.486754,0.496765,1,0
0.499695,0.48712,0.483824,1,0
0.495056,0.465511,0.49823,1,0
0.494567,0.463069,0.496887,1,0
0.50177,0.485655,0.513735,1,0
0.493591,0.503724,0.515444,1,0
0.489684,0.505067,0.511781,1,0
0.489195,0.507386,0.511171,1,0
0.490538,0.50763,0.508607,1,0
0.49066,0.502991,0.508851,1,0
0.49298,0.499939,0.508973,1,0
0.498962,0.497375,0.511659,1,0
0.503357,0.492614,0.516909,1,0
0.505799,0.491881,0.51349,1,0
0.51288,0.481504,0.517886,1,0
0.51642,0.466366,0.525699,1,0
0.518862,0.455012,0.536442,1,0
0.518374,0.472836,0.531681,1,0
0.519473,0.491393,0.537907,1,0
0.52399,0.56379,0.532902,1,0
0.54743,0.59834,0.543768,1,0
0.574411,0.558052,0.545843,1,0
0.592235,0.498108,0.547918,1,0
0.573678,0.467953,0.548163,1,0
0.536198,0.457087,0.528995,1,0
0.515322,0.465389,0.532536,1,0
0.521792,0.468929,0.525088,1,0
0.518618,0.463802,0.520449,1,0
0.513002,0.465267,0.515688,1,0
0.509095,0.472958,0.511781,1,0
0.50702,0.478696,0.512636,1,0
0.502991,0.478696,0.511171,1,0
0.499329,0.478574,0.510682,1,0
0.494567,0.481992,0.509828,1,0
0.489195,0.484922,0.508119,1,0
0.489684,0.489195,0.507997,1,0
0.487608,0.489684,0.508973,1,0
0.486265,0.491881,0.507508,1,0
0.484922,0.494811,0.50995,1,0
0.483091,0.497131,0.510194,1,0
0.482359,0.499206,0.507508,1,0
0.482359,0.499084,0.512392,1,0
0.481504,0.501282,0.51056,1,0
0.483946,0.503357,0.507264,1,0
0.486754,0.49884,0.513857,1,0
0.489073,0.501526,0.509584,1,0
0.492126,0.494933,0.515688,1,0
0.494201,0.491637,0.519473,1,0
0.496154,0.489195,0.522036,1,0
0.500427,0.482359,0.525333,1,0
0.508851,0.485777,0.521548,1,0
0.517763,0.47308,0.530216,1,0
0.516298,0.468441,0.525455,1,0
0.52106,0.453913,0.542303,1,0
0.519228,0.455866,0.542303,1,0
0.514345,0.482847,0.537175,1,0
0.514955,0.518008,0.537419,1,0
0.529239,0.566842,0.546087,1,0
0.546698,0.562569,0.553656,1,0
0.562813,0.503235,0.562447,1,0
0.56794,0.476499,0.57087,1,0
0.539373,0.494567,0.550848,1,0
0.512025,0.494079,0.536687,1,0
0.508241,0.487975,0.534367,1,0
0.505799,0.484312,0.530949,1,0
0.504212,0.483946,0.526798,1,0
0.500794,0.486876,0.521548,1,0
0.496765,0.492736,0.516909,1,0
0.491881,0.497253,0.511903,1,0
0.490172,0.494323,0.511659,1,0
0.483946,0.492736,0.511659,1,0
0.482481,0.495178,0.510072,1,0
0.482847,0.498474,0.510072,1,0
0.482969,0.494689,0.51227,1,0
0.484556,0.494445,0.513613,1,0
0.485899,0.497986,0.515566,1,0
0.48651,0.497619,0.516298,1,0
0.486143,0.497253,0.519351,1,0
0.48651,0.496154,0.521548,1,0
0.485533,0.497619,0.519473,1,0
0.480894,0.495056,0.521914,1,0
0.484312,0.493224,0.528385,1,0
0.47894,0.49591,0.525577,1,0
0.477842,0.494445,0.523501,1,0
0.480039,0.494201,0.515932,1,0
0.477231,0.495666,0.509462,1,0
0.48712,0.48712,0.516543,1,0
0.479551,0.491271,0.507264,1,0
0.488219,0.489684,0.50702,1,0
0.499084,0.478086,0.51874,1,0
0.507386,0.481382,0.526065,1,0
0.517397,0.474789,0.531315,1,0
0.520205,0.478086,0.515444,1,0
0.528507,0.476621,0.511171,1,0
0.538762,0.456843,0.523013,1,0
0.54096,0.416799,0.544744,1,0
0.519717,0.49298,0.494445,1,0
0.516665,0.650104,0.500061,1,0
0.558174,0.635331,0.516909,1,0
0.588451,0.558662,0.498596,1,0
0.578928,0.467586,0.481138,1,0
0.526554,0.427054,0.535466,1,0
0.50934,0.463313,0.54743,1,0
0.508851,0.474179,0.539617,1,0
0.514223,0.480894,0.533268,1,0
0.513857,0.481504,0.528629,1,0
0.511903,0.486143,0.528507,1,0
0.508363,0.488585,0.524478,1,0
0.506776,0.491027,0.520693,1,0
0.502381,0.494445,0.520938,1,0
0.497375,0.500671,0.519839,1,0
0.493346,0.498352,0.518496,1,0
0.489928,0.499084,0.51349,1,0
0.484434,0.497741,0.513613,1,0
0.482969,0.500549,0.510194,1,0
0.480405,0.495178,0.510194,1,0
0.481138,0.491759,0.517397,1,0
0.482481,0.496765,0.5152,1,0
0.480527,0.496643,0.513735,1,0
0.481382,0.498352,0.511903,1,0
0.480161,0.494567,0.512758,1,0
0.483335,0.497375,0.513124,1,0
0.479307,0.497741,0.510438,1,0
0.482481,0.496643,0.511049,1,0
0.483457,0.493224,0.512514,1,0
0.483091,0.492248,0.513735,1,0
0.484068,0.49005,0.51349,1,0
0.489562,0.485777,0.515566,1,0
0.492248,0.483213,0.516909,1,0
0.487486,0.475034,0.517519,1,0
0.491271,0.471127,0.515322,1,0
0.495056,0.447686,0.527408,1,0
0.492126,0.454035,0.516787,1,0
0.500794,0.450006,0.523013,1,0
0.498596,0.488097,0.509828,1,0
0.50702,0.561836,0.518008,1,0
0.531071,0.58491,0.544866,1,0
0.568185,0.520938,0.571115,1,0
0.580881,0.476743,0.609083,1,0
0.537053,0.499451,0.585154,1,0
0.525821,0.506532,0.566109,1,0
0.528995,0.513368,0.551459,1,0
0.526065,0.48712,0.545233,1,0
0.522647,0.486021,0.5351,1,0
0.518008,0.497741,0.525211,1,0
0.509217,0.50116,0.513735,1,0
0.499573,0.50702,0.50763,1,0
0.494689,0.506654,0.509828,1,0
0.492736,0.50702,0.510682,1,0
0.490172,0.513124,0.506409,1,0
0.486143,0.519595,0.493468,1,0
0.475644,0.512025,0.479551,1,0
0.473569,0.492492,0.476377,1,0
0.476132,0.477597,0.489684,1,0
0.477475,0.479551,0.50409,1,0
0.476865,0.493835,0.501648,1,0
0.477964,0.495544,0.502259,1,0
0.477353,0.499695,0.510316,1,0
0.474423,0.501404,0.508973,1,0
0.477964,0.499451,0.507386,1,0
0.480527,0.497619,0.518252,1,0
0.476743,0.498596,0.515078,1,0
0.483702,0.498108,0.513857,1,0
0.480894,0.493835,0.513979,1,0
0.490905,0.491515,0.515078,1,0
0.490538,0.481504,0.522891,1,0
0.48712,0.482481,0.519839,1,0
0.492858,0.475156,0.519473,1,0
0.497375,0.468075,0.513857,1,0
0.501038,0.464534,0.517031,1,0
0.505067,0.458796,0.521548,1,0
0.504944,0.465023,0.518374,1,0
0.508485,0.486387,0.514345,1,0
0.519839,0.574777,0.506409,1,0
0.554023,0.581004,0.531193,1,0
0.566475,0.561348,0.551093,1,0
0.556709,0.5445,0.556831,1,0
0.551947,0.543401,0.561958,1,0
0.540715,0.522158,0.568062,1,0
0.535588,0.519839,0.559272,1,0
0.533879,0.516298,0.548773,1,0
0.527774,0.507264,0.535466,1,0
0.523013,0.50763,0.523135,1,0
0.515444,0.51227,0.51288,1,0
0.503968,0.510927,0.495666,1,0
0.492248,0.503724,0.484678,1,0
0.486021,0.485167,0.483946,1,0
0.481626,0.462215,0.495178,1,0
0.479673,0.469784,0.508485,1,0
0.477353,0.479062,0.500061,1,0
0.479184,0.487975,0.49823,1,0
0.481016,0.503235,0.502991,1,0
0.476499,0.506654,0.502259,1,0
0.475522,0.505433,0.497375,1,0
0.480405,0.499451,0.501526,1,0
0.480405,0.498352,0.5047,1,0
0.482725,0.499573,0.508119,1,0
0.477353,0.500794,0.513368,1,0
0.478574,0.50177,0.518008,1,0
0.478086,0.501526,0.513613,1,0
0.48126,0.493102,0.514101,1,0
0.483457,0.495788,0.508363,1,0
0.484312,0.484678,0.511537,1,0
0.484312,0.484312,0.510682,1,0
0.4848,0.479307,0.506776,1,0
0.489562,0.476865,0.51227,1,0
0.489195,0.476499,0.506043,1,0
0.493591,0.467464,0.507997,1,0
0.497375,0.469418,0.51227,1,0
0.493102,0.465999,0.516054,1,0
0.501282,0.470028,0.51581,1,0
0.505921,0.463069,0.522158,1,0
0.508241,0.468075,0.519228,1,0
0.50995,0.485899,0.515444,1,0
0.517641,0.516298,0.529606,1,0
0.543768,0.55329,0.560371,1,0
0.539495,0.545599,0.56086,1,0
0.54511,0.517763,0.575143,1,0
0.538518,0.508363,0.573556,1,0
0.531437,0.511415,0.562569,1,0
0.529972,0.504578,0.55329,1,0
0.529606,0.503846,0.542303,1,0
0.524844,0.49823,0.534001,1,0
0.519228,0.496521,0.524112,1,0
0.51056,0.49823,0.5152,1,0
0.505433,0.497375,0.509217,1,0
0.496398,0.491393,0.506532,1,0
0.48944,0.47833,0.499084,1,0
0.486876,0.472348,0.497864,1,0
0.485045,0.477231,0.494201,1,0
0.483091,0.476132,0.493346,1,0
0.483457,0.48126,0.493591,1,0
0.484434,0.48773,0.496643,1,0
0.481626,0.491637,0.497375,1,0
0.480161,0.491271,0.497619,1,0
0.47833,0.488707,0.499695,1,0
0.480161,0.492126,0.50177,1,0
0.478574,0.490783,0.504944,1,0
0.48187,0.491393,0.506165,1,0
0.483946,0.492736,0.509706,1,0
0.481138,0.488097,0.515688,1,0
0.483824,0.504212,0.510438,1,0
0.481992,0.491759,0.517397,1,0
0.484922,0.495056,0.515078,1,0
0.48419,0.488463,0.519473,1,0
0.486387,0.489806,0.517763,1,0
0.482603,0.483457,0.519351,1,0
0.489318,0.480527,0.519228,1,0
0.489318,0.478086,0.518618,1,0
0.493346,0.46954,0.526798,1,0
0.497986,0.469662,0.522036,1,0
0.493835,0.472836,0.521426,1,0
0.501404,0.474545,0.523257,1,0
0.500305,0.499817,0.513979,1,0
0.511903,0.524356,0.518984,1,0
0.529972,0.54157,0.536076,1,0
0.536565,0.531925,0.544744,1,0
0.545843,0.523135,0.554145,1,0
0.553168,0.527164,0.563057,1,0
0.560371,0.54096,0.574289,1,0
0.544134,0.512514,0.575266,1,0
0.524234,0.52106,0.556464,1,0
0.524478,0.522769,0.543279,1,0
0.522403,0.507752,0.537785,1,1
0.520327,0.49884,0.536442,1,0
0.520205,0.501526,0.534977,1,0
0.515078,0.503357,0.52753,1,0
0.506287,0.505311,0.520693,1,0
0.500549,0.507386,0.516909,1,0
0.497497,0.503357,0.514101,1,0
0.492858,0.507386,0.50995,1,0
0.491149,0.506409,0.509217,1,0
0.490172,0.494323,0.517153,1,0
0.490416,0.503724,0.521792,1,0
0.482115,0.50702,0.510682,1,0
0.480161,0.511659,0.503479,1,0
0.476621,0.510438,0.506043,1,0
0.473202,0.510316,0.512025,1,0
0.469784,0.508729,0.510072,1,0
0.472348,0.505433,0.511659,1,0
0.475644,0.501526,0.509217,1,0
0.476377,0.499084,0.510316,1,0
0.480527,0.499939,0.514467,1,0
0.476987,0.499329,0.5152,1,0
0.482847,0.503846,0.515688,1,0
0.481748,0.497986,0.518252,1,0
0.483335,0.499939,0.514955,1,0
0.485289,0.494323,0.517031,1,0
0.485777,0.492248,0.51642,1,0
0.484068,0.485411,0.518618,1,0
0.487364,0.484922,0.51349,1,0
0.49237,0.478208,0.510805,1,0
0.492126,0.472714,0.509828,1,0
0.496643,0.471127,0.508607,1,0
0.502136,0.465267,0.515566,1,0
0.506409,0.463558,0.5152,1,0
0.513368,0.447076,0.528385,1,0
0.518984,0.433769,0.523501,1,0
0.507386,0.438286,0.50409,1,0
0.502014,0.512514,0.513735,1,0
0.528019,0.610548,0.532658,1,0
0.569405,0.528873,0.569283,1,0
0.568307,0.455866,0.589305,1,0
0.518008,0.471493,0.570626,1,0
0.532169,0.512025,0.550604,1,0
0.529239,0.482969,0.544134,1,0
0.522891,0.496765,0.536565,1,0
0.517275,0.493102,0.529361,1,0
0.511415,0.493102,0.523868,1,0
0.505555,0.494689,0.518252,1,0
0.500061,0.497741,0.518496,1,0
0.497131,0.500794,0.517275,1,1
0.493591,0.511415,0.513857,1,0
0.488463,0.52399,0.498474,1,0
0.476621,0.473691,0.482725,1,0
0.475522,0.458674,0.48773,1,0
0.477475,0.466488,0.494567,1,0
0.480527,0.475644,0.499817,1,0
0.474667,0.482725,0.499817,1,0
0.480161,0.492126,0.499817,1,0
0.476499,0.497619,0.502136,1,0
0.480527,0.494201,0.506409,1,0
0.476499,0.493224,0.504578,1,0
0.483091,0.493102,0.507508,1,0
0.479307,0.495056,0.510438,1,0
0.481016,0.497864,0.511171,1,0
0.484068,0.496765,0.515566,1,0
0.482847,0.495544,0.517519,1,0
0.48065,0.492126,0.517275,1,0
0.480405,0.490783,0.517153,1,0
0.477475,0.482115,0.519839,1,0
0.473202,0.479673,0.518618,1,0
0.474667,0.475644,0.518984,1,0
0.480405,0.479429,0.51056,1,0
0.4848,0.475766,0.502014,1,0
0.488829,0.474911,0.499573,1,0
0.494811,0.476254,0.502136,1,0
0.496887,0.475278,0.505067,1,0
0.498596,0.477109,0.50409,1,0
0.506409,0.469173,0.513246,1,0
0.508851,0.466243,0.520327,1,0
0.510072,0.447686,0.533268,1,0
0.502381,0.452814,0.513246,1,0
0.494323,0.503724,0.516054,1,0
0.516176,0.561958,0.539006,1,0
0.542058,0.572335,0.552436,1,0
0.576608,0.502747,0.580393,1,0
0.53803,0.451593,0.588207,1,0
0.52753,0.531559,0.551581,1,0
0.528751,0.509584,0.543035,1,0
0.526676,0.494201,0.540227,1,0
0.520571,0.486632,0.537541,1,0
0.517397,0.486387,0.535344,1,0
0.51349,0.491393,0.52692,1,0
0.503968,0.494079,0.523135,1,0
0.499817,0.499939,0.521792,1,0
0.495666,0.501282,0.519351,1,0
0.492492,0.502381,0.514833,1,0
0.490294,0.506287,0.506776,1,0
0.48187,0.49823,0.497253,1,1
0.479429,0.482359,0.494079,1,0
0.480283,0.471493,0.49823,1,0
0.481992,0.476743,0.502503,1,0
0.479795,0.482359,0.503968,1,0
0.472348,0.488219,0.508241,1,0
0.472714,0.491759,0.508485,1,0
0.472714,0.491515,0.50702,1,0
0.476865,0.489806,0.502259,1,0
0.480283,0.487608,0.506043,1,0
0.479795,0.489684,0.504456,1,0
0.478818,0.486632,0.506898,1,0
0.477475,0.488829,0.508119,1,0
0.476132,0.487486,0.509828,1,0
0.479429,0.488463,0.511781,1,0
0.479917,0.48773,0.511049,1,0
0.48126,0.487975,0.511781,1,0
0.480039,0.485533,0.511659,1,0
0.48419,0.485899,0.509828,1,0
0.482481,0.478696,0.516176,1,0
0.481138,0.480405,0.514345,1,0
0.489928,0.477109,0.506532,1,0
0.493468,0.47308,0.505311,1,0
0.496276,0.47247,0.510805,1,0
0.500183,0.474911,0.511537,1,0
0.505311,0.476254,0.512636,1,0
0.508241,0.47308,0.51813,1,0
0.510682,0.46722,0.519595,1,0
0.514711,0.456355,0.527164,1,0
0.51813,0.443658,0.525821,1,0
0.505799,0.469296,0.512514,1,0
0.506287,0.525699,0.523501,1,0
0.518984,0.565743,0.540838,1,0
0.542547,0.535466,0.556831,1,0
0.557807,0.49823,0.573923,1,0
0.547064,0.489318,0.577219,1,0
0.532292,0.505189,0.561836,1,0
0.526554,0.504334,0.549139,1,0
0.526676,0.510805,0.542058,1,0
0.523868,0.499451,0.539739,1,0
0.518252,0.498108,0.533268,1,0
0.512147,0.50177,0.526798,1,0
0.506532,0.506532,0.521914,1,0
0.499329,0.499329,0.517886,1,0
0.497375,0.510927,0.513857,1,0
0.493224,0.510805,0.51056,1,0
0.488585,0.5152,0.505677,1,0
0.483091,0.51227,0.492492,1,0
0.476132,0.496643,0.482359,1,1
0.472592,0.467708,0.48712,1,0
0.472958,0.465023,0.49591,1,0
0.47601,0.471005,0.507142,1,0
0.467586,0.484068,0.502503,1,0
0.474301,0.491759,0.503479,1,0
0.47308,0.492858,0.50177,1,0
0.476621,0.491027,0.501526,1,0
0.477353,0.490172,0.50177,1,0
0.478696,0.494323,0.50702,1,0
0.480161,0.498108,0.506898,1,0
0.481504,0.503113,0.508973,1,0
0.481382,0.502503,0.510072,1,0
0.48187,0.500183,0.507508,1,0
0.482115,0.4953,0.507508,1,0
0.480894,0.492858,0.505677,1,0
0.482359,0.488585,0.503724,1,0
0.487853,0.484312,0.503479,1,0
0.48944,0.481016,0.50177,1,0
0.494079,0.475888,0.5047,1,0
0.494079,0.468685,0.50763,1,0
0.498596,0.466488,0.51288,1,0
0.499817,0.454279,0.523868,1,0
0.500183,0.452814,0.518252,1,0
0.508485,0.455378,0.520816,1,0
0.510805,0.466243,0.518984,1,0
0.507508,0.514101,0.513979,1,0
0.523623,0.562813,0.540227,1,0
0.535466,0.546209,0.551947,1,0
0.548773,0.529361,0.560371,1,0
0.554999,0.518252,0.568185,1,0
0.546087,0.504578,0.569405,1,0
0.536076,0.498718,0.562691,1,0
0.52692,0.500183,0.550482,1,0
0.526065,0.500794,0.540105,1,0
0.521548,0.495788,0.534001,1,0
0.517153,0.494689,0.527896,1,0
0.512025,0.494079,0.523501,1,0
0.506776,0.496765,0.519839,1,0
0.499329,0.499573,0.514345,1,0
0.4953,0.499939,0.50995,1,0
0.488829,0.497253,0.503357,1,0
0.482237,0.473202,0.496154,1,0
0.48358,0.467098,0.503357,1,0
0.482725,0.478208,0.502747,1,0
0.479307,0.487975,0.503846,1,0
0.480405,0.493591,0.502747,1,0
0.479429,0.498474,0.501282,1,0
0.480161,0.500305,0.504822,1,0
0.478574,0.499206,0.503846,1,1
0.478696,0.494323,0.507874,1,0
0.475278,0.493468,0.508851,1,0
0.476865,0.495422,0.507874,1,0
0.477109,0.491637,0.510438,1,0
0.479795,0.491637,0.512025,1,0
0.477109,0.492248,0.511781,1,0
0.481992,0.49298,0.511903,1,0
0.481138,0.492126,0.511415,1,0
0.480894,0.49066,0.514467,1,0
0.482725,0.488707,0.514467,1,0
0.488829,0.487364,0.515078,1,0
0.490172,0.483702,0.512147,1,0
0.492492,0.483335,0.513857,1,0
0.491881,0.477964,0.511781,1,0
0.500061,0.475888,0.505311,1,0
0.5047,0.465755,0.513124,1,0
0.508363,0.46136,0.515932,1,0
0.513368,0.468929,0.50995,1,0
0.521304,0.459285,0.523379,1,0
0.523257,0.445367,0.535832,1,0
0.522647,0.464778,0.524478,1,0
0.523501,0.492248,0.555366,1,0
0.527896,0.539006,0.55854,1,0
0.540593,0.511049,0.571603,1,0
0.54096,0.486021,0.570138,1,0
0.52985,0.488341,0.559517,1,0
0.527896,0.488097,0.550971,1,0
0.525943,0.4848,0.543279,1,0
0.522891,0.491149,0.534977,1,0
0.516543,0.489928,0.527652,1,0
0.512392,0.491271,0.522891,1,0
0.507752,0.492126,0.52167,1,0
0.503846,0.497375,0.517886,1,0
0.498718,0.498962,0.513735,1,0
0.494689,0.513002,0.511171,1,0
0.48651,0.51227,0.501038,1,0
0.4848,0.491393,0.499451,1,0
0.481748,0.479917,0.502259,1,0
0.479673,0.482603,0.506409,1,0
0.474545,0.486632,0.505189,1,0
0.477597,0.488463,0.506776,1,0
0.472592,0.491149,0.50763,1,0
0.474423,0.496887,0.506165,1,0
0.475156,0.49298,0.508119,1,0
0.477964,0.498474,0.507874,1,0
0.477475,0.495788,0.50934,1,0
0.479184,0.496765,0.506654,1,0
0.48126,0.495422,0.510316,1,0
0.482725,0.497741,0.510316,1,1
0.480894,0.496276,0.50995,1,0
0.482603,0.496521,0.50995,1,0
0.48419,0.491393,0.514955,1,0
0.483457,0.49066,0.515444,1,0
0.489318,0.486265,0.517397,1,0
0.492003,0.482115,0.518496,1,0
0.496887,0.475278,0.526065,1,0
0.49823,0.470028,0.524234,1,0
0.493713,0.473691,0.516054,1,0
0.500549,0.474301,0.521548,1,0
0.502747,0.490905,0.517886,1,0
0.508241,0.509217,0.529239,1,0
0.524478,0.545599,0.536931,1,0
0.542547,0.539861,0.556953,1,0
0.565377,0.519717,0.574167,1,0
0.565377,0.506043,0.580027,1,0
0.551337,0.497009,0.575998,1,0
0.528751,0.492248,0.556464,1,0
0.529361,0.509217,0.547552,1,0
0.526309,0.505799,0.534123,1,0
0.519595,0.482115,0.528873,1,0
0.51581,0.471249,0.528507,1,0
0.513246,0.474545,0.525211,1,0
0.505677,0.482847,0.51874,1,0
0.499084,0.48712,0.515322,1,0
0.495422,0.486021,0.515322,1,0
0.494689,0.486998,0.513124,1,0
0.488829,0.487364,0.512147,1,0
0.489684,0.491515,0.505433,1,0
0.483091,0.49298,0.496398,1,0
0.480527,0.475034,0.496765,1,0
0.485411,0.479673,0.502747,1,0
0.48187,0.489562,0.50409,1,0
0.479062,0.491027,0.505311,1,0
0.481748,0.4953,0.511049,1,0
0.479429,0.499817,0.508607,1,0
0.481138,0.4953,0.512147,1,0
0.478574,0.4953,0.514223,1,0
0.478574,0.495666,0.513246,1,0
0.474667,0.49237,0.513979,1,0
0.476499,0.493835,0.511659,1,0
0.478696,0.491759,0.511415,1,0
0.483824,0.491881,0.511293,1,0
0.483335,0.491149,0.50702,1,0
0.488097,0.488829,0.511415,1,0
0.49066,0.49066,0.50763,1,0
0.491637,0.480772,0.510805,1,0
0.496032,0.484556,0.508363,1,1
0.499817,0.473935,0.513368,1,0
0.501038,0.46429,0.51642,1,0
0.503724,0.458552,0.518984,1,0
0.509462,0.443169,0.533879,1,0
0.511903,0.453791,0.525821,1,0
0.509706,0.465633,0.5246,1,0
0.506898,0.503235,0.523868,1,0
0.518984,0.545721,0.539983,1,0
0.532658,0.527774,0.549506,1,0
0.541936,0.50763,0.559761,1,0
0.54389,0.507752,0.568551,1,0
0.538152,0.516787,0.56672,1,0
0.530338,0.520449,0.556587,1,0
0.521914,0.518618,0.543035,1,0
0.519106,0.504822,0.537297,1,0
0.519106,0.504822,0.534855,1,0
0.514955,0.505311,0.531315,1,0
0.509706,0.502625,0.528507,1,0
0.505555,0.49823,0.524722,1,0
0.499573,0.4953,0.518618,1,0
0.491393,0.501038,0.507508,1,0
0.486632,0.490172,0.50702,1,0
0.485533,0.479429,0.505433,1,0
0.48419,0.482481,0.505311,1,0
0.484312,0.488585,0.504456,1,0
0.481382,0.488341,0.504944,1,0
0.481748,0.496521,0.507508,1,0
0.481016,0.496887,0.508119,1,0
0.479795,0.496398,0.513857,1,0
0.480039,0.496398,0.513246,1,0
0.481138,0.493713,0.515444,1,0
0.484434,0.493957,0.517397,1,0
0.483213,0.496032,0.514711,1,0
0.486265,0.492248,0.519228,1,0
0.481504,0.492248,0.518496,1,0
0.484922,0.489684,0.520327,1,0
0.486387,0.491271,0.517275,1,0
0.490783,0.485533,0.519595,1,0
0.494933,0.485533,0.520816,1,0
0.492492,0.482237,0.515932,1,0
0.496276,0.475766,0.518252,1,0
0.497986,0.475156,0.516665,1,0
0.503235,0.469784,0.517886,1,0
0.508607,0.468075,0.521304,1,0
0.51288,0.472592,0.518618,1,0
0.517641,0.468319,0.523379,1,0
0.522036,0.467953,0.528385,1,0
0.521426,0.462093,0.533634,1,0
0.520693,0.454035,0.537053,1,1
0.51056,0.473935,0.52692,1,0
0.515688,0.510072,0.535954,1,0
0.53339,0.56208,0.544256,1,0
0.550726,0.523868,0.554023,1,0
0.547918,0.485289,0.560982,1,0
0.528995,0.47833,0.553412,1,0
0.522403,0.490294,0.545721,1,0
0.520083,0.485533,0.540227,1,0
0.516909,0.488341,0.5351,1,0
0.51056,0.488829,0.531803,1,0
0.508119,0.488463,0.527896,1,0
0.503113,0.487853,0.523746,1,0
0.499573,0.487975,0.520571,1,0
0.496765,0.489684,0.52167,1,0
0.491759,0.491149,0.519351,1,0
0.489806,0.493224,0.515322,2,0
0.487608,0.496765,0.51349,2,0
0.484068,0.497253,0.513979,2,0
0.481138,0.500794,0.509095,2,0
0.479795,0.504578,0.503968,2,0
0.476377,0.492492,0.507997,2,0
0.478452,0.492003,0.507874,2,0
0.477353,0.494689,0.50934,2,0
0.478696,0.496154,0.51056,2,0
0.476499,0.493957,0.511537,2,0
0.48065,0.501038,0.5152,2,0
0.476865,0.503479,0.513735,2,0
0.482725,0.50177,0.511903,2,0
0.481748,0.497497,0.513979,2,0
0.483335,0.496521,0.514589,2,0
0.485533,0.494689,0.514467,2,0
0.485777,0.49005,0.516909,2,0
0.485167,0.489684,0.516298,2,0
0.484556,0.487242,0.516298,2,0
0.484922,0.483946,0.515566,2,0
0.482969,0.477719,0.514833,2,0
0.484434,0.475034,0.512025,2,0
0.484434,0.464778,0.513857,2,0
0.491149,0.453913,0.518862,2,0
0.492736,0.460505,0.517153,2,0
0.497253,0.45489,0.526065,2,0
0.502259,0.461238,0.522647,2,0
0.502747,0.470761,0.5246,2,0
0.506409,0.489073,0.522891,2,0
0.507142,0.500794,0.523013,2,0
0.513002,0.494323,0.52167,2,0
0.51642,0.488829,0.51642,2,0
0.523013,0.482725,0.511537,2,0
0.527042,0.466366,0.508973,2,0
0.529117,0.456232,0.511049,2,0
0.529972,0.461482,0.512514,2,0
0.532169,0.467464,0.514467,2,0
0.533879,0.472104,0.513002,2,0
0.532902,0.482603,0.513246,2,0
0.533757,0.491759,0.517519,2,0
0.528751,0.502625,0.51874,2,0
0.531925,0.504456,0.517763,2,0
0.53046,0.49591,0.519228,2,0
0.52985,0.490172,0.519106,2,0
0.530704,0.486387,0.520449,2,0
0.531071,0.486632,0.521304,2,0
0.531071,0.489318,0.521426,2,0
0.532414,0.492736,0.520816,2,0
0.531437,0.495422,0.519473,2,0
0.532047,0.497619,0.518252,2,0
0.532536,0.499329,0.517153,2,0
0.532414,0.500061,0.517031,2,0
0.532292,0.499573,0.517031,2,0
0.531681,0.499573,0.516909,2,0
0.531315,0.500183,0.516665,2,0
0.530338,0.500671,0.516298,2,0
0.530338,0.501892,0.51642,2,0
0.529484,0.502747,0.516298,2,0
0.530216,0.501404,0.516298,2,0
0.531071,0.499329,0.516909,2,0
0.530949,0.498596,0.517275,2,0
0.530338,0.498596,0.517031,2,0
0.52985,0.497864,0.516787,2,0
0.52985,0.497253,0.516176,2,0
0.529728,0.496032,0.516176,2,0
0.529239,0.495422,0.516909,2,0
0.528995,0.4953,0.517153,2,0
0.529484,0.496032,0.517275,2,0
0.529972,0.496887,0.517641,2,0
0.53046,0.497253,0.517641,2,0
0.530827,0.497986,0.518008,2,0
0.531193,0.498962,0.518008,2,0
0.531437,0.500061,0.517641,2,0
0.531315,0.500427,0.517275,2,0
0.531071,0.500427,0.516909,2,0
0.530949,0.500427,0.51642,2,0
0.530338,0.500061,0.516665,2,0
0.529484,0.500061,0.516543,2,0
0.529484,0.500061,0.516665,2,0
0.529484,0.499695,0.517153,2,0
0.52985,0.499084,0.517641,2,0
0.530216,0.499084,0.517886,2,0
0.530582,0.499451,0.518008,2,0
0.53046,0.499206,0.518008,2,0
0.529972,0.498962,0.517886,2,0
0.529972,0.499084,0.517886,2,0
0.529606,0.499329,0.517031,2,0
0.529728,0.499329,0.516787,2,0
0.529484,0.499329,0.516787,2,0
0.529728,0.499451,0.516909,2,0
0.52985,0.499206,0.517153,2,0
0.530338,0.499329,0.517153,2,0
0.530338,0.499206,0.517519,2,0
0.530827,0.49884,0.518008,2,0
0.530704,0.498352,0.518252,2,0
0.531071,0.498474,0.519228,2,0
0.533146,0.498718,0.525333,2,0
0.532047,0.49884,0.526309,2,0
0.531193,0.498718,0.525943,2,0
0.530582,0.492614,0.526554,2,0
0.529361,0.488707,0.524844,2,0
0.527774,0.487364,0.522403,2,0
0.526187,0.486143,0.519228,2,0
0.5246,0.486265,0.518252,2,0
0.523868,0.487608,0.517519,2,0
0.519228,0.48944,0.515322,2,0
0.521548,0.489195,0.517153,2,0
0.52167,0.488463,0.520083,2,0
0.521792,0.483946,0.525333,2,0
0.522647,0.481382,0.532169,2,0
0.520083,0.477353,0.538762,2,0
0.518984,0.473324,0.544256,2,0
0.511659,0.474057,0.544744,2,0
0.506409,0.474789,0.541692,2,0
0.500916,0.472714,0.536198,2,0
0.499206,0.473569,0.530949,2,0
0.498596,0.473935,0.52692,2,0
0.496154,0.475766,0.524356,2,0
0.49591,0.476743,0.524356,2,0
0.497864,0.472714,0.524356,2,0
0.5047,0.469051,0.520693,2,0
0.509462,0.494079,0.508607,2,0
0.516909,0.513613,0.519839,2,0
0.522281,0.5152,0.528629,2,0
0.520693,0.526554,0.530338,2,0
0.515688,0.528507,0.530582,2,0
0.51874,0.527774,0.530094,2,0
0.511293,0.524356,0.521182,2,0
0.504212,0.519839,0.508973,2,0
0.497619,0.512392,0.495056,2,0
0.484434,0.509828,0.485289,2,0
0.480894,0.504944,0.484556,2,0
0.47833,0.504578,0.482237,2,0
0.482603,0.494933,0.492492,2,0
0.481016,0.509462,0.492492,2,0
0.481504,0.514101,0.490538,2,0
0.486632,0.505311,0.492248,2,0
0.496032,0.494445,0.505799,2,0
0.503846,0.474789,0.526309,2,0
0.502747,0.45611,0.535222,2,0
0.502136,0.446221,0.514589,2,0
0.520205,0.435478,0.54743,2,0
0.508363,0.44439,0.55036,2,0
0.505921,0.456232,0.552558,2,0
0.507752,0.462581,0.55622,2,0
0.506409,0.488829,0.548895,2,0
0.514833,0.49066,0.551337,2,0
0.511049,0.499084,0.54682,2,0
0.514833,0.505921,0.546331,2,0
0.509462,0.504456,0.542058,2,0
0.505555,0.501404,0.539128,2,0
0.506287,0.50177,0.536931,2,0
0.502625,0.50177,0.530338,2,0
0.501282,0.500183,0.524234,2,0
0.495056,0.500427,0.519351,2,0
0.491027,0.501282,0.51581,2,0
0.487364,0.500549,0.515688,2,0
0.487486,0.503846,0.5152,2,0
0.482969,0.5047,0.515932,2,0
0.484556,0.505921,0.519106,2,0
0.482969,0.50934,0.523623,2,0
0.480405,0.510682,0.521914,2,0
0.478574,0.508485,0.521304,2,0
0.480161,0.509706,0.517886,2,0
0.477964,0.507386,0.511537,2,0
0.483824,0.511049,0.502014,2,0
0.474423,0.51642,0.495056,2,0
0.489562,0.513979,0.496276,2,0
0.481016,0.517153,0.49005,2,0
0.485411,0.518618,0.490905,2,0
0.486143,0.521426,0.490783,2,0
0.489928,0.516787,0.489562,2,0
0.496154,0.510805,0.493713,2,0
0.501038,0.502869,0.500183,2,0
0.508363,0.496398,0.50934,2,0
0.51874,0.493102,0.510805,2,0
0.531071,0.477719,0.496276,2,0
0.540593,0.444024,0.493224,2,0
0.5246,0.426444,0.487364,2,0
0.519961,0.387743,0.503968,2,0
0.494811,0.384691,0.524722,2,0
0.499206,0.386033,0.528995,2,0
0.51288,0.385179,0.525943,2,0
0.525333,0.417898,0.5351,2,0
0.52692,0.467953,0.540838,2,0
0.533146,0.483824,0.538396,2,0
0.527164,0.488219,0.53278,2,0
0.524844,0.4953,0.524844,2,0
0.523013,0.497741,0.521426,2,0
0.514467,0.497864,0.511171,2,0
0.501282,0.497741,0.50763,2,0
0.495544,0.499451,0.507752,2,0
0.491271,0.49884,0.512025,2,0
0.485899,0.49884,0.511049,2,0
0.483702,0.505067,0.511659,2,0
0.479795,0.508363,0.506532,2,0
0.476621,0.512025,0.504334,2,0
0.477842,0.508729,0.507752,2,0
0.477475,0.50763,0.507142,2,0
0.476865,0.505189,0.511659,2,0
0.474911,0.504212,0.51227,2,0
0.475156,0.505677,0.513368,2,0
0.47601,0.510805,0.507386,2,0
0.469051,0.525455,0.492858,2,0
0.46954,0.521914,0.486143,2,0
0.482481,0.502869,0.501526,2,0
0.484312,0.511293,0.500061,2,0
0.484068,0.508119,0.493957,2,0
0.488341,0.506287,0.492736,2,0
0.493713,0.501648,0.497009,2,0
0.49884,0.499573,0.497986,2,0
0.505921,0.495178,0.502381,2,0
0.508973,0.493591,0.504334,2,0
0.514345,0.477475,0.517153,2,0
0.527042,0.464046,0.534367,2,0
0.534855,0.445855,0.549139,2,0
0.538274,0.442559,0.55854,2,0
0.53864,0.45257,0.575998,2,0
0.529239,0.476865,0.588451,2,0
0.529239,0.477842,0.585643,2,0
0.526554,0.471249,0.556953,2,0
0.526309,0.471981,0.547308,2,0
0.525211,0.4754,0.544744,2,0
0.52167,0.481138,0.538518,2,0
0.518984,0.482725,0.531437,2,0
0.515566,0.487364,0.523379,2,0
0.511903,0.492858,0.517641,2,0
0.506532,0.497741,0.510316,2,0
0.500794,0.503601,0.508973,2,0
0.49066,0.512147,0.506776,2,0
0.484678,0.509706,0.507142,2,0
0.484678,0.502136,0.508485,2,0
0.482237,0.506287,0.510316,2,0
0.476865,0.503846,0.507508,2,0
0.472348,0.506654,0.512147,2,0
0.473446,0.510194,0.512636,2,0
0.473691,0.503235,0.510072,2,0
0.474179,0.501648,0.508119,2,0
0.476132,0.501038,0.508851,2,0
0.4754,0.504944,0.506043,2,0
0.475278,0.506532,0.5047,2,0
0.476254,0.508729,0.502381,2,0
0.476865,0.506165,0.502869,2,0
0.480039,0.505189,0.500305,2,0
0.480405,0.503601,0.502259,2,0
0.478696,0.508363,0.501282,2,0
0.482847,0.514223,0.499084,2,0
0.496032,0.509095,0.501526,2,0
0.504822,0.502747,0.502381,2,0
0.513735,0.491515,0.505555,2,0
0.523379,0.476621,0.513979,2,0
0.534245,0.465755,0.530949,2,0
0.545355,0.448175,0.544866,2,0
0.544866,0.439018,0.568307,2,0
0.528507,0.456599,0.566475,2,0
0.534123,0.479795,0.578562,2,0
0.533268,0.482237,0.569283,2,0
0.527042,0.469418,0.555488,2,0
0.527774,0.464168,0.55036,2,0
0.527774,0.462947,0.54511,2,0
0.526431,0.473813,0.537175,2,0
0.523623,0.480405,0.525211,2,0
0.520571,0.484068,0.519839,2,0
0.51056,0.484434,0.514711,2,0
0.502991,0.493346,0.514345,2,0
0.492126,0.500427,0.510927,2,0
0.487242,0.500549,0.509095,2,0
0.484678,0.505189,0.50702,2,0
0.48126,0.505189,0.508729,2,0
0.478696,0.503724,0.508729,2,0
0.480161,0.504822,0.508729,2,0
0.480161,0.503113,0.50934,2,0
0.47833,0.501892,0.511293,2,0
0.477231,0.506287,0.511537,2,0
0.475644,0.506776,0.512025,2,0
0.4754,0.505311,0.513368,2,0
0.474667,0.508363,0.511903,2,0
0.472714,0.504212,0.510072,2,0
0.475522,0.499939,0.507752,2,0
0.47601,0.496276,0.507142,2,0
0.477353,0.49884,0.50763,2,0
0.478574,0.50116,0.504334,2,0
0.483335,0.504578,0.501038,2,0
0.48419,0.514711,0.49823,2,0
0.486876,0.513735,0.504578,2,0
0.492248,0.516543,0.502991,2,0
0.49884,0.510438,0.510316,2,0
0.498352,0.50177,0.508241,2,0
0.5047,0.492248,0.50934,2,0
0.511537,0.478574,0.509828,2,0
0.534123,0.462459,0.515078,2,0
0.578684,0.420706,0.532536,2,0
0.547796,0.410206,0.543645,2,0
0.52106,0.443047,0.555366,2,0
0.520571,0.466243,0.56501,2,0
0.531315,0.458674,0.558418,2,0
0.525821,0.454157,0.546698,2,0
0.524478,0.446954,0.542303,2,0
0.52753,0.45611,0.536198,2,0
0.526431,0.461116,0.533512,2,0
0.527652,0.467708,0.525088,2,0
0.525821,0.473202,0.522769,2,0
0.517519,0.482359,0.514711,2,0
0.507752,0.493591,0.514589,2,0
0.498962,0.500794,0.51056,2,0
0.491027,0.506532,0.50702,2,0
0.486754,0.508363,0.507508,2,0
0.482359,0.511659,0.505921,2,0
0.48065,0.511293,0.507508,2,0
0.478208,0.515688,0.507752,2,0
0.476499,0.519595,0.506043,2,0
0.478818,0.516298,0.506043,2,0
0.479062,0.51642,0.506776,2,0
0.481016,0.516543,0.507997,2,0
0.479307,0.51813,0.504944,2,0
0.478452,0.519106,0.502625,2,0
0.479184,0.520083,0.505311,2,0
0.478452,0.518862,0.503846,2,0
0.47833,0.517641,0.502991,2,0
0.480039,0.516543,0.5047,2,1
0.480772,0.513613,0.503846,2,0
0.482969,0.509828,0.506654,2,0
0.488341,0.507997,0.505799,2,0
0.486754,0.504822,0.501526,2,0
0.49005,0.497986,0.502747,2,0
0.493346,0.493224,0.502991,2,0
0.497375,0.489073,0.505799,2,0
0.499084,0.486021,0.507264,2,0
0.506898,0.477597,0.511293,2,0
0.517275,0.448419,0.524844,2,0
0.526187,0.433769,0.536809,2,0
0.523257,0.425101,0.553901,2,0
0.519961,0.447931,0.560127,2,0
0.503479,0.482359,0.561104,2,0
0.512758,0.459651,0.562202,2,0
0.508851,0.452692,0.551581,2,0
0.510927,0.455134,0.547552,2,0
0.513246,0.467098,0.542425,2,0
0.51227,0.476132,0.534733,2,0
0.507264,0.482359,0.523257,2,0
0.506287,0.482847,0.520938,2,0
0.500183,0.487364,0.514711,2,0
0.499817,0.49298,0.510805,2,0
0.493346,0.500061,0.509217,2,0
0.489562,0.502381,0.508485,2,0
0.483702,0.504334,0.50702,2,0
0.485167,0.503846,0.506776,2,0
0.481504,0.51349,0.503601,2,0
0.48187,0.512758,0.501892,2,0
0.480161,0.517519,0.506654,2,0
0.472714,0.517519,0.506287,2,0
0.475888,0.51056,0.505433,2,0
0.47601,0.507386,0.512758,2,0
0.474179,0.512636,0.512636,2,0
0.473569,0.513979,0.507386,2,0
0.476254,0.515078,0.506043,2,0
0.479429,0.511659,0.505555,2,0
0.486021,0.507264,0.507264,2,0
0.485899,0.507874,0.503968,2,0
0.490172,0.507874,0.501526,2,0
0.496887,0.503968,0.506409,2,0
0.498474,0.499817,0.504944,2,0
0.500305,0.491881,0.505677,2,0
0.502136,0.485899,0.506409,2,0
0.505067,0.480527,0.514223,2,0
0.528873,0.46954,0.538762,2,0
0.56147,0.434257,0.558296,2,0
0.559028,0.446344,0.559028,2,1
0.528507,0.505433,0.576486,2,0
0.522281,0.471737,0.589916,2,0
0.525699,0.440972,0.572091,2,0
0.529361,0.44964,0.549994,2,0
0.527408,0.457209,0.535588,2,0
0.524112,0.45782,0.531437,2,0
0.517153,0.468197,0.523135,2,0
0.510805,0.482237,0.519595,2,0
0.503846,0.496887,0.509584,2,0
0.497864,0.506532,0.500305,2,0
0.496276,0.506165,0.499206,2,0
0.494079,0.512758,0.501648,2,0
0.489928,0.513246,0.500671,2,0
0.48419,0.512758,0.501038,2,0
0.480894,0.510927,0.500671,2,0
0.482237,0.508973,0.503113,2,0
0.478086,0.506043,0.509828,2,0
0.471005,0.5047,0.509095,2,0
0.472592,0.508729,0.505799,2,0
0.467953,0.508485,0.507386,2,0
0.469662,0.506532,0.511415,2,0
0.473813,0.502991,0.514711,2,0
0.476254,0.505921,0.510072,2,0
0.476254,0.5047,0.510316,2,0
0.480161,0.506165,0.507752,2,0
0.481748,0.508485,0.505433,2,0
0.485655,0.506409,0.507508,2,0
0.486387,0.506898,0.501038,2,0
0.491759,0.503235,0.508119,2,0
0.485411,0.49823,0.5047,2,0
0.491149,0.499939,0.502625,2,0
0.500305,0.49884,0.502136,2,0
0.50177,0.485533,0.510072,2,0
0.504822,0.48187,0.523013,2,0
0.524234,0.464046,0.547308,2,0
0.541936,0.458552,0.54743,2,0
0.547796,0.462337,0.567696,2,0
0.528873,0.474789,0.594311,2,0
0.51874,0.466488,0.60127,2,0
0.521182,0.46197,0.581736,2,0
0.528263,0.452326,0.562202,2,0
0.528873,0.452814,0.5445,2,0
0.530582,0.459285,0.526798,2,0
0.523623,0.470028,0.516787,2,0
0.517397,0.491881,0.512758,2,0
0.50409,0.499329,0.508363,2,0
0.496521,0.501892,0.502991,2,1
0.492492,0.501892,0.500183,2,0
0.490783,0.51288,0.499939,2,0
0.488463,0.51056,0.505921,2,0
0.481016,0.506654,0.507386,2,0
0.476621,0.504456,0.505921,2,0
0.476499,0.502991,0.508729,2,0
0.475034,0.503479,0.50995,2,0
0.473324,0.500183,0.508973,2,0
0.475034,0.503113,0.505921,2,0
0.474179,0.503724,0.507386,2,0
0.473324,0.502014,0.508119,2,0
0.474423,0.501648,0.506532,2,0
0.476499,0.506409,0.505311,2,0
0.477109,0.511171,0.504578,2,0
0.477842,0.510927,0.503846,2,0
0.478696,0.512636,0.502869,2,0
0.480405,0.51349,0.503113,2,0
0.483946,0.511171,0.500671,2,0
0.487364,0.507997,0.501282,2,0
0.489562,0.504456,0.503601,2,0
0.493957,0.499939,0.505067,2,0
0.493102,0.49591,0.504578,2,0
0.503235,0.492248,0.513735,2,0
0.504334,0.488097,0.513857,2,0
0.523746,0.472836,0.542058,2,0
0.550848,0.456232,0.555488,2,0
0.530704,0.454157,0.589794,2,0
0.51874,0.482359,0.595043,2,0
0.522647,0.483213,0.591625,2,0
0.527042,0.469296,0.569161,2,0
0.526187,0.468929,0.555121,2,0
0.525821,0.474545,0.542303,2,0
0.523135,0.482969,0.528629,2,0
0.51813,0.488951,0.51813,2,0
0.505921,0.49823,0.507997,2,0
0.495788,0.50995,0.505189,2,0
0.490783,0.506043,0.503601,2,0
0.487853,0.499939,0.505433,2,0
0.484678,0.508119,0.504212,2,0
0.481382,0.50934,0.503601,2,0
0.48065,0.510072,0.502259,2,0
0.478696,0.513002,0.503846,2,0
0.474423,0.509584,0.506287,2,0
0.473935,0.509706,0.505921,2,0
0.473446,0.508973,0.507874,2,0
0.471127,0.507264,0.509217,2,0
0.472104,0.506898,0.510316,2,1
0.470028,0.506898,0.509828,2,0
0.470761,0.507752,0.510927,2,0
0.469418,0.505921,0.513002,2,0
0.471493,0.505921,0.513857,2,0
0.472226,0.504944,0.514101,2,0
0.471981,0.505189,0.511903,2,0
0.473569,0.506776,0.511903,2,0
0.474057,0.510194,0.507752,2,0
0.474545,0.511903,0.508485,2,0
0.47833,0.511171,0.508119,2,0
0.479184,0.509828,0.503357,2,0
0.48187,0.506776,0.502991,2,0
0.48651,0.500427,0.498474,2,0
0.492126,0.495422,0.503235,2,0
0.495788,0.499084,0.50409,2,0
0.500427,0.497497,0.506532,2,0
0.496521,0.491759,0.509095,2,0
0.502747,0.485655,0.518008,2,0
0.507997,0.47894,0.53571,2,0
0.516298,0.474667,0.549994,2,0
0.533268,0.470883,0.546209,2,0
0.544866,0.472226,0.562813,2,0
0.528141,0.485045,0.593822,2,0
0.523868,0.490172,0.595043,2,0
0.525455,0.484922,0.573801,2,0
0.526798,0.471737,0.559517,2,0
0.526309,0.470761,0.548163,2,0
0.521182,0.477964,0.5351,2,0
0.519228,0.483702,0.528263,2,0
0.514955,0.492614,0.514589,2,0
0.505555,0.496643,0.509706,2,0
0.499451,0.503479,0.507264,2,0
0.491149,0.503357,0.509095,2,0
0.488585,0.501404,0.506654,2,0
0.485533,0.503846,0.505921,2,0
0.47894,0.509706,0.505921,2,0
0.477719,0.504944,0.507874,2,0
0.47308,0.502991,0.507874,2,0
0.474179,0.505189,0.50763,2,0
0.471005,0.506287,0.507874,2,0
0.472592,0.505189,0.508119,2,0
0.472104,0.503601,0.506043,2,0
0.472592,0.503479,0.507752,2,0
0.472592,0.502381,0.509217,2,0
0.471859,0.502869,0.50763,2,0
0.471859,0.503357,0.508607,2,0
0.47308,0.502503,0.511049,2,1
0.471493,0.502747,0.508729,2,0
0.47308,0.502991,0.509828,2,0
0.470761,0.503846,0.510805,2,0
0.474179,0.50409,0.511415,2,0
0.475888,0.508973,0.505677,2,0
0.480527,0.510682,0.501282,2,0
0.484434,0.510072,0.499329,2,0
0.485533,0.506898,0.494689,2,0
0.490538,0.505189,0.497009,2,0
0.493224,0.50409,0.502747,2,0
0.493224,0.504334,0.501526,2,0
0.497986,0.499206,0.506898,2,0
0.498108,0.493468,0.509217,2,0
0.504578,0.486387,0.523135,2,0
0.523501,0.480039,0.553412,2,0
0.561348,0.46429,0.581126,2,0
0.534977,0.493835,0.603101,2,0
0.519473,0.486021,0.602979,2,0
0.522403,0.476987,0.573678,2,0
0.523135,0.474179,0.555366,2,0
0.517886,0.479307,0.537053,2,0
0.515932,0.483824,0.529728,2,0
0.513246,0.49298,0.522891,2,0
0.506409,0.497253,0.518496,2,0
0.501282,0.500061,0.515688,2,0
0.49591,0.503724,0.513857,2,0
0.492614,0.505189,0.515566,2,0
0.488951,0.506165,0.509706,2,0
0.484922,0.505067,0.509095,2,0
0.479551,0.507264,0.507386,2,0
0.477353,0.506165,0.507874,2,0
0.473935,0.507264,0.509462,2,0
0.474301,0.507142,0.511049,2,0
0.476132,0.508485,0.508973,2,0
0.472836,0.508485,0.50702,2,0
0.473569,0.507264,0.507752,2,0
0.471981,0.505433,0.507508,2,0
0.472592,0.505799,0.506287,2,0
0.46954,0.502625,0.506776,2,0
0.469418,0.504334,0.506409,2,0
0.469051,0.502625,0.508729,2,0
0.473446,0.505067,0.511537,2,0
0.473691,0.51056,0.514223,2,0
0.475644,0.506409,0.51642,2,0
0.471981,0.500549,0.51642,2,1
0.474057,0.500183,0.516909,2,0
0.473691,0.498352,0.515688,2,0
0.475522,0.498352,0.515566,2,0
0.478452,0.50177,0.51056,2,0
0.481138,0.505189,0.503235,2,0
0.486632,0.509095,0.499939,2,0
0.491759,0.508729,0.496521,2,0
0.490416,0.50995,0.494567,2,0
0.496887,0.510194,0.496887,2,0
0.49884,0.50702,0.497131,2,0
0.502014,0.500183,0.506776,2,0
0.500427,0.490416,0.517641,2,0
0.511171,0.487242,0.549628,2,0
0.538152,0.492248,0.551703,2,0
0.571603,0.477719,0.558906,2,0
0.554999,0.518862,0.59016,2,0
0.53864,0.486387,0.603956,2,0
0.523135,0.486754,0.589427,2,0
0.531315,0.489195,0.567086,2,0
0.52692,0.484922,0.552191,2,0
0.525088,0.484556,0.543401,2,0
0.522769,0.485533,0.533757,2,0
0.515078,0.489684,0.524966,2,0
0.508485,0.491149,0.523257,2,0
0.504334,0.494201,0.520938,2,0
0.499084,0.49591,0.522891,2,0
0.487975,0.493713,0.522525,2,0
0.486632,0.498596,0.521304,2,0
0.488585,0.503724,0.513002,2,0
0.486265,0.506287,0.50409,2,0
0.48358,0.502991,0.503479,2,0
0.481992,0.499573,0.502747,2,0
0.482115,0.49884,0.503479,2,0
0.479307,0.501038,0.501404,2,0
0.477719,0.501404,0.502014,2,0
0.475888,0.501282,0.502747,2,0
0.471127,0.501892,0.505189,2,0
0.470883,0.502503,0.506654,2,0
0.469662,0.504944,0.508363,2,0
0.468807,0.503601,0.508119,2,0
0.468197,0.50177,0.510438,2,0
0.471005,0.50177,0.511659,2,0
0.467708,0.502991,0.512392,2,0
0.470639,0.502381,0.513613,2,0
0.471493,0.503846,0.512025,2,0
0.472836,0.504578,0.513368,2,0
0.47308,0.504334,0.51288,2,0
0.473935,0.5047,0.512758,2,1
0.471981,0.503235,0.512392,2,0
0.47601,0.503357,0.513246,2,0
0.476987,0.505677,0.512147,2,0
0.480161,0.509462,0.50763,2,0
0.483946,0.508851,0.503479,2,0
0.486021,0.508241,0.500794,2,0
0.489073,0.508607,0.496032,2,0
0.491759,0.505433,0.494079,2,0
0.495666,0.502747,0.500061,2,0
0.495788,0.501404,0.496154,2,0
0.500061,0.495178,0.503113,2,0
0.504822,0.489928,0.519839,2,0
0.52985,0.48187,0.566597,2,0
0.589061,0.496521,0.563423,2,0
0.544622,0.516054,0.603467,2,0
0.531193,0.483824,0.597729,2,0
0.525699,0.496398,0.581004,2,0
0.533634,0.488585,0.56672,2,0
0.529484,0.479795,0.545965,2,0
0.526676,0.476132,0.540715,2,0
0.523501,0.475034,0.531559,2,0
0.519717,0.481992,0.527042,2,0
0.510438,0.489806,0.521548,2,0
0.503479,0.492736,0.520693,2,0
0.498108,0.497619,0.518008,2,0
0.493591,0.502991,0.518252,2,0
0.483702,0.507508,0.508851,2,0
0.481138,0.508851,0.50702,2,0
0.48126,0.501526,0.508607,2,0
0.480405,0.497619,0.508607,2,0
0.47894,0.496887,0.508607,2,0
0.47894,0.498108,0.50763,2,0
0.477597,0.499329,0.508851,2,0
0.47833,0.500061,0.510316,2,0
0.47601,0.499451,0.508729,2,0
0.479062,0.500183,0.50934,2,0
0.476621,0.501038,0.509828,2,0
0.473813,0.502747,0.509584,2,0
0.470883,0.503968,0.507997,2,0
0.469173,0.504212,0.50995,2,0
0.468319,0.504212,0.514467,2,0
0.467342,0.502625,0.515566,2,0
0.471005,0.500061,0.517641,2,0
0.47601,0.497864,0.516787,2,0
0.48065,0.505311,0.504578,2,0
0.481748,0.505555,0.502259,2,0
0.486632,0.50934,0.502136,2,0
0.487975,0.511781,0.498596,2,1
0.49066,0.508363,0.498474,2,0
0.496398,0.504334,0.496398,2,0
0.501526,0.501526,0.504822,2,0
0.502991,0.500671,0.508973,2,0
0.510927,0.499695,0.517031,2,0
0.520449,0.492126,0.53339,2,0
0.546209,0.484678,0.566475,2,0
0.569039,0.479795,0.555488,2,0
0.547308,0.495056,0.600781,2,0
0.531803,0.484678,0.604444,2,0
0.525577,0.477719,0.589183,2,0
0.532902,0.480405,0.567574,2,0
0.533024,0.478696,0.55622,2,0
0.529728,0.479673,0.546698,2,0
0.526676,0.484068,0.536809,2,0
0.522281,0.481748,0.530338,3,0
0.520938,0.48358,0.520571,3,0
0.511781,0.488097,0.514955,3,0
0.505067,0.49237,0.510316,3,0
0.496643,0.499451,0.510438,3,0
0.493224,0.500061,0.505189,3,0
0.491027,0.502503,0.502869,3,0
0.488707,0.506287,0.504578,3,0
0.487364,0.504334,0.50177,3,0
0.488097,0.503968,0.503968,3,0
0.484556,0.50702,0.502381,3,0
0.487486,0.504944,0.507997,3,0
0.484068,0.508241,0.504578,3,0
0.482969,0.50934,0.506654,3,0
0.480039,0.51056,0.506165,3,0
0.477231,0.511171,0.503724,3,0
0.474789,0.515688,0.503968,3,0
0.470761,0.510927,0.509462,3,0
0.4649,0.514711,0.511171,3,0
0.459895,0.512636,0.511659,3,0
0.464656,0.486876,0.527408,3,0
0.471371,0.48126,0.523623,3,0
0.480894,0.480894,0.520083,3,0
0.487975,0.476132,0.518862,3,0
0.494445,0.473446,0.517641,3,0
0.496398,0.470883,0.519228,3,0
0.497986,0.472104,0.521792,3,0
0.497131,0.470883,0.517031,3,0
0.496643,0.471127,0.515322,3,0
0.498474,0.467831,0.5152,3,0
0.498108,0.465877,0.513979,3,0
0.498474,0.460872,0.513979,3,0
0.499329,0.458186,0.511903,3,0
0.499817,0.460505,0.508241,3,0
0.501404,0.465511,0.50409,3,0
0.502503,0.467953,0.503357,3,0
0.503235,0.469051,0.50409,3,0
0.50409,0.47015,0.504944,3,0
0.504456,0.470394,0.505555,3,0
0.504822,0.469418,0.504944,3,0
0.504944,0.467586,0.50409,3,0
0.505067,0.466976,0.50409,3,0
0.505433,0.467586,0.50409,3,0
0.505799,0.467342,0.502991,3,0
0.505921,0.468197,0.502014,3,0
0.506409,0.468929,0.501526,3,0
0.507264,0.469173,0.501648,3,0
0.507997,0.46954,0.50177,3,0
0.508363,0.469051,0.502136,3,0
0.508363,0.470028,0.502503,3,0
0.508729,0.469784,0.50177,3,0
0.509095,0.468197,0.502014,3,0
0.50934,0.468197,0.502503,3,0
0.509828,0.468075,0.502869,3,0
0.510316,0.468319,0.503724,3,0
0.510316,0.468685,0.504578,3,0
0.51056,0.469784,0.504456,3,0
0.510438,0.469906,0.505555,3,0
0.510805,0.467586,0.507874,3,0
0.510805,0.467098,0.508973,3,0
0.511781,0.465389,0.511537,3,0
0.511537,0.468807,0.512147,3,0
0.509828,0.475766,0.510927,3,0
0.50763,0.478086,0.511293,3,0
0.506898,0.478086,0.512147,3,0
0.506409,0.476499,0.512758,3,0
0.505921,0.474423,0.512514,3,0
0.505677,0.471859,0.513002,3,0
0.50702,0.469173,0.51349,3,0
0.507142,0.469418,0.513368,3,0
0.507874,0.469418,0.513735,3,0
0.509584,0.469784,0.514711,3,0
0.510682,0.47015,0.516543,3,0
0.511537,0.472226,0.518374,3,0
0.511415,0.475278,0.518008,3,0
0.510927,0.475644,0.516543,3,0
0.510805,0.474545,0.51581,3,0
0.510316,0.474179,0.514955,3,0
0.509706,0.473935,0.513979,3,0
0.510316,0.472958,0.515688,3,0
0.509462,0.47308,0.515444,3,0
0.50934,0.471615,0.514711,3,0
0.509584,0.471005,0.515322,3,0
0.510438,0.470883,0.516176,3,0
0.511171,0.471737,0.517153,3,0
0.511537,0.472592,0.517763,3,0
0.511659,0.473446,0.516909,3,0
0.511293,0.473446,0.515688,3,0
0.511171,0.472958,0.515444,3,0
0.511049,0.47308,0.515566,3,0
0.510927,0.473324,0.515932,3,0
0.510682,0.473446,0.51642,3,0
0.510927,0.472348,0.518008,3,0
0.511415,0.472104,0.520816,3,0
0.512636,0.472592,0.523501,3,0
0.516176,0.471249,0.533024,3,0
0.516176,0.469418,0.532414,3,0
0.508607,0.476377,0.523501,3,0
0.504944,0.476865,0.519228,3,0
0.502991,0.475888,0.515932,3,0
0.502503,0.476621,0.515566,3,0
0.502747,0.476132,0.515932,3,0
0.500916,0.47601,0.514345,3,0
0.499939,0.476377,0.513002,3,0
0.499206,0.476865,0.513857,3,0
0.49823,0.47833,0.515688,3,0
0.497375,0.477842,0.517641,3,0
0.497986,0.474545,0.521914,3,0
0.49823,0.471859,0.5246,3,0
0.49884,0.471127,0.528263,3,0
0.499817,0.473935,0.530582,3,0
0.499451,0.477475,0.530827,3,0
0.49884,0.480772,0.531193,3,0
0.496643,0.482237,0.530827,3,0
0.494933,0.4848,0.532047,3,0
0.492248,0.485289,0.535222,3,0
0.48773,0.486876,0.533634,3,0
0.485289,0.489562,0.52692,3,0
0.491881,0.48944,0.5246,3,0
0.503601,0.480405,0.522769,3,0
0.507752,0.454767,0.515444,3,0
0.508607,0.439751,0.510072,3,0
0.511659,0.464046,0.51349,3,0
0.506654,0.478452,0.514833,3,0
0.50995,0.476377,0.504578,3,0
0.513979,0.477353,0.496765,3,0
0.515932,0.479429,0.48187,3,0
0.513368,0.484434,0.48651,3,0
0.504212,0.470883,0.502625,3,0
0.512025,0.461726,0.516909,3,0
0.523013,0.449884,0.54389,3,0
0.523623,0.45489,0.551581,3,0
0.524112,0.49005,0.540471,3,0
0.514467,0.516298,0.56208,3,0
0.507264,0.516787,0.567086,3,0
0.501404,0.512025,0.537053,3,0
0.478452,0.500671,0.492858,3,0
0.474179,0.4754,0.458186,3,0
0.470028,0.475034,0.424979,3,0
0.496887,0.421682,0.467586,3,0
0.484678,0.471859,0.481138,3,0
0.46954,0.504944,0.451593,3,0
0.491149,0.476865,0.470272,3,0
0.501038,0.475278,0.513246,3,0
0.498962,0.48187,0.534611,3,0
0.501648,0.461238,0.54096,3,0
0.492614,0.527286,0.554511,3,0
0.48651,0.517763,0.54682,3,0
0.496032,0.48419,0.534123,3,0
0.50177,0.465389,0.515688,3,0
0.508241,0.458918,0.504822,3,0
0.500061,0.465267,0.502259,3,0
0.488585,0.474545,0.498718,3,0
0.484312,0.47247,0.490783,3,0
0.478696,0.468075,0.49237,3,0
0.480283,0.464534,0.496032,3,0
0.481016,0.465633,0.498352,3,0
0.47833,0.462215,0.502991,3,0
0.476743,0.461482,0.504578,3,0
0.481504,0.472226,0.501038,3,0
0.485045,0.477964,0.503479,3,0
0.485655,0.481504,0.502014,3,0
0.48651,0.479307,0.502991,3,0
0.487364,0.481138,0.503235,3,0
0.485045,0.482603,0.499817,3,0
0.483702,0.484922,0.496276,3,0
0.480772,0.48712,0.49237,3,0
0.47894,0.4953,0.489195,3,0
0.478208,0.487608,0.482481,3,0
0.479429,0.497009,0.472836,3,0
0.481748,0.500916,0.46954,3,0
0.485899,0.499084,0.467098,3,0
0.4953,0.482115,0.465877,3,0
0.490416,0.471737,0.473202,3,0
0.49298,0.469173,0.483213,3,0
0.499939,0.439629,0.492248,3,0
0.507752,0.436088,0.517153,3,0
0.521792,0.462337,0.561714,3,0
0.526676,0.488341,0.537663,3,0
0.534489,0.578806,0.579905,3,0
0.507264,0.53925,0.561958,3,0
0.506654,0.490172,0.5445,3,0
0.507386,0.486265,0.537541,3,0
0.51349,0.488829,0.517641,3,0
0.529484,0.501038,0.465633,3,0
0.522158,0.479917,0.348431,3,0
0.486876,0.429252,0.43035,3,0
0.485777,0.523501,0.453791,3,0
0.476132,0.539373,0.449762,3,0
0.488829,0.481748,0.465877,3,0
0.502014,0.476621,0.480527,3,0
0.514101,0.456232,0.510072,3,0
0.511781,0.458064,0.496765,3,0
0.528507,0.469784,0.532292,3,0
0.517519,0.508363,0.534001,3,0
0.515444,0.508851,0.559639,3,0
0.507508,0.502259,0.552436,3,0
0.501648,0.501038,0.538274,3,0
0.497864,0.484312,0.529361,3,0
0.498108,0.473446,0.521304,3,0
0.494933,0.471127,0.516298,3,0
0.490538,0.472592,0.51349,3,0
0.487975,0.473569,0.5152,3,0
0.486265,0.470394,0.514223,3,0
0.488707,0.467953,0.515932,3,0
0.487608,0.473691,0.511537,3,0
0.489318,0.472348,0.512392,3,0
0.490294,0.470883,0.515566,3,0
0.49237,0.468197,0.519351,3,0
0.493835,0.479062,0.522525,3,0
0.495422,0.491149,0.529728,3,0
0.500183,0.494079,0.541082,3,0
0.503601,0.494567,0.539373,3,0
0.505311,0.4953,0.548651,3,0
0.508607,0.491637,0.552436,3,0
0.505799,0.494811,0.548895,3,0
0.502747,0.501282,0.533512,3,0
0.496521,0.494811,0.515688,3,0
0.504578,0.465389,0.485655,3,0
0.504944,0.457209,0.43206,3,0
0.483824,0.45843,0.455378,3,0
0.482603,0.486265,0.462703,3,0
0.486632,0.5047,0.459529,3,0
0.488951,0.494811,0.468197,3,0
0.495422,0.487242,0.481138,3,0
0.499695,0.479673,0.496521,3,0
0.503357,0.473324,0.520205,3,0
0.515078,0.460139,0.55329,3,0
0.521304,0.474667,0.538152,3,0
0.51813,0.561104,0.562325,3,0
0.502014,0.549139,0.559272,3,0
0.507874,0.505311,0.549628,3,0
0.506654,0.488707,0.534855,3,0
0.506409,0.491881,0.508851,3,0
0.518008,0.49237,0.463558,3,0
0.485289,0.442559,0.419485,3,0
0.494079,0.451471,0.456355,3,0
0.490416,0.524356,0.466121,3,0
0.479795,0.514223,0.464778,3,0
0.479307,0.49298,0.482115,3,0
0.477231,0.485655,0.485533,3,0
0.479551,0.477353,0.497864,3,0
0.480283,0.467098,0.507142,3,0
0.482725,0.471493,0.50702,3,0
0.483335,0.480894,0.504822,3,0
0.48358,0.475034,0.505799,3,0
0.485289,0.469051,0.50702,3,0
0.485655,0.470883,0.505433,3,0
0.484556,0.473446,0.503601,3,0
0.482603,0.471493,0.503968,3,0
0.480894,0.47247,0.502381,3,0
0.481748,0.471005,0.503479,3,0
0.482359,0.471127,0.50116,3,0
0.482481,0.46429,0.49591,3,0
0.488707,0.448785,0.500916,3,0
0.48358,0.476743,0.492003,3,0
0.474301,0.498718,0.494811,3,0
0.473813,0.49298,0.500305,3,0
0.4754,0.489318,0.497497,3,0
0.471737,0.492492,0.483457,3,0
0.477353,0.488585,0.477231,3,0
0.484434,0.488341,0.475034,3,0
0.495788,0.476377,0.476621,3,0
0.5047,0.472226,0.472714,3,0
0.505311,0.476865,0.465145,3,0
0.500794,0.464778,0.45782,3,0
0.503846,0.458064,0.457575,3,0
0.506409,0.445001,0.477719,3,0
0.511293,0.429252,0.527652,3,0
0.50177,0.403247,0.555976,3,1
0.545721,0.394335,0.493346,3,0
0.524722,0.55561,0.55268,3,0
0.519595,0.548285,0.522281,3,0
0.480161,0.553168,0.50934,3,0
0.494567,0.505799,0.518618,3,0
0.4953,0.491881,0.513979,3,0
0.507874,0.484678,0.493468,3,0
0.537907,0.457209,0.463802,3,0
0.49237,0.467098,0.416921,3,0
0.485289,0.451227,0.452814,3,0
0.482725,0.485533,0.462459,3,0
0.479184,0.477842,0.45782,3,0
0.484068,0.466121,0.476743,3,0
0.497497,0.461848,0.509462,3,0
0.49237,0.471371,0.516909,3,0
0.517886,0.476132,0.558662,3,0
0.503479,0.516543,0.549261,3,0
0.497375,0.507386,0.55268,3,0
0.492248,0.492126,0.542058,3,0
0.492248,0.486998,0.528263,3,0
0.493102,0.476377,0.512147,3,0
0.492248,0.4754,0.506654,3,0
0.485533,0.476132,0.503357,3,0
0.482847,0.478208,0.505921,3,0
0.480772,0.472348,0.506043,3,0
0.480894,0.470761,0.50702,3,0
0.481626,0.471859,0.50763,3,0
0.482237,0.470883,0.506287,3,0
0.483213,0.469784,0.511659,3,0
0.483091,0.472226,0.514589,3,0
0.48358,0.474911,0.515932,3,0
0.482847,0.476132,0.512025,3,0
0.48187,0.478208,0.505067,3,0
0.477475,0.486876,0.479795,3,0
0.478086,0.490538,0.471615,3,0
0.494323,0.473935,0.486632,3,0
0.490538,0.465023,0.496398,3,0
0.492736,0.46661,0.50177,3,0
0.502014,0.453791,0.538762,3,0
0.510316,0.44146,0.564034,3,0
0.497741,0.5047,0.510072,3,0
0.515688,0.553656,0.540838,3,0
0.518862,0.536931,0.563423,3,0
0.505921,0.519351,0.541082,3,0
0.508729,0.486876,0.532292,3,0
0.505921,0.473569,0.51581,3,0
0.503846,0.489195,0.476987,3,0
0.504944,0.485167,0.421316,3,1
0.496643,0.439629,0.441948,3,0
0.49066,0.476621,0.464412,3,0
0.477475,0.532292,0.450861,3,0
0.488463,0.480772,0.467342,3,0
0.492492,0.465633,0.487486,3,0
0.503235,0.438652,0.523501,3,0
0.510316,0.43853,0.528873,3,0
0.525088,0.544988,0.501404,3,0
0.52106,0.580027,0.545721,3,0
0.491149,0.532169,0.536931,3,0
0.488341,0.471127,0.529484,3,0
0.493713,0.460994,0.525699,3,0
0.492492,0.469906,0.51813,3,0
0.488829,0.476743,0.508973,3,0
0.485655,0.481138,0.508973,3,0
0.48419,0.482481,0.513124,3,0
0.483457,0.476987,0.516298,3,0
0.48419,0.471249,0.515688,3,0
0.485411,0.472104,0.51874,3,0
0.485045,0.475156,0.519228,3,0
0.485655,0.477231,0.518984,3,0
0.487364,0.478086,0.521182,3,0
0.490172,0.476621,0.524966,3,0
0.488463,0.481138,0.532169,3,0
0.485777,0.487853,0.530216,3,0
0.482603,0.483457,0.521304,3,0
0.481748,0.482237,0.506165,3,0
0.483824,0.481748,0.493468,3,0
0.485777,0.48712,0.479795,3,0
0.48944,0.484922,0.467464,3,0
0.494079,0.48419,0.464534,3,0
0.494811,0.482115,0.468563,3,0
0.492492,0.477109,0.478452,3,0
0.496154,0.468929,0.497253,3,0
0.506409,0.438896,0.550971,3,0
0.497375,0.450861,0.541204,3,0
0.502625,0.515078,0.517886,3,0
0.525821,0.533024,0.55915,3,0
0.502625,0.528629,0.54743,3,0
0.505677,0.484312,0.538762,3,0
0.507752,0.462337,0.534977,3,0
0.503601,0.480039,0.509828,3,0
0.501404,0.489195,0.471981,3,0
0.486998,0.478452,0.421926,3,0
0.478574,0.429984,0.451227,3,0
0.480161,0.494079,0.466732,3,0
0.471249,0.528507,0.457331,3,1
0.486143,0.480772,0.463191,3,0
0.497619,0.469906,0.476377,3,0
0.506654,0.461116,0.502747,3,0
0.514345,0.4555,0.53339,3,0
0.524478,0.476132,0.503601,3,0
0.512758,0.562691,0.540227,3,0
0.502991,0.526187,0.548163,3,0
0.496521,0.496521,0.54511,3,0
0.494811,0.478696,0.537541,3,0
0.496765,0.471005,0.530216,3,0
0.495544,0.475522,0.519351,3,0
0.491759,0.475644,0.511171,3,0
0.488829,0.477964,0.51056,3,0
0.485655,0.479062,0.511781,3,0
0.485533,0.475644,0.513979,3,0
0.486387,0.471249,0.5152,3,0
0.48651,0.471005,0.515566,3,0
0.487364,0.472348,0.512025,3,0
0.488219,0.473324,0.508119,3,0
0.490172,0.474423,0.503113,3,0
0.496521,0.468563,0.505311,3,0
0.501526,0.462825,0.517153,3,0
0.508607,0.458186,0.528507,3,0
0.517519,0.460383,0.543035,3,0
0.518374,0.473935,0.545355,3,0
0.517397,0.473935,0.533512,3,0
0.516543,0.474545,0.536809,3,0
0.514345,0.47247,0.534001,3,0
0.507264,0.487242,0.5246,3,0
0.512514,0.521304,0.53571,3,0
0.52753,0.554511,0.5351,3,0
0.55036,0.517641,0.50116,3,0
0.540593,0.452448,0.425833,3,0
0.462825,0.4356,0.358808,3,0
0.478818,0.392626,0.439263,3,0
0.502869,0.476621,0.476499,3,0
0.466732,0.540349,0.45904,3,0
0.494079,0.474179,0.468929,3,0
0.496643,0.474179,0.475888,3,0
0.507752,0.471249,0.488707,3,0
0.530338,0.455622,0.559028,3,0
0.53046,0.447442,0.557807,3,0
0.520083,0.516665,0.55561,3,0
0.518496,0.530949,0.56794,3,0
0.491027,0.539617,0.544622,3,0
0.502136,0.507264,0.537663,3,0
0.508729,0.471371,0.525333,3,0
0.512147,0.465145,0.50763,3,1
0.513246,0.464656,0.48944,3,0
0.490783,0.463191,0.467953,3,0
0.490416,0.468685,0.469296,3,0
0.48419,0.484556,0.466854,3,0
0.477231,0.492003,0.466732,3,0
0.476865,0.485533,0.475766,3,0
0.479184,0.483091,0.483824,3,0
0.48126,0.480527,0.491393,3,0
0.483457,0.472836,0.499451,3,0
0.484312,0.471615,0.499817,3,0
0.484556,0.468807,0.503479,3,0
0.48419,0.469418,0.504578,3,0
0.482969,0.471859,0.502869,3,0
0.482847,0.470028,0.503968,3,0
0.484068,0.469051,0.50934,3,0
0.482969,0.463313,0.509462,3,0
0.472836,0.463558,0.494201,3,0
0.477719,0.47308,0.502014,3,0
0.483824,0.484434,0.508607,3,0
0.493224,0.49823,0.516054,3,0
0.49823,0.502136,0.534245,3,0
0.505921,0.508363,0.54157,3,0
0.513368,0.518862,0.546331,3,0
0.498474,0.515444,0.531071,3,0
0.493102,0.505555,0.511415,3,0
0.49066,0.489195,0.501526,3,0
0.482481,0.479184,0.483091,3,0
0.475766,0.480161,0.462947,3,0
0.4754,0.46429,0.460383,3,0
0.486387,0.467464,0.474789,3,0
0.479184,0.495544,0.476621,3,0
0.491637,0.468685,0.470394,3,0
0.501892,0.44732,0.475156,3,0
0.508241,0.452448,0.48712,3,0
0.520938,0.433769,0.546698,3,0
0.525455,0.444268,0.553901,3,0
0.525211,0.540838,0.575266,3,0
0.496154,0.525333,0.552924,3,0
0.493835,0.502381,0.529972,3,0
0.500794,0.468197,0.523746,3,0
0.503724,0.477719,0.502747,3,0
0.515932,0.486632,0.474545,3,0
0.497497,0.459895,0.449152,3,0
0.497864,0.481138,0.453302,3,0
0.485167,0.512025,0.455866,3,0
0.483213,0.501892,0.454035,3,1
0.48944,0.483213,0.467953,3,0
0.497619,0.462337,0.490905,3,0
0.505677,0.466488,0.499329,3,0
0.516909,0.453669,0.534367,3,0
0.513002,0.469662,0.546453,3,0
0.503846,0.487975,0.537907,3,0
0.502381,0.484556,0.539861,3,0
0.500794,0.493835,0.530704,3,0
0.496765,0.488707,0.522036,3,0
0.497253,0.475766,0.520083,3,0
0.498108,0.471981,0.515078,3,0
0.492858,0.475644,0.511415,3,0
0.48773,0.47247,0.513246,3,0
0.48944,0.468563,0.51288,3,0
0.491759,0.467831,0.513857,3,0
0.494201,0.464656,0.519473,3,0
0.500549,0.465389,0.530949,3,0
0.508241,0.48187,0.537297,3,0
0.511293,0.496398,0.530216,3,0
0.516543,0.51874,0.544378,3,0
0.517275,0.517641,0.548407,3,0
0.528019,0.520449,0.561104,3,0
0.536198,0.504456,0.540227,3,0
0.531803,0.483335,0.511659,3,0
0.516787,0.47833,0.481016,3,0
0.499939,0.465755,0.460017,3,0
0.470639,0.458186,0.43267,3,0
0.483702,0.434745,0.456355,3,0
0.481016,0.510927,0.467708,3,0
0.47247,0.527286,0.461116,3,0
0.48712,0.485899,0.470761,3,0
0.499329,0.472836,0.483091,3,0
0.510316,0.472714,0.488341,3,0
0.52985,0.450372,0.546331,3,0
0.540349,0.469418,0.539617,3,0
0.519473,0.531803,0.564278,3,0
0.506287,0.531925,0.567452,3,0
0.503846,0.50409,0.553901,3,0
0.510927,0.479551,0.537053,3,0
0.513857,0.476132,0.52692,3,0
0.511781,0.474911,0.504578,3,0
0.505311,0.474179,0.484556,3,0
0.493224,0.476743,0.462337,3,0
0.49298,0.470761,0.457942,3,0
0.490783,0.481992,0.467953,3,1
0.485655,0.496032,0.469418,3,0
0.48126,0.493957,0.470516,3,0
0.482847,0.486265,0.477842,3,0
0.48358,0.485167,0.479795,3,0
0.485777,0.474179,0.492003,3,0
0.485777,0.471371,0.498596,3,0
0.48651,0.475766,0.496643,3,0
0.487853,0.471615,0.498474,3,0
0.487608,0.469784,0.500427,3,0
0.489073,0.471615,0.500305,3,0
0.489195,0.472958,0.499206,3,0
0.488707,0.472592,0.497619,3,0
0.487975,0.477109,0.492126,3,0
0.487853,0.480894,0.484678,3,0
0.488219,0.48126,0.476499,3,0
0.491149,0.475888,0.479795,3,0
0.492858,0.468197,0.487486,3,0
0.496887,0.464534,0.490538,3,0
0.506409,0.456599,0.503724,3,0
0.51581,0.442437,0.532414,3,0
0.516176,0.42974,0.550604,3,0
0.528995,0.455622,0.512025,3,0
0.527896,0.535222,0.548895,3,0
0.525088,0.531803,0.553901,3,0
0.504456,0.529728,0.535466,3,0
0.512514,0.504822,0.542303,3,0
0.515322,0.492492,0.537175,3,0
0.5152,0.488463,0.520816,3,0
0.510072,0.486021,0.482969,3,0
0.50763,0.507386,0.436455,3,0
0.4848,0.445489,0.369674,3,0
0.476743,0.400073,0.445733,3,0
0.477842,0.5246,0.477231,3,0
0.479307,0.504212,0.455988,3,0
0.502136,0.466243,0.4649,3,0
0.508607,0.462215,0.483702,3,0
0.521548,0.431937,0.525943,3,0
0.521182,0.404957,0.543401,3,0
0.521426,0.586375,0.522036,3,0
0.517031,0.548041,0.553656,3,0
0.489073,0.518374,0.540227,3,0
0.497619,0.473569,0.529117,3,0
0.498962,0.462947,0.516298,3,0
0.499695,0.463558,0.506532,3,0
0.493224,0.471127,0.502991,3,0
0.488097,0.479917,0.502991,3,0
0.486265,0.477597,0.503113,3,1
0.485777,0.469662,0.504578,3,0
0.486265,0.467708,0.506043,3,0
0.488463,0.467464,0.507142,3,0
0.492126,0.463924,0.51288,3,0
0.492126,0.465999,0.515932,3,0
0.491637,0.469173,0.517031,3,0
0.493346,0.469051,0.519961,3,0
0.496154,0.46429,0.525699,3,0
0.503235,0.452814,0.542058,3,0
0.510194,0.47015,0.526187,3,0
0.497741,0.489562,0.520571,3,0
0.489195,0.484678,0.517275,3,0
0.486021,0.474667,0.510805,3,0
0.490294,0.467586,0.510927,3,0
0.491881,0.47601,0.500305,3,0
0.490538,0.48419,0.483457,3,0
0.487853,0.490172,0.462337,3,0
0.494689,0.492003,0.45904,3,0
0.494323,0.502014,0.46429,3,0
0.483702,0.507752,0.464046,3,0
0.486387,0.494567,0.470516,3,0
0.489318,0.473569,0.484434,3,0
0.497864,0.454523,0.500671,3,0
0.513735,0.422537,0.560493,3,0
0.520449,0.40105,0.537175,3,0
0.492858,0.64986,0.531315,3,0
0.527164,0.531193,0.580027,3,0
0.489684,0.539128,0.52399,3,0
0.487242,0.500916,0.50409,3,0
0.49591,0.461604,0.505799,3,0
0.499206,0.472348,0.48944,3,0
0.506043,0.485411,0.46075,3,0
0.4953,0.456599,0.462947,3,0
0.491515,0.485167,0.46197,3,0
0.482725,0.510682,0.454157,3,0
0.485533,0.480405,0.45843,3,0
0.494323,0.467342,0.471371,3,0
0.502747,0.453669,0.490294,3,0
0.508607,0.455012,0.506898,3,0
0.522036,0.448053,0.537907,3,0
0.52106,0.454767,0.548285,3,0
0.498108,0.504822,0.528263,3,0
0.500671,0.500549,0.536198,3,0
0.498108,0.486143,0.522647,3,0
0.499695,0.474423,0.51813,3,0
0.497864,0.47308,0.513979,3,0
0.493468,0.474423,0.51288,3,1
0.488707,0.474545,0.512758,3,0
0.487242,0.472714,0.516787,3,0
0.487608,0.469173,0.517153,3,0
0.488097,0.469906,0.51581,3,0
0.488341,0.470028,0.51349,3,0
0.487608,0.471249,0.50702,3,0
0.487242,0.469173,0.501648,3,0
0.487608,0.468807,0.499939,3,0
0.488463,0.472592,0.499206,3,0
0.487853,0.474423,0.497986,3,0
0.486998,0.472958,0.496643,3,0
0.487608,0.472104,0.500794,3,0
0.488585,0.472226,0.503113,3,0
0.491149,0.469051,0.508851,3,0
0.491881,0.468685,0.509584,3,0
0.495056,0.469051,0.51581,3,0
0.495666,0.471493,0.516543,4,0
0.497009,0.473691,0.518496,4,0
0.498352,0.473569,0.522036,4,0
0.496887,0.476377,0.520083,4,0
0.496398,0.477719,0.516909,4,0
0.497741,0.477719,0.520571,4,0
0.498474,0.479062,0.522769,4,0
0.497986,0.482237,0.522891,4,0
0.497375,0.483457,0.523501,4,0
0.499695,0.477353,0.526065,4,0
0.501038,0.475888,0.528751,4,0
0.501282,0.479917,0.528141,4,0
0.502014,0.479551,0.527164,4,0
0.503601,0.480161,0.526309,4,0
0.504456,0.481504,0.525088,4,0
0.506409,0.484922,0.524478,4,0
0.507752,0.48651,0.523623,4,0
0.508485,0.486265,0.522158,4,0
0.511903,0.485289,0.519351,4,0
0.514955,0.485289,0.517641,4,0
0.518374,0.483213,0.517641,4,0
0.521914,0.482237,0.5152,4,0
0.525821,0.479795,0.514101,4,0
0.529117,0.477719,0.514467,4,0
0.531803,0.477353,0.514589,4,0
0.536442,0.472592,0.513735,4,0
0.533512,0.474911,0.516176,4,0
0.534367,0.476743,0.517397,4,0
0.528873,0.483457,0.519473,4,0
0.531437,0.488341,0.517886,4,0
0.530949,0.488951,0.518496,4,0
0.531437,0.489195,0.518984,4,0
0.531437,0.487364,0.520938,4,0
0.53046,0.483702,0.523257,4,0
0.528385,0.483335,0.522525,4,0
0.528385,0.48419,0.519595,4,0
0.52985,0.486387,0.517153,4,0
0.53339,0.489806,0.516176,4,0
0.537419,0.493591,0.517519,4,0
0.539006,0.496643,0.517763,4,0
0.539617,0.500671,0.51874,4,0
0.540105,0.503113,0.519961,4,0
0.537907,0.496643,0.517641,4,0
0.534001,0.48419,0.511293,4,0
0.530582,0.485045,0.50763,4,0
0.525577,0.490294,0.489684,4,0
0.51813,0.447442,0.468441,4,0
0.528263,0.42913,0.496765,4,0
0.522036,0.466121,0.502503,4,0
0.518984,0.490416,0.501038,4,0
0.51349,0.493957,0.504944,4,0
0.50702,0.49823,0.504944,4,0
0.504456,0.49823,0.503479,4,0
0.505311,0.491271,0.503724,4,0
0.506654,0.487975,0.498596,4,0
0.510438,0.48358,0.500305,4,0
0.513979,0.476987,0.506898,4,0
0.520693,0.479673,0.501648,4,0
0.532658,0.481382,0.503235,4,0
0.543279,0.474911,0.508241,4,0
0.549872,0.472836,0.507874,4,0
0.558174,0.482603,0.508485,4,0
0.561958,0.497619,0.513368,4,0
0.555244,0.51349,0.51349,4,0
0.553046,0.510072,0.510072,4,0
0.550604,0.510682,0.505067,4,0
0.542425,0.51581,0.505799,4,0
0.544134,0.502381,0.511903,4,0
0.538396,0.495788,0.516543,4,0
0.530949,0.514345,0.512147,4,0
0.529728,0.515566,0.510805,4,0
0.529972,0.510438,0.508973,4,0
0.529239,0.50934,0.507874,4,0
0.525943,0.51056,0.506654,4,0
0.523868,0.50702,0.507264,4,0
0.522158,0.505067,0.50763,4,0
0.520083,0.502625,0.50995,4,0
0.52106,0.502503,0.511537,4,0
0.519839,0.50116,0.512758,4,0
0.522158,0.50177,0.51349,4,0
0.524112,0.502259,0.511171,4,0
0.526676,0.507264,0.510927,4,0
0.527652,0.507508,0.512636,4,0
0.531803,0.500671,0.511781,4,0
0.531925,0.493957,0.515444,4,0
0.539739,0.487608,0.519717,4,0
0.549017,0.485045,0.516787,4,0
0.553046,0.481504,0.516909,4,0
0.547552,0.466732,0.516298,4,0
0.554755,0.45025,0.51874,4,0
0.553901,0.460139,0.516909,4,0
0.545843,0.465633,0.507386,4,0
0.546209,0.464656,0.499939,4,0
0.538396,0.473324,0.496765,4,0
0.522403,0.47601,0.498596,4,0
0.508485,0.487364,0.499451,4,0
0.503846,0.486998,0.499939,4,0
0.501526,0.492492,0.500549,4,0
0.499573,0.494445,0.501038,4,0
0.499573,0.491881,0.502014,4,0
0.500427,0.489195,0.500549,4,0
0.502503,0.487486,0.500549,4,0
0.503724,0.484678,0.50763,4,0
0.50409,0.484312,0.504334,4,0
0.506776,0.484312,0.503235,4,0
0.509462,0.48358,0.505189,4,0
0.514467,0.479795,0.50409,4,0
0.520938,0.472592,0.505311,4,0
0.529239,0.471127,0.503724,4,0
0.539495,0.467708,0.512758,4,0
0.541936,0.4649,0.517397,4,0
0.554267,0.4649,0.516054,4,0
0.544012,0.496154,0.508729,4,0
0.556342,0.524356,0.509217,4,0
0.566109,0.525699,0.511903,4,0
0.550238,0.515078,0.507508,4,0
0.549506,0.51581,0.507997,4,0
0.546331,0.517886,0.510194,4,0
0.541814,0.520693,0.512392,4,0
0.538518,0.51581,0.511537,4,0
0.534733,0.51056,0.510316,4,0
0.530094,0.508363,0.50934,4,0
0.52399,0.505189,0.509584,4,0
0.522036,0.500916,0.511537,4,0
0.519839,0.502014,0.511415,4,0
0.516909,0.499329,0.511049,4,0
0.519717,0.499573,0.515078,4,0
0.529117,0.505555,0.51581,4,0
0.52692,0.510438,0.505555,4,0
0.52692,0.500549,0.503479,4,0
0.53339,0.479429,0.504212,4,0
0.55268,0.456599,0.507874,4,0
0.553534,0.449762,0.51642,4,0
0.551703,0.450617,0.52399,4,0
0.570504,0.428763,0.531193,4,0
0.561714,0.473446,0.523135,4,0
0.549872,0.479917,0.507264,4,0
0.547064,0.46722,0.505555,4,0
0.539983,0.462947,0.49591,4,0
0.53339,0.468441,0.49237,4,0
0.521426,0.478696,0.492614,4,0
0.51581,0.486998,0.495788,4,0
0.509828,0.490905,0.498352,4,0
0.506776,0.493102,0.503479,4,0
0.503601,0.496643,0.501404,4,0
0.505311,0.492492,0.504456,4,0
0.506409,0.493957,0.505067,4,0
0.507997,0.492614,0.506165,4,0
0.510072,0.485777,0.509095,4,0
0.510438,0.487853,0.510194,4,0
0.513002,0.49237,0.503968,4,0
0.518008,0.480772,0.506409,4,0
0.524844,0.470272,0.510316,4,0
0.53632,0.466121,0.511781,4,0
0.545721,0.463069,0.513368,4,0
0.550238,0.45257,0.518008,4,0
0.546209,0.460872,0.511171,4,0
0.541204,0.523623,0.500061,4,0
0.562447,0.521182,0.524112,4,0
0.56086,0.490783,0.523257,4,0
0.55268,0.511415,0.516787,4,0
0.546575,0.523379,0.515932,4,0
0.543157,0.524234,0.516543,4,0
0.536809,0.531315,0.511049,4,0
0.53571,0.524844,0.507874,4,0
0.534367,0.514467,0.507997,4,0
0.528263,0.50763,0.506776,4,0
0.524356,0.500427,0.506898,4,0
0.520205,0.497009,0.507264,4,0
0.519228,0.492614,0.510194,4,0
0.518862,0.499939,0.509584,4,0
0.518252,0.505677,0.508485,4,0
0.523013,0.509706,0.508363,4,0
0.529728,0.524356,0.503479,4,0
0.523868,0.499939,0.492126,4,0
0.524844,0.46075,0.511049,4,0
0.539983,0.458308,0.519228,4,0
0.555976,0.454401,0.519717,4,0
0.563057,0.454035,0.522891,4,0
0.563545,0.462459,0.521792,4,0
0.566842,0.470028,0.515688,4,0
0.565132,0.4754,0.513368,4,0
0.556098,0.471859,0.504334,4,0
0.54743,0.477231,0.502259,4,0
0.545965,0.473813,0.496276,4,0
0.535466,0.474057,0.503724,4,0
0.523379,0.47601,0.502991,4,0
0.517641,0.477964,0.500305,4,0
0.509217,0.484922,0.503846,4,0
0.503479,0.492858,0.500427,4,0
0.50409,0.493224,0.499084,4,0
0.505189,0.491271,0.50116,4,0
0.511781,0.494079,0.50116,4,0
0.509217,0.492858,0.50116,4,0
0.511537,0.491515,0.502503,4,0
0.512147,0.493713,0.501404,4,0
0.512758,0.487608,0.503357,4,0
0.516298,0.483824,0.505433,4,0
0.522281,0.484556,0.503968,4,0
0.534489,0.474057,0.51056,4,0
0.541448,0.471981,0.515444,4,0
0.550971,0.464412,0.518618,4,0
0.555732,0.452326,0.52985,4,0
0.556587,0.460139,0.511171,4,0
0.551947,0.495544,0.509462,4,0
0.559883,0.52692,0.517031,4,0
0.558174,0.52399,0.519839,4,0
0.552191,0.531315,0.51874,4,0
0.54389,0.520571,0.516543,4,0
0.540471,0.514589,0.513124,4,0
0.533757,0.513857,0.509217,4,0
0.529484,0.510927,0.505677,4,0
0.52399,0.504212,0.506898,4,0
0.52106,0.50116,0.509462,4,0
0.519473,0.499573,0.509584,4,0
0.517763,0.498718,0.509462,4,0
0.51874,0.504334,0.509462,4,0
0.520571,0.507752,0.510927,4,0
0.522769,0.510438,0.511415,4,0
0.523013,0.507997,0.512392,4,0
0.53046,0.511659,0.513735,4,0
0.53278,0.503357,0.512025,4,0
0.541936,0.492858,0.512758,4,0
0.538884,0.477842,0.519228,4,0
0.557197,0.46954,0.522769,4,0
0.562447,0.4649,0.523257,4,0
0.558418,0.458918,0.526676,4,0
0.562202,0.451349,0.517031,4,0
0.553534,0.45257,0.510316,4,0
0.542058,0.464534,0.503846,4,0
0.535954,0.467831,0.502259,4,0
0.527286,0.47833,0.500183,4,0
0.525943,0.4848,0.499695,4,0
0.519351,0.488097,0.501404,4,0
0.5152,0.490172,0.500061,4,0
0.5047,0.490905,0.498962,4,0
0.49884,0.490416,0.495422,4,0
0.498474,0.482359,0.497009,4,0
0.508729,0.480527,0.499695,4,0
0.507997,0.483213,0.502381,4,0
0.507264,0.486143,0.505189,4,0
0.50763,0.486021,0.502991,4,0
0.50995,0.483335,0.502747,4,0
0.512636,0.481504,0.50177,4,0
0.515322,0.477964,0.503846,4,0
0.51813,0.480772,0.501892,4,0
0.520938,0.48419,0.500061,4,0
0.525455,0.481138,0.501892,4,0
0.529972,0.473691,0.506532,4,0
0.534123,0.474667,0.506654,4,0
0.542547,0.476132,0.511903,4,0
0.552191,0.49005,0.521792,4,0
0.567208,0.490905,0.534855,4,0
0.565865,0.489318,0.534001,4,0
0.566231,0.514711,0.53046,4,0
0.555121,0.508485,0.523623,4,0
0.548529,0.506287,0.516665,4,0
0.538762,0.515688,0.513735,4,0
0.533512,0.517641,0.509217,4,0
0.529606,0.51056,0.508729,4,0
0.526554,0.515688,0.508119,4,0
0.525333,0.508729,0.508363,4,0
0.523013,0.50409,0.510194,4,0
0.518496,0.503357,0.510805,4,0
0.518008,0.500794,0.511781,4,0
0.520449,0.502136,0.512636,4,0
0.521182,0.504334,0.510194,4,0
0.521914,0.507142,0.509584,4,0
0.528385,0.507997,0.514467,4,0
0.5351,0.516543,0.510316,4,0
0.547308,0.519228,0.510927,4,0
0.551337,0.519839,0.511903,4,0
0.550971,0.508241,0.514833,4,0
0.557563,0.486754,0.521548,4,1
0.561958,0.465023,0.52985,4,0
0.571725,0.455866,0.534123,4,0
0.571237,0.461238,0.532169,4,0
0.554511,0.474789,0.518984,4,0
0.537175,0.476621,0.513613,4,0
0.5246,0.480039,0.512147,4,0
0.52106,0.48065,0.506898,4,0
0.520083,0.48358,0.50409,4,0
0.512636,0.493591,0.500916,4,0
0.514345,0.488585,0.500305,4,0
0.512514,0.490905,0.502869,4,0
0.507752,0.48712,0.502503,4,0
0.502991,0.481504,0.500549,4,0
0.502991,0.479062,0.498474,4,0
0.503724,0.482481,0.495544,4,0
0.507874,0.483946,0.496154,4,0
0.513368,0.484556,0.494689,4,0
0.51581,0.478818,0.498718,4,0
0.515078,0.47833,0.497864,4,0
0.515444,0.479795,0.495788,4,0
0.518252,0.479062,0.49823,4,0
0.523013,0.474423,0.501648,4,0
0.527774,0.468197,0.506654,4,0
0.531071,0.47247,0.508485,4,0
0.553779,0.486632,0.513124,4,0
0.57612,0.498352,0.539861,4,0
0.577707,0.532902,0.524112,4,0
0.574777,0.503235,0.528141,4,0
0.559394,0.488585,0.523868,4,0
0.54743,0.512758,0.513246,4,0
0.540715,0.520571,0.504822,4,0
0.53864,0.509217,0.505799,4,0
0.532292,0.502503,0.511537,4,0
0.524844,0.505067,0.514833,4,0
0.522891,0.503846,0.513124,4,0
0.521426,0.499206,0.515688,4,0
0.521792,0.496276,0.517397,4,0
0.522525,0.499206,0.517886,4,0
0.527652,0.502381,0.514467,4,0
0.526676,0.511171,0.509584,4,0
0.527042,0.517641,0.51056,4,0
0.533757,0.513735,0.513613,4,0
0.54096,0.516543,0.514955,4,0
0.552436,0.523623,0.512392,4,0
0.559639,0.52399,0.510194,4,0
0.570382,0.513124,0.518252,4,0
0.573068,0.495788,0.51581,4,0
0.564156,0.469296,0.517397,4,0
0.560127,0.457331,0.539861,4,1
0.55036,0.468319,0.539373,4,0
0.534611,0.496887,0.519351,4,0
0.517886,0.49237,0.516054,4,0
0.514833,0.491881,0.510682,4,0
0.521426,0.485289,0.508363,4,0
0.523501,0.488219,0.507264,4,0
0.522647,0.489928,0.505189,4,0
0.519473,0.492858,0.502991,4,0
0.517519,0.4953,0.501282,4,0
0.515322,0.495544,0.502259,4,0
0.514345,0.493835,0.50116,4,0
0.516176,0.491027,0.500916,4,0
0.518374,0.485533,0.503113,4,0
0.520571,0.47894,0.505311,4,0
0.525088,0.475156,0.506532,4,0
0.530216,0.4754,0.504334,4,0
0.537053,0.474911,0.505799,4,0
0.544866,0.465755,0.521304,4,0
0.556831,0.471615,0.523379,4,0
0.551459,0.491759,0.520938,4,0
0.566964,0.524234,0.51813,4,0
0.558662,0.516787,0.520816,4,0
0.556587,0.51813,0.517153,4,0
0.551215,0.525088,0.516298,4,0
0.54389,0.514833,0.515078,4,0
0.536809,0.520205,0.511659,4,0
0.531803,0.515444,0.509462,4,0
0.524478,0.508119,0.509706,4,0
0.522525,0.505311,0.511659,4,0
0.520571,0.49884,0.512758,4,0
0.517886,0.498962,0.512758,4,0
0.519473,0.499451,0.514467,4,0
0.522647,0.504822,0.512514,4,0
0.524112,0.511781,0.509217,4,0
0.525455,0.522891,0.511659,4,0
0.526431,0.523623,0.508363,4,0
0.525699,0.502747,0.504578,4,0
0.535466,0.493346,0.507386,4,0
0.545721,0.480283,0.50702,4,0
0.554999,0.463191,0.509217,4,0
0.560127,0.450861,0.517763,4,0
0.558662,0.45782,0.525211,4,0
0.557929,0.470516,0.527652,4,0
0.548529,0.48712,0.528873,4,0
0.533879,0.492614,0.519717,4,0
0.538762,0.49884,0.517763,4,0
0.542058,0.488951,0.508119,4,0
0.530582,0.495056,0.500671,4,0
0.523013,0.491027,0.502259,4,1
0.520327,0.491637,0.499695,4,0
0.518984,0.482115,0.497741,4,0
0.518252,0.47833,0.502503,4,0
0.516787,0.483946,0.506898,4,0
0.517886,0.492248,0.510072,4,0
0.520327,0.488829,0.508973,4,0
0.521792,0.488341,0.509706,4,0
0.521914,0.484434,0.508363,4,0
0.526676,0.482725,0.507752,4,0
0.532169,0.484434,0.508973,4,0
0.538518,0.48358,0.508485,4,0
0.539128,0.486387,0.506287,4,0
0.539128,0.494201,0.506654,4,0
0.545721,0.505311,0.51056,4,0
0.550482,0.518984,0.511659,4,0
0.554633,0.528507,0.515444,4,0
0.556098,0.518496,0.517031,4,0
0.551947,0.516543,0.517763,4,0
0.545965,0.520571,0.516176,4,0
0.540227,0.52106,0.513613,4,0
0.537419,0.517397,0.512147,4,0
0.532169,0.51288,0.51227,4,0
0.528873,0.510438,0.510927,4,0
0.524234,0.508119,0.510072,4,0
0.523257,0.508729,0.509828,4,0
0.521548,0.502869,0.510927,4,0
0.522647,0.502014,0.511293,4,0
0.522525,0.504212,0.50934,4,0
0.523379,0.506043,0.510682,4,0
0.524966,0.511293,0.513735,4,0
0.525943,0.515322,0.509095,4,0
0.532292,0.514467,0.503968,4,0
0.535222,0.499329,0.50116,4,0
0.544012,0.471615,0.49884,4,0
0.54389,0.449518,0.515322,4,0
0.546453,0.452692,0.51813,4,0
0.566597,0.422049,0.533268,4,0
0.547918,0.465511,0.525821,4,0
0.544988,0.482237,0.513857,4,0
0.536198,0.47894,0.517153,4,0
0.53046,0.474667,0.50934,4,0
0.524356,0.476254,0.501892,4,0
0.520816,0.48065,0.498596,4,0
0.523501,0.479917,0.498474,4,0
0.522281,0.486754,0.501282,4,0
0.519351,0.493835,0.499451,4,0
0.517519,0.494933,0.499451,4,0
0.517031,0.489806,0.498596,4,1
0.516054,0.488463,0.500061,4,0
0.515932,0.486632,0.500061,4,0
0.520816,0.485655,0.50116,4,0
0.523868,0.482481,0.502625,4,0
0.529484,0.48773,0.506654,4,0
0.539739,0.485777,0.512392,4,0
0.538518,0.483946,0.511171,4,0
0.541082,0.469418,0.51874,4,0
0.543768,0.467098,0.522158,4,0
0.540838,0.473935,0.519717,4,0
0.543157,0.505921,0.512514,4,0
0.54975,0.537907,0.519961,4,0
0.551581,0.536687,0.519473,4,0
0.547552,0.522036,0.517763,4,0
0.541448,0.517886,0.516543,4,0
0.53925,0.51349,0.513124,4,0
0.5351,0.512514,0.509706,4,0
0.529117,0.513002,0.507264,4,0
0.525943,0.507508,0.506165,4,0
0.523746,0.502991,0.507997,4,0
0.52167,0.501038,0.508119,4,0
0.519595,0.501404,0.509706,4,0
0.519106,0.503113,0.508363,4,0
0.52167,0.503601,0.508729,4,0
0.523623,0.505555,0.506287,4,0
0.526309,0.508973,0.506654,4,0
0.526676,0.51227,0.509095,4,0
0.530338,0.515444,0.512758,4,0
0.534977,0.5152,0.513857,4,0
0.539983,0.514589,0.515566,4,0
0.547064,0.513246,0.515932,4,0
0.552069,0.505189,0.515688,4,0
0.549994,0.485533,0.514101,4,0
0.553534,0.470272,0.519717,4,0
0.560737,0.4555,0.534611,4,0
0.559272,0.479062,0.52399,4,0
0.545355,0.484922,0.505067,4,0
0.536687,0.468563,0.501526,4,0
0.531315,0.464168,0.502259,4,0
0.527286,0.472348,0.497986,4,0
0.523868,0.481992,0.498596,4,0
0.518252,0.489195,0.500671,4,0
0.514711,0.490783,0.493713,4,0
0.510682,0.489806,0.502747,4,0
0.508119,0.485045,0.502503,4,0
0.511171,0.486754,0.50116,4,0
0.512392,0.485045,0.500305,4,0
0.511293,0.487364,0.499695,4,0
0.512147,0.487364,0.497619,4,1
0.514345,0.485777,0.497131,4,0
0.51642,0.479795,0.496887,4,0
0.516665,0.479917,0.495666,4,0
0.518984,0.476987,0.496643,4,0
0.526065,0.472226,0.49823,4,0
0.528751,0.467586,0.501648,4,0
0.532658,0.467831,0.502869,4,0
0.546087,0.461726,0.514345,4,0
0.552802,0.466854,0.51874,4,0
0.551093,0.481626,0.519473,4,0
0.558296,0.547064,0.519717,4,0
0.558296,0.528629,0.51813,4,0
0.553168,0.501282,0.520938,4,0
0.543157,0.516543,0.517641,4,0
0.53864,0.515932,0.51288,4,0
0.53571,0.517397,0.508973,4,0
0.531559,0.516298,0.508485,4,0
0.529117,0.513246,0.50763,4,0
0.527164,0.506898,0.50702,4,0
0.521914,0.504822,0.506165,4,0
0.518252,0.502625,0.505555,4,0
0.516054,0.503235,0.506165,4,0
0.515078,0.502136,0.50702,4,0
0.517153,0.501526,0.509584,4,0
0.518252,0.504944,0.509828,4,0
0.521304,0.508241,0.512147,4,0
0.523135,0.510316,0.514833,4,0
0.531315,0.50763,0.516543,4,0
0.536931,0.51349,0.514589,4,0
0.538518,0.500794,0.51288,4,0
0.547918,0.480283,0.513246,4,0
0.553656,0.476865,0.514589,4,0
0.557563,0.462093,0.513002,4,0
0.570504,0.434745,0.527164,4,0
0.573556,0.446344,0.537907,4,0
0.552802,0.494933,0.528751,4,0
0.542058,0.500916,0.525699,4,0
0.53864,0.487975,0.517031,4,0
0.534123,0.489318,0.50702,4,0
0.525333,0.488097,0.497009,4,0
0.523868,0.482969,0.496521,4,0
0.522891,0.477719,0.501648,4,0
0.52106,0.483946,0.502381,4,0
0.519473,0.48944,0.506409,4,0
0.519961,0.491027,0.507264,4,0
0.519106,0.487975,0.507264,4,0
0.520327,0.483946,0.513246,4,0
0.523379,0.486998,0.507874,4,0
0.5246,0.48065,0.505067,4,1
0.529117,0.477964,0.506043,4,0
0.531803,0.480161,0.507264,4,0
0.537297,0.482481,0.508119,4,0
0.539861,0.483335,0.506776,4,0
0.538762,0.503846,0.507874,4,0
0.550482,0.522158,0.51288,4,0
0.555854,0.523501,0.51581,4,0
0.557563,0.519351,0.517763,4,0
0.55268,0.517519,0.517519,4,0
0.550116,0.515322,0.517641,4,0
0.545965,0.516665,0.516787,4,0
0.539739,0.516787,0.516298,4,0
0.534245,0.513246,0.516176,4,0
0.52692,0.508973,0.514955,4,0
0.526187,0.507508,0.511537,4,0
0.522158,0.501648,0.511659,4,0
0.521548,0.499206,0.511781,4,0
0.519961,0.499084,0.510927,4,0
0.521792,0.500427,0.511781,4,0
0.52399,0.503357,0.510927,4,0
0.525577,0.507386,0.509584,4,0
0.528263,0.50934,0.511049,4,0
0.531437,0.508485,0.514101,4,0
0.538518,0.503968,0.516787,4,0
0.548285,0.514345,0.514345,4,0
0.548773,0.503601,0.514223,4,0
0.55329,0.493346,0.516543,4,0
0.55622,0.494445,0.522769,4,0
0.553901,0.501648,0.514955,4,0
0.552924,0.485045,0.517275,4,0
0.556342,0.480772,0.529484,4,0
0.549383,0.496521,0.518496,4,0
0.535466,0.505189,0.506776,4,0
0.531437,0.492492,0.510194,4,0
0.53046,0.490538,0.514467,4,0
0.525333,0.48944,0.50934,4,0
0.523013,0.488219,0.507508,4,0
0.522769,0.493224,0.503724,4,0
0.522769,0.484312,0.498474,4,0
0.518984,0.477719,0.498596,4,0
0.522525,0.48187,0.505677,4,0
0.521304,0.486021,0.502747,4,0
0.522281,0.485655,0.501282,4,0
0.522647,0.479429,0.50409,4,0
0.525088,0.476377,0.505677,4,0
0.529972,0.477719,0.5047,4,0
0.533146,0.475644,0.506532,4,0
0.534123,0.480894,0.50177,4,1
0.537907,0.492003,0.497253,4,0
0.541692,0.513735,0.499817,4,0
0.551581,0.526065,0.510805,4,0
0.555732,0.51813,0.517519,4,0
0.553412,0.515566,0.516054,4,0
0.552802,0.509828,0.516176,4,0
0.545599,0.513735,0.516909,4,0
0.54218,0.5152,0.515932,4,0
0.537419,0.513368,0.516176,4,0
0.5351,0.507386,0.517031,4,0
0.530216,0.504578,0.51642,4,0
0.525333,0.505067,0.514589,4,0
0.523257,0.50177,0.513246,4,0
0.521426,0.498108,0.512758,4,0
0.52167,0.501038,0.51227,4,0
0.524234,0.504944,0.51056,4,0
0.525333,0.507264,0.508363,4,0
0.528751,0.508851,0.509095,4,0
0.530338,0.513002,0.510682,4,0
0.531681,0.509584,0.514589,4,0
0.537663,0.507997,0.514833,4,0
0.551581,0.500183,0.515932,4,0
0.557075,0.497864,0.515444,4,0
0.557929,0.49591,0.515932,4,0
0.554755,0.489684,0.517275,4,0
0.554023,0.488707,0.520571,4,0
0.554633,0.48126,0.523501,4,0
0.545843,0.499573,0.512147,4,0
0.537419,0.514955,0.512392,4,0
0.532536,0.4953,0.51227,4,0
0.530949,0.485411,0.507142,4,0
0.522036,0.479307,0.498596,4,0
0.52167,0.480039,0.499939,4,0
0.52167,0.481626,0.498596,4,0
0.522403,0.481016,0.501526,4,0
0.522891,0.48712,0.505067,4,0
0.521548,0.489073,0.505433,4,0
0.522525,0.486876,0.506654,4,0
0.524478,0.485289,0.511293,4,0
0.526798,0.485045,0.513002,4,0
0.531315,0.481504,0.509828,4,0
0.539006,0.478818,0.510194,4,0
0.534001,0.489806,0.507508,4,0
0.54389,0.486998,0.507508,4,0
0.541204,0.497253,0.511049,4,0
0.547918,0.511293,0.513002,4,0
0.552558,0.517886,0.514955,4,0
0.554755,0.509706,0.518618,4,1
0.549506,0.516176,0.519473,4,0
0.550238,0.51581,0.520449,4,0
0.545233,0.519228,0.519595,4,0
0.53925,0.521304,0.516298,4,0
0.534977,0.519228,0.514955,4,0
0.530216,0.515078,0.513613,4,0
0.523746,0.51227,0.509584,4,0
0.520816,0.507508,0.508241,4,0
0.517641,0.508363,0.506409,4,0
0.51642,0.506165,0.50702,4,0
0.516176,0.503601,0.507386,4,0
0.517275,0.502869,0.50934,4,0
0.520083,0.504334,0.50995,4,0
0.522403,0.511171,0.511049,4,0
0.524966,0.518984,0.511903,4,0
0.523623,0.515322,0.510805,4,0
0.531193,0.508119,0.50763,1,0
0.526676,0.493957,0.509584,1,0
0.535222,0.491881,0.51227,1,0
0.552558,0.477231,0.517275,1,0
0.560737,0.479429,0.515566,1,0
0.560249,0.472958,0.516909,1,0
0.560127,0.465755,0.520816,1,0
0.572213,0.468319,0.537907,1,0
0.553901,0.51581,0.518008,1,0
0.539739,0.497253,0.50934,1,0
0.535344,0.471615,0.504822,1,0
0.53803,0.464412,0.501892,1,0
0.531315,0.473324,0.502869,1,0
0.521426,0.475034,0.499573,1,0
0.521548,0.482969,0.501892,1,0
0.497131,0.46954,0.511171,1,0
0.510194,0.48712,0.4953,1,0
0.514589,0.491759,0.503235,1,0
0.515566,0.492736,0.504334,1,0
0.515444,0.494201,0.503846,1,0
0.515322,0.488707,0.503357,1,0
0.516298,0.482969,0.504212,1,0
0.51813,0.481138,0.506409,1,0
0.52167,0.481504,0.508607,1,0
0.527408,0.474667,0.511293,1,0
0.535222,0.476499,0.511781,1,0
0.539617,0.473935,0.512636,1,0
0.548895,0.491881,0.513735,1,0
0.556831,0.506409,0.516298,1,0
0.570016,0.52692,0.519228,1,0
0.569772,0.516787,0.522036,1,0
0.560371,0.499206,0.52106,1,0
0.549261,0.505311,0.518374,1,0
0.548285,0.507874,0.519595,1,0
0.538884,0.511537,0.519595,1,0
0.533146,0.514955,0.515932,1,0
0.528385,0.513002,0.514345,1,0
0.525088,0.510682,0.512147,1,0
0.522525,0.505799,0.511049,1,0
0.520693,0.502625,0.512025,1,0
0.518862,0.50177,0.51056,1,0
0.518252,0.502503,0.509706,1,0
0.516665,0.505555,0.509462,1,0
0.51874,0.508851,0.510927,1,0
0.521792,0.510805,0.510194,1,0
0.522281,0.506409,0.509095,1,0
0.525088,0.505067,0.513368,1,0
0.529239,0.504212,0.51581,1,0
0.535344,0.507752,0.518496,1,0
0.536687,0.513979,0.519839,1,0
0.537175,0.501282,0.52106,1,0
0.546453,0.486143,0.521914,1,0
0.551947,0.48187,0.52106,1,0
0.556342,0.470883,0.520571,1,0
0.554389,0.469784,0.522891,1,0
0.550116,0.472104,0.523013,1,0
0.548529,0.48712,0.52106,1,0
0.542058,0.500305,0.508973,1,0
0.539128,0.492492,0.513979,1,0
0.534123,0.494445,0.51288,1,0
0.526187,0.494811,0.505921,1,0
0.523746,0.489684,0.507874,1,0
0.522281,0.485411,0.505189,1,0
0.522525,0.480405,0.507142,1,0
0.521914,0.483091,0.509095,1,0
0.522525,0.486021,0.508241,1,0
0.523868,0.48773,0.508607,1,0
0.524478,0.488951,0.512514,1,0
0.524234,0.48419,0.511049,1,0
0.527652,0.479062,0.511781,1,0
0.530949,0.486998,0.510805,1,0
0.533146,0.485289,0.510072,1,0
0.540227,0.476621,0.511659,1,0
0.540105,0.480161,0.509584,1,0
0.539495,0.491515,0.508729,1,0
0.540349,0.500671,0.509217,1,0
0.545477,0.508363,0.511415,1,0
0.547918,0.509584,0.513857,1,0
0.547186,0.514833,0.51288,1,0
0.545721,0.518008,0.514467,1,0
0.546453,0.511903,0.515932,1,0
0.543279,0.512758,0.514223,1,0
0.539861,0.515322,0.512147,1,0
0.537541,0.512392,0.506776,1,0
0.528629,0.522036,0.500549,1,0
0.525943,0.517031,0.505921,1,0
0.522891,0.50934,0.509095,1,0
0.520083,0.510316,0.50934,1,0
0.519717,0.507142,0.511537,1,0
0.519717,0.499084,0.5152,1,0
0.518374,0.501648,0.517886,1,0
0.521304,0.505433,0.518862,1,0
0.523746,0.506898,0.516787,1,0
0.527896,0.5047,0.5152,1,0
0.536687,0.501892,0.514955,1,0
0.545721,0.497864,0.514101,1,0
0.549994,0.48651,0.514345,1,0
0.557441,0.47308,0.518862,1,0
0.568551,0.46722,0.521426,1,0
0.576853,0.469906,0.520938,1,0
0.575876,0.467708,0.522158,1,0
0.562813,0.483702,0.516298,1,0
0.550848,0.492858,0.506776,1,0
0.542913,0.488097,0.508973,1,0
0.534123,0.487242,0.512147,1,0
0.532658,0.494445,0.511537,1,0
0.525943,0.494811,0.509095,1,0
0.522158,0.494689,0.5152,1,0
0.519473,0.493957,0.514589,1,0
0.516909,0.493835,0.508607,1,0
0.518862,0.485777,0.507997,1,0
0.520083,0.492492,0.509217,1,0
0.522036,0.491759,0.507264,1,0
0.524478,0.485533,0.507264,1,0
0.530094,0.479307,0.508241,1,0
0.533024,0.484434,0.505677,1,0
0.539373,0.483213,0.510194,1,0
0.546942,0.482359,0.513613,1,0
0.545599,0.495666,0.515078,1,0
0.557075,0.511781,0.521548,1,0
0.560493,0.516054,0.523135,1,0
0.56147,0.499695,0.525577,1,0
0.557685,0.503846,0.521914,1,0
0.549017,0.512025,0.516909,1,0
0.546942,0.516909,0.516054,1,0
0.540227,0.511781,0.515322,1,0
0.53864,0.515078,0.515688,1,0
0.534245,0.511415,0.513735,1,0
0.527896,0.506165,0.513368,1,0
0.525088,0.508119,0.512758,1,0
0.520083,0.500061,0.513368,1,0
0.518862,0.505311,0.513246,1,0
0.517031,0.510194,0.505189,1,0
0.515932,0.517031,0.50177,1,0
0.518008,0.515322,0.504578,1,0
0.519717,0.508363,0.50763,1,0
0.519961,0.505311,0.509462,1,0
0.52167,0.506409,0.509462,1,0
0.523623,0.506532,0.509828,1,0
0.529972,0.505311,0.511293,1,0
0.542303,0.505067,0.510927,1,0
0.555976,0.494567,0.50702,1,0
0.554023,0.490172,0.508973,1,0
0.553779,0.469906,0.512758,1,0
0.566964,0.453058,0.521426,1,0
0.573068,0.456843,0.525088,1,0
0.594555,0.429252,0.54389,1,0
0.555854,0.517275,0.49884,1,0
0.533512,0.491393,0.500549,1,0
0.537419,0.461238,0.508851,1,0
0.533879,0.473202,0.507997,1,0
0.532047,0.4848,0.505311,1,0
0.517886,0.497741,0.505555,1,0
0.523257,0.501648,0.503846,1,0
0.518374,0.496765,0.5047,1,0
0.515078,0.492858,0.504334,1,0
0.511903,0.486387,0.503235,1,0
0.509217,0.484434,0.499817,1,0
0.505921,0.476865,0.50116,1,0
0.505189,0.474057,0.500183,1,0
0.502747,0.475522,0.503235,1,0
0.501526,0.46429,0.503968,1,0
0.497864,0.464412,0.507997,1,0
0.494201,0.466243,0.522647,1,0
0.501404,0.464656,0.549506,1,0
0.502136,0.455012,0.545721,1,0
0.527408,0.487486,0.536442,1,0
0.514223,0.487486,0.523623,1,0
0.510805,0.48651,0.510194,1,0
0.515322,0.477842,0.512147,1,0
0.516543,0.478696,0.511415,1,0
0.518008,0.475278,0.515444,1,0
0.520083,0.470883,0.520083,1,0
0.518984,0.474423,0.520205,1,0
0.51581,0.480894,0.517519,1,0
0.515688,0.480772,0.517275,1,0
0.51874,0.477842,0.51874,1,0
0.519228,0.476132,0.517641,1,0
0.519351,0.476987,0.517886,1,0
0.51874,0.479795,0.518008,1,0
0.518862,0.481626,0.517763,1,0
0.519473,0.48187,0.51813,1,0
0.520816,0.479062,0.519839,1,0
0.520205,0.477842,0.519228,1,0
0.519351,0.479062,0.517275,1,0
0.518984,0.479795,0.517153,1,0
0.519228,0.479429,0.517275,1,0
0.519106,0.477353,0.517641,1,0
0.519717,0.476865,0.516909,1,0
0.519473,0.47833,0.517519,1,0
0.519351,0.478696,0.516909,1,0
0.51874,0.47894,0.516909,1,0
0.519228,0.479062,0.517397,1,0
0.519228,0.47894,0.517519,1,0
0.519106,0.477353,0.517275,1,0
0.519228,0.477475,0.517153,1,0
0.518618,0.47894,0.516298,1,0
0.518496,0.48065,0.516176,1,0
0.519351,0.480527,0.517275,1,0
0.519473,0.478696,0.517031,1,0
0.519106,0.477597,0.516665,1,0
0.518252,0.476499,0.517397,1,0
0.518008,0.475766,0.517397,1,0
0.517886,0.476865,0.517153,1,0
0.518374,0.477842,0.516787,1,0
0.518862,0.478208,0.51642,1,0
0.519351,0.478452,0.516176,1,0
0.519839,0.478208,0.51642,1,0
0.519839,0.478086,0.516054,1,0
0.519717,0.47833,0.516298,1,0
0.519839,0.478452,0.516054,1,0
0.522281,0.482481,0.517031,1,0
0.525211,0.493835,0.522891,1,0
0.527042,0.507386,0.517397,1,0
0.53046,0.5047,0.508851,1,0
0.530704,0.494689,0.514467,1,0
0.536442,0.480405,0.520083,1,0
0.553412,0.493346,0.510682,1,0
0.559761,0.487486,0.501892,1,0
0.563179,0.480405,0.497497,1,0
0.551459,0.476743,0.501648,1,0
0.531559,0.486021,0.503968,1,0
0.537541,0.488707,0.504944,1,0
0.535222,0.504578,0.509095,1,0
0.534245,0.523501,0.513857,1,0
0.536687,0.525577,0.514223,1,0
0.534001,0.51227,0.515444,1,0
0.532658,0.499329,0.518496,1,0
0.529606,0.491149,0.522403,1,0
0.527286,0.495544,0.523868,1,0
0.52399,0.500794,0.521426,1,0
0.520083,0.498474,0.51642,1,0
0.520449,0.494201,0.516909,1,0
0.523746,0.489806,0.517397,1,0
0.525333,0.476743,0.524478,1,0
0.522403,0.478086,0.523135,1,0
0.520327,0.478696,0.516176,1,0
0.52106,0.477353,0.505799,1,0
0.518374,0.473324,0.496643,1,0
0.519473,0.467953,0.496276,1,0
0.523135,0.471249,0.492126,1,0
0.520083,0.475156,0.493835,1,0
0.514711,0.481138,0.492492,1,0
0.513979,0.481138,0.491271,1,0
0.521914,0.478086,0.496154,1,0
0.520693,0.467342,0.494689,1,0
0.522158,0.463313,0.502503,1,0
0.524966,0.463313,0.505189,1,0
0.524112,0.468807,0.502869,1,0
0.530094,0.483213,0.517886,1,0
0.548651,0.518984,0.536565,1,0
0.524722,0.514223,0.542913,1,0
0.513979,0.498474,0.512636,1,0
0.516543,0.479673,0.514711,1,0
0.518252,0.47247,0.515078,1,0
0.517397,0.471127,0.518374,1,0
0.515566,0.474545,0.519839,1,0
0.51642,0.472714,0.521426,1,0
0.51581,0.47601,0.520816,1,0
0.5152,0.480772,0.519961,1,0
0.515932,0.482115,0.519228,1,0
0.517397,0.48065,0.519473,1,0
0.51874,0.47833,0.520693,1,0
0.51813,0.477109,0.519351,1,0
0.51642,0.477719,0.517641,1,0
0.516298,0.479062,0.518618,1,0
0.517519,0.478818,0.519961,1,0
0.517153,0.477842,0.519473,1,0
0.516665,0.477842,0.518618,1,0
0.51642,0.47833,0.518496,1,0
0.516176,0.478208,0.518618,1,0
0.516787,0.477964,0.519106,1,0
0.516787,0.477842,0.518984,1,0
0.516543,0.477964,0.518984,1,0
0.51642,0.477842,0.51874,1,0
0.516298,0.477475,0.518374,1,0
0.516054,0.476499,0.519228,1,0
0.516787,0.476254,0.519228,1,0
0.516543,0.47833,0.518374,1,0
0.51642,0.480161,0.517886,1,0
0.517031,0.480039,0.517641,1,0
0.517275,0.479795,0.518008,1,0
0.517031,0.477719,0.518496,1,0
0.516543,0.476499,0.518984,1,0
0.51581,0.47601,0.519351,1,0
0.515322,0.476254,0.518862,1,0
0.515444,0.476865,0.518252,1,0
0.516054,0.476987,0.517763,1,0
0.517397,0.476743,0.517886,1,0
0.517886,0.476743,0.517763,1,0
0.51813,0.477109,0.517641,1,0
0.517886,0.478452,0.517519,1,0
0.518008,0.480405,0.517397,1,0
0.517763,0.480527,0.517397,1,0
0.517763,0.479307,0.517275,1,0
0.516909,0.47894,0.517519,1,0
0.515932,0.476865,0.517031,1,0
0.514955,0.471615,0.517031,1,0
0.515566,0.467586,0.519351,1,0
0.510438,0.467342,0.519473,1,0
0.506287,0.465145,0.519595,1,0
0.506532,0.466121,0.517763,1,0
0.502136,0.480283,0.515322,1,0
0.497253,0.48065,0.511171,1,0
0.490538,0.469906,0.514345,1,0
0.501526,0.466366,0.508119,1,0
0.50763,0.469418,0.504578,1,0
0.508363,0.480039,0.504578,1,0
0.508729,0.486265,0.503968,1,0
0.522769,0.47833,0.504822,1,0
0.526065,0.473691,0.498352,1,0
0.534489,0.45904,0.503724,1,0
0.526309,0.477231,0.500794,1,0
0.529606,0.465877,0.487364,1,0
0.522647,0.470883,0.485533,1,0
0.523868,0.462703,0.488585,1,0
0.519106,0.459529,0.493468,1,0
0.515688,0.463191,0.494567,1,0
0.513735,0.46661,0.49066,1,0
0.516176,0.469418,0.495666,1,0
0.519839,0.473569,0.496276,1,0
0.519106,0.475522,0.494689,1,0
0.518008,0.476987,0.495788,1,0
0.518496,0.47833,0.498596,1,0
0.518374,0.476865,0.498474,1,0
0.516054,0.476865,0.496398,1,0
0.51349,0.473935,0.496154,1,0
0.514101,0.474911,0.494201,1,0
0.515078,0.474789,0.494811,1,0
0.514711,0.475034,0.493957,1,0
0.517397,0.475278,0.496887,1,0
0.517641,0.471737,0.502381,1,0
0.51581,0.471127,0.501282,1,0
0.516665,0.469051,0.50116,1,0
0.515688,0.468685,0.501648,1,0
0.515322,0.467342,0.500427,1,0
0.513735,0.468197,0.497131,1,0
0.516543,0.467464,0.499695,1,0
0.511781,0.470272,0.496398,1,0
0.509706,0.47308,0.494689,1,0
0.510927,0.474301,0.49884,1,0
0.514711,0.478696,0.507752,1,0
0.514833,0.472348,0.499817,1,0
0.511537,0.471615,0.499084,1,0
0.511049,0.467342,0.499695,1,0
0.511171,0.469051,0.498962,1,0
0.511537,0.471371,0.497986,1,0
0.513857,0.470883,0.493713,1,0
0.513002,0.475156,0.491393,1,0
0.511659,0.480527,0.492248,1,0
0.509217,0.48126,0.488463,1,0
0.523623,0.475034,0.494323,1,0
0.521914,0.473324,0.496276,1,0
0.520205,0.477475,0.497986,1,0
0.52753,0.476987,0.49884,1,0
0.525821,0.476132,0.497619,1,0
0.525943,0.475278,0.495666,1,0
0.524966,0.475644,0.495056,1,0
0.522647,0.477109,0.496276,1,0
0.520083,0.477842,0.494933,1,0
0.521426,0.477719,0.494567,1,0
0.519473,0.478696,0.493468,1,0
0.524234,0.481504,0.497253,1,0
0.528751,0.481504,0.496032,1,0
0.522281,0.477597,0.493713,1,0
0.520693,0.47601,0.493102,1,0
0.498962,0.477719,0.483213,1,0
0.491881,0.475522,0.477109,1,0
0.500916,0.484434,0.448297,1,0
0.514589,0.479184,0.484556,1,0
0.53925,0.470394,0.484556,1,0
0.541326,0.444634,0.509828,1,0
0.517397,0.474179,0.479551,1,0
0.516909,0.491759,0.469173,1,0
0.512758,0.4848,0.468319,1,0
0.511903,0.480772,0.479551,1,0
0.494933,0.464412,0.488829,1,0
0.491759,0.460872,0.495422,1,0
0.493468,0.461604,0.485411,1,0
0.499939,0.471249,0.4848,1,0
0.498718,0.47308,0.486754,1,0
0.496643,0.47247,0.48944,1,0
0.49005,0.475034,0.499451,1,0
0.498718,0.475156,0.497741,1,0
0.494811,0.485533,0.497253,1,0
0.480405,0.487975,0.509217,1,0
0.488463,0.481626,0.521548,1,0
0.496154,0.483213,0.501648,1,0
0.442437,0.465511,0.507874,1,0
0.508363,0.491881,0.527896,1,0
0.467342,0.479307,0.51056,1,0
0.486754,0.477842,0.522769,1,0
0.486754,0.466243,0.509217,1,0