0.497009,0.469906,0.498718,0,0
0.496643,0.470028,0.498962,0,0
0.497864,0.46954,0.498718,0,0
0.496765,0.468441,0.498108,0,0
0.497009,0.46954,0.498108,0,0
0.497619,0.471005,0.49884,0,0
0.497131,0.468441,0.498352,0,0
0.497009,0.467953,0.499329,0,0
0.497864,0.469051,0.500061,0,0
0.497253,0.469051,0.499695,0,0
0.497497,0.468441,0.499206,0,0
0.497619,0.468319,0.498718,0,0
0.497375,0.468807,0.49823,0,0
0.497741,0.469173,0.497986,0,0
0.497619,0.468685,0.49823,0,0
0.497741,0.46954,0.498718,0,0
0.497497,0.469784,0.498596,0,0
0.497619,0.468807,0.498108,0,0
0.497741,0.468807,0.497375,0,0
0.49823,0.467831,0.498352,0,0
0.497375,0.470028,0.497741,0,0
0.497864,0.469784,0.498352,0,0
0.49823,0.468441,0.499084,0,0
0.497986,0.467831,0.499329,0,0
0.497131,0.470028,0.49823,0,0
0.497253,0.469784,0.498352,0,0
0.497497,0.468807,0.498596,0,0
0.497986,0.468807,0.49884,0,0
0.497375,0.468319,0.498596,0,0
0.497864,0.469296,0.49823,0,0
0.497864,0.46954,0.49823,0,0
0.497741,0.469051,0.498108,0,0
0.498352,0.468441,0.498108,0,0
0.497864,0.468807,0.498108,0,0
0.497497,0.46661,0.500061,0,0
0.497497,0.469418,0.499573,0,0
0.497375,0.469418,0.499206,0,0
0.496887,0.468807,0.498352,0,0
0.497253,0.46954,0.499573,0,0
0.497375,0.47015,0.499939,0,0
0.497497,0.468929,0.499206,0,0
0.497741,0.469051,0.499329,0,0
0.497864,0.468563,0.499451,0,0
0.497741,0.470639,0.49823,0,0
0.497497,0.468563,0.498108,0,0
0.497741,0.468685,0.497864,0,0
0.497619,0.467708,0.497864,0,0
0.497619,0.470394,0.497619,0,0
0.497009,0.469418,0.497253,0,0
0.497375,0.467953,0.496887,0,0
0.497986,0.468807,0.49823,0,0
0.497986,0.468685,0.49884,0,0
0.497741,0.468319,0.497986,0,0
0.497864,0.469296,0.499451,0,0
0.497864,0.469784,0.500427,0,0
0.497741,0.468319,0.500183,0,0
0.497131,0.468807,0.499817,0,0
0.497375,0.469418,0.500549,0,0
0.497619,0.468685,0.500671,0,0
0.497375,0.467831,0.500183,0,0
0.497619,0.469173,0.501038,0,0
0.49823,0.470639,0.501282,0,0
0.498108,0.468075,0.500916,0,0
0.498352,0.467464,0.501404,0,0
0.497986,0.470516,0.50177,0,0
0.497497,0.468807,0.502136,0,0
0.498108,0.468563,0.501526,0,0
0.497864,0.468563,0.502014,0,0
0.497741,0.469906,0.502381,0,0
0.497741,0.467098,0.502381,0,0
0.497986,0.469051,0.50116,0,0
0.497741,0.469173,0.501038,0,0
0.497741,0.468441,0.501526,0,0
0.497986,0.469173,0.501282,0,0
0.498718,0.467464,0.502869,0,0
0.497741,0.469296,0.502381,0,0
0.497619,0.468929,0.501282,0,0
0.497741,0.467098,0.50177,0,0
0.497864,0.468685,0.502014,0,0
0.497375,0.470272,0.50177,0,0
0.496887,0.467586,0.500671,0,0
0.497497,0.471249,0.502014,0,0
0.497009,0.469173,0.502259,0,0
0.498108,0.467953,0.501404,0,0
0.497986,0.468807,0.501038,0,0
0.497741,0.469051,0.501282,0,0
0.497619,0.468929,0.501038,1,0
0.497864,0.468319,0.50116,1,0
0.497375,0.469296,0.50116,1,0
0.497986,0.468685,0.501404,1,0
0.497375,0.466732,0.502625,1,0
0.497131,0.468197,0.502136,1,0
0.497253,0.46954,0.502625,1,0
0.496276,0.471005,0.501282,1,0
0.497009,0.469906,0.499939,1,0
0.496643,0.468929,0.499084,1,0
0.497741,0.46661,0.499817,1,0
0.496643,0.469662,0.499817,1,0
0.497497,0.469662,0.499329,1,0
0.496765,0.467464,0.500183,1,0
0.497253,0.468807,0.50116,1,0
0.497253,0.468929,0.501526,1,0
0.496398,0.469296,0.500671,1,0
0.496887,0.470028,0.500916,1,0
0.496887,0.470516,0.500061,1,0
0.496765,0.468563,0.498718,1,0
0.496643,0.468319,0.497253,1,0
0.496643,0.470272,0.497741,1,0
0.497497,0.469051,0.49823,1,0
0.497131,0.467953,0.499817,1,0
0.497131,0.468685,0.500183,1,0
0.496887,0.46954,0.499451,1,0
0.496643,0.469051,0.499573,1,0
0.496765,0.468807,0.499939,1,0
0.497009,0.468563,0.499695,1,0
0.496887,0.468929,0.499084,1,0
0.496643,0.469418,0.499329,1,0
0.497131,0.469173,0.499939,1,0
0.497497,0.468319,0.500061,1,0
0.497009,0.467953,0.500549,1,0
0.496643,0.468563,0.501038,1,0
0.496887,0.468929,0.501648,1,0
0.496765,0.469173,0.501648,1,0
0.496643,0.469418,0.501892,1,0
0.496398,0.470272,0.500794,1,0
0.497009,0.468685,0.500794,1,0
0.497253,0.468929,0.500916,1,0
0.497253,0.469051,0.501038,1,0
0.497619,0.468929,0.500916,1,0
0.497375,0.469051,0.500916,1,0
0.497131,0.468929,0.501038,1,0
0.497009,0.469296,0.50116,1,0
0.497375,0.468929,0.501526,1,0
0.496887,0.469296,0.50116,1,0
0.497131,0.468563,0.500061,1,0
0.497497,0.467831,0.499939,1,0
0.497375,0.468197,0.499573,1,0
0.497253,0.469173,0.499451,1,0
0.497375,0.469173,0.499451,1,0
0.497741,0.468685,0.499573,1,0
0.497497,0.467953,0.499573,1,0
0.497009,0.468929,0.499817,1,0
0.496643,0.468929,0.500061,1,0
0.496887,0.468685,0.499695,1,0
0.496521,0.46954,0.499695,1,0
0.496887,0.469296,0.500183,1,0
0.497497,0.469296,0.499939,1,0
0.497131,0.468685,0.500183,1,0
0.497741,0.467708,0.498962,1,0
0.497741,0.469418,0.49884,1,0
0.497497,0.469784,0.499084,1,0
0.497253,0.468807,0.498596,1,0
0.497497,0.468685,0.499206,1,0
0.497253,0.469051,0.499451,1,0
0.497131,0.469051,0.499329,1,0
0.497253,0.468685,0.499695,1,0
0.497253,0.468319,0.499695,1,0
0.497131,0.468563,0.499084,1,0
0.497131,0.468929,0.499329,1,0
0.497009,0.468685,0.500671,1,0
0.497864,0.468319,0.500794,1,0
0.498108,0.466854,0.50116,1,0
0.497864,0.466366,0.502136,1,0
0.497619,0.468441,0.502625,1,0
0.496032,0.470883,0.502869,1,0
0.496154,0.471127,0.502503,1,0
0.49591,0.469662,0.503113,1,0
0.496032,0.469173,0.504334,1,0
0.496765,0.468319,0.506409,1,0
0.497497,0.469418,0.508119,1,0
0.496276,0.461482,0.508363,1,0
0.49823,0.460994,0.511781,1,0
0.497253,0.475278,0.513979,1,0
0.494567,0.494079,0.518618,1,0
0.494445,0.492248,0.523013,1,0
0.496398,0.485655,0.52985,1,0
0.49884,0.485167,0.529361,1,0
0.497741,0.483091,0.525455,1,0
0.497253,0.480405,0.525821,1,0
0.497009,0.464534,0.526554,1,0
0.496276,0.471371,0.529606,1,0
0.499329,0.476254,0.536442,1,0
0.500916,0.485289,0.534855,1,0
0.502259,0.490538,0.536931,1,0
0.503601,0.492248,0.533146,1,0
0.502625,0.492248,0.53046,1,0
0.502259,0.490783,0.527652,1,0
0.502991,0.488707,0.524966,1,0
0.502991,0.487486,0.525088,1,0
0.505067,0.487242,0.527652,1,0
0.505677,0.483702,0.530216,1,0
0.505311,0.485777,0.526065,1,0
0.506776,0.485655,0.529484,1,0
0.50702,0.487853,0.532902,1,0
0.504456,0.494201,0.533879,1,0
0.50177,0.494201,0.534855,1,0
0.49823,0.492126,0.532658,1,0
0.498108,0.489195,0.533268,1,0
0.498474,0.488097,0.532169,1,0
0.500061,0.488463,0.530827,1,0
0.50116,0.486754,0.531681,1,0
0.50116,0.485777,0.530094,1,0
0.501038,0.486387,0.529239,1,0
0.501404,0.485777,0.530949,1,0
0.500549,0.487486,0.530094,1,0
0.500549,0.488463,0.530704,1,0
0.500794,0.486754,0.531681,1,0
0.500305,0.488097,0.52985,1,0
0.499817,0.486754,0.530216,1,0
0.500061,0.485655,0.53046,1,0
0.501648,0.485777,0.531559,1,0
0.502991,0.486876,0.529361,1,0
0.502503,0.485045,0.532047,1,0
0.502869,0.487975,0.531437,1,0
0.503846,0.488341,0.531071,1,0
0.503846,0.48712,0.531071,1,0
0.503724,0.48712,0.530338,1,0
0.503601,0.48651,0.530582,1,0
0.502747,0.487486,0.530216,1,0
0.502259,0.487486,0.530582,1,0
0.502869,0.487242,0.530582,1,0
0.502747,0.486143,0.53046,1,0
0.503724,0.486387,0.531925,1,0
0.503357,0.485533,0.530827,1,0
0.50177,0.4848,0.530949,1,0
0.501038,0.483824,0.531437,1,0
0.501404,0.484434,0.531803,1,0
0.50177,0.485411,0.532047,1,0
0.501526,0.485899,0.531437,1,0
0.503235,0.483091,0.534489,1,0
0.504212,0.487486,0.52692,1,0
0.503357,0.485411,0.526431,1,0
0.505311,0.485289,0.529728,1,0
0.502991,0.490538,0.528263,1,0
0.502991,0.489073,0.530582,1,0
0.500794,0.491759,0.528507,1,0
0.498108,0.492248,0.528263,1,0
0.494567,0.497131,0.528507,1,0
0.495422,0.49884,0.52753,1,0
0.496398,0.496887,0.529239,1,0
0.497986,0.494323,0.529239,1,0
0.499573,0.494201,0.529117,1,0
0.500794,0.491271,0.533634,1,0
0.502136,0.492614,0.53864,1,0
0.500671,0.496154,0.534855,1,0
0.500427,0.492614,0.534977,1,0
0.500183,0.492614,0.534855,1,0
0.500549,0.492736,0.533757,1,0
0.501526,0.489928,0.533268,1,0
0.502014,0.489195,0.534367,1,0
0.500916,0.487364,0.531925,1,0
0.500305,0.488097,0.531437,1,0
0.50177,0.48712,0.532047,1,0
0.504334,0.487975,0.531803,1,0
0.504944,0.487975,0.529972,1,0
0.504334,0.487364,0.529972,1,0
0.503113,0.489806,0.531071,1,0
0.501526,0.49066,0.531437,1,0
0.501404,0.488951,0.532047,1,0
0.50177,0.48773,0.531437,1,0
0.502381,0.486632,0.531071,1,0
0.503113,0.485777,0.531803,1,0
0.503479,0.488707,0.531803,1,0
0.502503,0.491393,0.531437,1,0
0.502625,0.490905,0.530216,1,0
0.503724,0.489195,0.529972,1,0
0.504212,0.489195,0.53046,1,0
0.503968,0.489562,0.531681,1,0
0.503846,0.488829,0.532292,1,0
0.503601,0.486632,0.531803,1,0
0.503357,0.485411,0.531193,1,0
0.503113,0.48712,0.531437,1,0
0.503479,0.487853,0.534001,1,0
0.5047,0.485899,0.536687,1,0
0.503601,0.485899,0.53864,1,0
0.503724,0.486021,0.538396,1,0
0.502014,0.480405,0.534977,1,0
0.500305,0.484922,0.527774,1,0
0.498596,0.486387,0.523135,1,0
0.497986,0.484434,0.523379,1,0
0.498718,0.48712,0.524722,1,0
0.497253,0.487364,0.523379,1,0
0.496154,0.481382,0.527896,1,0
0.495178,0.482969,0.529606,1,0
0.493102,0.482725,0.53339,1,0
0.491759,0.47894,0.535466,1,0
0.49066,0.482115,0.535832,1,0
0.490416,0.483091,0.534245,1,0
0.49005,0.48419,0.531681,1,0
0.489562,0.484922,0.531193,1,0
0.488585,0.484556,0.528751,1,0
0.488951,0.486143,0.529117,1,0
0.487975,0.488341,0.53803,1,0
0.484922,0.492492,0.529239,1,0
0.483335,0.490416,0.519595,1,0
0.480772,0.490416,0.512392,1,0
0.47833,0.498718,0.505433,1,0
0.477475,0.500061,0.50116,1,0
0.475034,0.506165,0.497741,1,0
0.47308,0.504334,0.49237,1,0
0.473446,0.51227,0.491759,1,0
0.474301,0.512392,0.504944,1,0
0.473202,0.507997,0.517153,1,0
0.470028,0.501038,0.514101,1,0
0.469173,0.50763,0.51056,1,0
0.47015,0.498108,0.518618,1,0
0.466243,0.499817,0.527652,1,0
0.462703,0.501038,0.521304,1,0
0.463069,0.507386,0.522769,1,0
0.466732,0.500916,0.526676,1,0
0.467342,0.503357,0.526431,1,0
0.473324,0.500427,0.519473,1,0
0.482847,0.498474,0.521304,1,0
0.49005,0.493835,0.527408,1,0
0.4953,0.492492,0.526431,1,0
0.502747,0.496398,0.526554,1,0
0.508119,0.4953,0.528507,1,0
0.519595,0.494201,0.531193,1,0
0.51874,0.488341,0.535832,1,0
0.508119,0.484068,0.53925,1,0
0.501648,0.490294,0.531559,1,0
0.501282,0.496521,0.529972,1,0
0.501526,0.498108,0.529606,1,0
0.50409,0.492736,0.535466,1,0
0.506165,0.491149,0.5351,1,0
0.506409,0.485167,0.540838,1,0
0.506654,0.493835,0.535954,1,0
0.497253,0.493591,0.539006,1,0
0.500427,0.489928,0.53803,1,0
0.478696,0.494445,0.528507,1,0
0.485899,0.483213,0.53046,1,0
0.482237,0.493957,0.520327,1,0
0.480894,0.492003,0.520327,1,0
0.479307,0.496398,0.519839,1,0
0.476377,0.499084,0.514223,1,0
0.479551,0.501282,0.512025,1,0
0.475278,0.505067,0.508485,1,0
0.471859,0.505921,0.507142,1,0
0.469662,0.509217,0.506532,1,0
0.468197,0.510805,0.503846,1,0
0.467953,0.511781,0.505555,1,0
0.465633,0.513124,0.505433,1,0
0.467586,0.510438,0.505799,1,0
0.467831,0.507874,0.505677,1,0
0.469173,0.508363,0.503968,1,0
0.469296,0.507752,0.505311,1,0
0.469662,0.506776,0.507508,1,0
0.471005,0.504456,0.507997,1,0
0.471615,0.500916,0.515688,1,0
0.468685,0.502991,0.51056,1,0
0.468319,0.509828,0.507142,1,0
0.465999,0.514223,0.506898,1,0
0.463924,0.515444,0.511293,1,0
0.464534,0.516176,0.516543,1,0
0.463191,0.512758,0.518252,1,0
0.466732,0.509217,0.519717,1,0
0.468807,0.5047,0.517397,1,0
0.472958,0.509217,0.514101,1,0
0.48126,0.500061,0.525943,1,1
0.48712,0.49823,0.527164,1,0
0.4953,0.499206,0.528873,1,0
0.500549,0.493468,0.531193,1,0
0.509217,0.500549,0.528507,1,0
0.514345,0.4953,0.531803,1,0
0.515932,0.492126,0.534977,1,0
0.512392,0.486632,0.544012,1,0
0.503968,0.488585,0.536565,1,0
0.50409,0.496154,0.533024,1,0
0.503357,0.499939,0.527896,1,0
0.503724,0.500061,0.530338,1,0
0.502014,0.498352,0.532169,1,0
0.502503,0.495422,0.538274,1,0
0.504944,0.494933,0.535466,1,0
0.502991,0.491881,0.537785,1,0
0.506165,0.492248,0.534367,1,0
0.496398,0.49066,0.533024,1,0
0.501892,0.492492,0.534489,1,0
0.494445,0.497741,0.526554,1,0
0.494811,0.494323,0.528507,1,0
0.497009,0.496765,0.528263,1,0
0.48651,0.496765,0.524112,1,0
0.490294,0.494201,0.528019,1,0
0.484556,0.492614,0.525088,1,0
0.474179,0.494079,0.523135,1,0
0.474179,0.4953,0.521792,1,0
0.465389,0.501892,0.514833,1,0
0.464534,0.502136,0.517153,1,0
0.464046,0.505799,0.516054,1,0
0.465389,0.504212,0.518008,1,0
0.46661,0.506287,0.517275,1,0
0.466366,0.508485,0.514101,1,0
0.465877,0.509095,0.508241,1,0
0.465877,0.50702,0.507142,1,0
0.4649,0.509095,0.507874,1,0
0.465511,0.508851,0.508119,1,0
0.466732,0.508363,0.507142,1,0
0.468075,0.506043,0.505311,1,0
0.471249,0.507752,0.510316,1,0
0.470883,0.506532,0.513979,1,0
0.473691,0.50177,0.520693,1,0
0.475644,0.504578,0.523257,1,0
0.476621,0.500061,0.525211,1,0
0.476621,0.501282,0.52399,1,0
0.482481,0.489562,0.529239,1,0
0.483946,0.494567,0.529117,1,0
0.4953,0.492248,0.532292,1,0
0.499451,0.499817,0.52753,1,1
0.506165,0.497131,0.531437,1,0
0.507142,0.491271,0.529239,1,0
0.511903,0.491149,0.534367,1,0
0.507874,0.489684,0.531193,1,0
0.507752,0.493591,0.531925,1,0
0.502503,0.493835,0.534855,1,0
0.505921,0.495788,0.534489,1,0
0.502136,0.495544,0.538518,1,0
0.506654,0.496154,0.537175,1,0
0.502991,0.496032,0.533879,1,0
0.505067,0.494445,0.53571,1,0
0.501648,0.495422,0.532658,1,0
0.505433,0.494323,0.531803,1,0
0.504822,0.500061,0.530582,1,0
0.505555,0.504334,0.526676,1,0
0.506409,0.494079,0.5246,1,0
0.493468,0.487975,0.533512,1,0
0.500183,0.491515,0.533512,1,0
0.48358,0.49066,0.519839,1,0
0.48419,0.488585,0.528873,1,0
0.489318,0.488585,0.531437,1,0
0.469662,0.491515,0.51874,1,0
0.474423,0.489928,0.5246,1,0
0.4754,0.493591,0.523257,1,0
0.470272,0.495788,0.518252,1,0
0.473446,0.502747,0.517519,1,0
0.469662,0.505555,0.511781,1,0
0.468807,0.503113,0.513368,1,0
0.469906,0.504822,0.5152,1,0
0.468197,0.503846,0.513246,1,0
0.468441,0.501526,0.514711,1,0
0.467953,0.500549,0.515444,1,0
0.467831,0.503846,0.513979,1,0
0.467953,0.500916,0.512514,1,0
0.466488,0.503113,0.509828,1,0
0.465511,0.499206,0.515444,1,0
0.464046,0.499939,0.517763,1,0
0.466488,0.507142,0.514101,1,0
0.468929,0.497009,0.515932,1,0
0.473446,0.497253,0.518374,1,0
0.478818,0.494689,0.520083,1,0
0.483824,0.496887,0.522281,1,0
0.485167,0.496154,0.525211,1,0
0.490172,0.497375,0.526065,1,0
0.493102,0.495544,0.529972,1,0
0.502136,0.492492,0.531193,1,0
0.507508,0.490905,0.531437,1,0
0.512758,0.482603,0.533268,1,1
0.510316,0.476865,0.536931,1,0
0.502869,0.480283,0.537297,1,0
0.503113,0.490416,0.530338,1,0
0.501892,0.493713,0.531681,1,0
0.501648,0.491393,0.531193,1,0
0.500916,0.492248,0.532536,1,0
0.501282,0.491515,0.531193,1,0
0.499939,0.489806,0.531925,1,0
0.502503,0.488829,0.532658,1,0
0.499695,0.490172,0.531559,1,0
0.501282,0.486754,0.533024,1,0
0.501404,0.497131,0.527164,1,0
0.498108,0.4848,0.5351,1,0
0.501526,0.491271,0.534855,1,0
0.494201,0.492003,0.530094,1,0
0.493102,0.49005,0.531559,1,0
0.497375,0.493591,0.536198,1,0
0.487486,0.495056,0.527896,1,0
0.488951,0.495056,0.528385,1,0
0.480894,0.497864,0.523868,1,0
0.478086,0.499939,0.51874,1,0
0.477353,0.503601,0.508363,1,0
0.47308,0.500794,0.514955,1,0
0.472348,0.502625,0.518496,1,0
0.47308,0.502381,0.515566,1,0
0.469784,0.505189,0.514467,1,0
0.468563,0.505067,0.512758,1,0
0.4649,0.507752,0.51288,1,0
0.462093,0.505921,0.514711,1,0
0.46429,0.504212,0.51642,1,0
0.465389,0.504944,0.513246,1,0
0.465755,0.50409,0.512514,1,0
0.465389,0.50409,0.511781,1,0
0.464046,0.50409,0.508363,1,0
0.464778,0.507752,0.50934,1,0
0.4649,0.507508,0.508729,1,0
0.465267,0.51288,0.514345,1,0
0.467708,0.513124,0.513613,1,0
0.468319,0.514467,0.509462,1,0
0.470516,0.505799,0.512636,1,0
0.4754,0.501038,0.515688,1,0
0.479307,0.498108,0.519473,1,0
0.483702,0.502503,0.520938,1,0
0.49298,0.497131,0.527408,1,0
0.494811,0.502136,0.527774,1,0
0.496887,0.501526,0.528141,1,0
0.502503,0.503357,0.52985,1,0
0.507752,0.506287,0.531559,1,0
0.50934,0.502747,0.530949,1,1
0.510316,0.505067,0.53632,1,0
0.506532,0.50177,0.539617,1,0
0.505189,0.501892,0.537175,1,0
0.503235,0.504944,0.537419,1,0
0.501892,0.50702,0.534977,1,0
0.50116,0.503479,0.536565,1,0
0.502014,0.506409,0.534855,1,0
0.502991,0.500061,0.534489,1,0
0.503235,0.505555,0.5351,1,0
0.502259,0.500305,0.531193,1,0
0.500916,0.503479,0.536809,1,0
0.504334,0.502747,0.53339,1,0
0.498352,0.50177,0.529117,1,0
0.498596,0.50409,0.535466,1,0
0.487364,0.498718,0.526554,1,0
0.485167,0.500305,0.534489,1,0
0.488707,0.502625,0.534367,1,0
0.478208,0.505067,0.518496,1,0
0.479307,0.504334,0.520327,1,0
0.480772,0.507142,0.523868,1,0
0.475522,0.505799,0.520449,1,0
0.476865,0.511293,0.518984,1,0
0.474667,0.508485,0.516298,1,0
0.470761,0.510316,0.511903,1,0
0.473569,0.508729,0.513979,1,0
0.471005,0.514345,0.50934,1,0
0.471127,0.5152,0.509706,1,0
0.470883,0.5152,0.511293,1,0
0.468685,0.511659,0.511659,1,0
0.469784,0.512636,0.513368,1,0
0.468685,0.51288,0.51288,1,0
0.46954,0.51056,0.514223,1,0
0.469051,0.508363,0.515322,1,0
0.469173,0.510682,0.513613,1,0
0.468441,0.508119,0.51288,1,0
0.468441,0.512514,0.512636,1,0
0.469662,0.515566,0.512758,1,0
0.471493,0.511415,0.515566,1,0
0.471493,0.511293,0.516054,1,0
0.472104,0.510316,0.519961,1,0
0.473324,0.51227,0.521426,1,0
0.47247,0.509706,0.523257,1,0
0.475888,0.508973,0.526554,1,0
0.478452,0.507142,0.528141,1,0
0.482603,0.503968,0.524966,1,0
0.486143,0.501282,0.525943,1,0
0.487608,0.506532,0.518618,1,0
0.494567,0.505555,0.523501,1,1
0.500794,0.503479,0.521304,1,0
0.510438,0.497986,0.529484,1,0
0.513735,0.496154,0.531315,1,0
0.50763,0.492614,0.545965,1,0
0.500671,0.496154,0.533146,1,0
0.498474,0.498596,0.537907,1,0
0.499084,0.501892,0.53339,1,0
0.498962,0.501404,0.537175,1,0
0.499451,0.502991,0.534733,1,0
0.498718,0.500183,0.537297,1,0
0.499817,0.500427,0.536565,1,0
0.499817,0.494689,0.534611,1,0
0.498474,0.502991,0.536565,1,0
0.500305,0.496032,0.532658,1,0
0.497375,0.502991,0.538274,1,0
0.500794,0.496521,0.537297,1,0
0.498474,0.497986,0.53046,1,0
0.497497,0.500549,0.537175,1,0
0.499451,0.497864,0.532414,1,0
0.48419,0.504944,0.518862,1,0
0.487608,0.505189,0.528507,1,0
0.479917,0.501038,0.522281,1,0
0.476254,0.503357,0.52167,1,0
0.481382,0.502014,0.523257,1,0
0.472958,0.502381,0.519351,1,0
0.476499,0.50116,0.521548,1,0
0.472714,0.507386,0.515688,1,0
0.473935,0.507752,0.517153,1,0
0.471371,0.512147,0.512025,1,0
0.468685,0.510682,0.509584,1,0
0.468319,0.511415,0.508851,1,0
0.465511,0.510682,0.506043,1,0
0.464412,0.510316,0.5047,1,0
0.464046,0.512392,0.505555,1,0
0.463924,0.510805,0.503479,1,0
0.466121,0.511293,0.503846,1,0
0.467098,0.513979,0.5047,1,0
0.468075,0.508729,0.506654,1,0
0.469296,0.506654,0.51349,1,0
0.470639,0.497497,0.520449,1,0
0.473813,0.499084,0.519717,1,0
0.474179,0.502381,0.523868,1,0
0.473813,0.510072,0.517275,1,0
0.474911,0.512758,0.517031,1,0
0.478452,0.507997,0.521548,1,0
0.479917,0.51227,0.520816,1,0
0.486265,0.504822,0.528873,1,0
0.491759,0.505189,0.52985,1,1
0.499573,0.489684,0.537297,1,0
0.496765,0.496887,0.529972,1,0
0.495178,0.495422,0.529972,1,0
0.493957,0.503479,0.527652,1,0
0.492126,0.501526,0.527896,1,0
0.501648,0.499939,0.535344,1,0
0.502625,0.491637,0.539006,1,0
0.504822,0.491759,0.539617,1,0
0.500305,0.490538,0.535466,1,0
0.500427,0.495178,0.534001,1,0
0.498718,0.499451,0.531925,1,0
0.499329,0.500061,0.532169,1,0
0.49591,0.501282,0.531681,1,0
0.497497,0.497619,0.532169,1,0
0.500671,0.499939,0.52985,1,0
0.498596,0.493957,0.527652,1,0
0.500671,0.487853,0.532658,1,0
0.49237,0.484434,0.531193,1,0
0.495178,0.483335,0.533512,1,0
0.500061,0.483946,0.534245,1,0
0.490783,0.482725,0.534123,1,0
0.495178,0.484678,0.537541,1,0
0.4848,0.491393,0.531681,1,0
0.482969,0.488341,0.527042,1,0
0.480527,0.497864,0.5152,1,0
0.476499,0.499329,0.515932,1,0
0.476377,0.498474,0.514223,1,0
0.477231,0.503357,0.51813,1,0
0.474057,0.51056,0.514833,1,0
0.473324,0.511049,0.50995,1,0
0.470272,0.505799,0.509828,1,0
0.468197,0.511659,0.510316,1,0
0.469051,0.511781,0.510805,1,0
0.468441,0.511293,0.510316,1,0
0.468685,0.509462,0.512636,1,0
0.469662,0.509584,0.510805,1,0
0.467586,0.511049,0.509217,1,0
0.468685,0.510682,0.509706,1,0
0.467831,0.511415,0.508119,1,0
0.467464,0.508851,0.50763,1,0
0.467586,0.510682,0.508729,1,0
0.467586,0.509095,0.507142,1,0
0.467464,0.512636,0.508119,1,0
0.468807,0.507752,0.512758,1,0
0.469418,0.509828,0.514467,1,0
0.473324,0.502136,0.521304,1,0
0.477109,0.49591,0.527408,1,0
0.478452,0.493713,0.527774,1,1
0.482237,0.491271,0.524966,1,0
0.485655,0.494811,0.523257,1,0
0.497497,0.48358,0.528507,1,0
0.497131,0.48651,0.532414,1,0
0.50702,0.491271,0.530704,1,0
0.509462,0.494201,0.530827,1,0
0.510805,0.491271,0.532658,1,0
0.505311,0.48944,0.534855,1,0
0.503113,0.487608,0.534001,1,0
0.50116,0.488829,0.535588,1,0
0.502136,0.493713,0.532169,1,0
0.500916,0.49591,0.532658,1,0
0.502014,0.495544,0.534123,1,0
0.50409,0.492614,0.534977,1,0
0.5047,0.490294,0.534001,1,0
0.506043,0.489195,0.534733,1,0
0.502991,0.490416,0.533757,1,0
0.499939,0.492003,0.532169,1,0
0.492126,0.492492,0.529972,1,0
0.49237,0.49237,0.531071,1,0
0.48358,0.498474,0.526309,1,0
0.481748,0.493346,0.527896,1,0
0.480283,0.497741,0.521304,1,0
0.47601,0.499206,0.519839,1,0
0.474667,0.500183,0.518008,1,0
0.474301,0.502259,0.514955,1,0
0.471493,0.504822,0.512147,1,0
0.471371,0.502381,0.513246,1,0
0.470272,0.506776,0.510927,1,0
0.468807,0.506165,0.508119,1,0
0.468197,0.505799,0.510194,1,0
0.463558,0.506532,0.505677,1,0
0.465511,0.506165,0.513246,1,0
0.466732,0.509584,0.50995,1,0
0.466732,0.511415,0.511781,1,0
0.467953,0.507264,0.515322,1,0
0.467098,0.50702,0.513124,1,0
0.466121,0.51056,0.511049,1,0
0.466243,0.508973,0.510438,1,0
0.46661,0.510682,0.50934,1,0
0.468563,0.511903,0.509828,1,0
0.471127,0.507997,0.51227,1,0
0.472592,0.5047,0.516665,1,0
0.476499,0.501404,0.517886,1,0
0.479184,0.500183,0.521548,1,0
0.48358,0.500061,0.523501,1,0
0.489562,0.494567,0.531071,1,0
0.492248,0.493224,0.533879,1,0
0.49237,0.492248,0.532658,1,1
0.495666,0.497864,0.529239,1,0
0.498718,0.497741,0.530582,1,0
0.505067,0.499939,0.527408,1,0
0.507264,0.496398,0.532902,1,0
0.511171,0.491271,0.536931,1,0
0.507508,0.488829,0.53925,1,0
0.508241,0.491027,0.536809,1,0
0.502747,0.492614,0.532292,1,0
0.500916,0.499084,0.531315,1,0
0.498962,0.500916,0.530949,1,0
0.500427,0.500427,0.531925,1,0
0.502259,0.496643,0.531803,1,0
0.503479,0.492003,0.531925,1,0
0.505555,0.491149,0.532536,1,0
0.500061,0.493468,0.525088,1,0
0.502136,0.490905,0.529117,2,0
0.49591,0.494445,0.526431,2,0
0.490905,0.490783,0.524356,2,0
0.496887,0.495544,0.531925,2,0
0.487853,0.499206,0.527408,2,0
0.487364,0.488097,0.528507,2,0
0.48419,0.493346,0.534245,2,0
0.479307,0.490172,0.532414,2,0
0.481016,0.48651,0.536809,2,0
0.479551,0.486387,0.533634,2,0
0.475522,0.496398,0.527774,2,0
0.477842,0.490905,0.528995,2,0
0.474301,0.496154,0.520449,2,0
0.471127,0.500305,0.51581,2,0
0.46954,0.499451,0.510805,2,0
0.470639,0.499817,0.507997,2,0
0.471615,0.498474,0.507874,2,0
0.474789,0.500549,0.510072,2,0
0.480772,0.494079,0.51581,2,0
0.488707,0.484068,0.522891,2,0
0.492614,0.477109,0.527286,2,0
0.494445,0.471249,0.528141,2,0
0.492614,0.47833,0.52985,2,0
0.494079,0.477964,0.531925,2,0
0.49237,0.478696,0.528873,2,0
0.492003,0.480772,0.526065,2,0
0.492736,0.482237,0.524234,2,0
0.49237,0.482237,0.523501,2,0
0.492492,0.482481,0.523135,2,0
0.493835,0.482847,0.521182,2,0
0.494689,0.483946,0.517519,2,0
0.500671,0.450861,0.533757,2,0
0.500305,0.464412,0.533879,2,0
0.500427,0.480405,0.525088,2,0
0.500061,0.483457,0.522281,2,0
0.49823,0.481504,0.522647,2,0
0.496643,0.475644,0.523623,2,0
0.501892,0.476377,0.524112,2,0
0.497986,0.477719,0.5246,2,0
0.49884,0.479429,0.523623,2,0
0.499573,0.477597,0.523746,2,0
0.499084,0.475278,0.523501,2,0
0.498596,0.476865,0.524966,2,0
0.498596,0.478208,0.524356,2,0
0.49884,0.477231,0.524112,2,0
0.499817,0.477353,0.523868,2,0
0.500061,0.477109,0.523868,2,0
0.499939,0.476987,0.523623,2,0
0.499084,0.477597,0.523746,2,0
0.497986,0.47833,0.523746,2,0
0.497864,0.478696,0.524356,2,0
0.497864,0.478818,0.5246,2,0
0.497864,0.479184,0.524478,2,0
0.497375,0.478574,0.524112,2,0
0.497253,0.477964,0.52399,2,0
0.497375,0.477719,0.523868,2,0
0.497864,0.477475,0.523379,2,0
0.497864,0.476865,0.523379,2,0
0.49823,0.476865,0.523257,2,0
0.49823,0.477475,0.523135,2,0
0.498352,0.477597,0.523501,2,0
0.498718,0.477842,0.523501,2,0
0.49823,0.478086,0.523868,2,0
0.498108,0.477231,0.525699,2,0
0.497619,0.476743,0.523868,2,0
0.497375,0.47894,0.524478,2,0
0.499206,0.478696,0.525455,2,0
0.501526,0.479307,0.524234,2,0
0.501648,0.478574,0.523501,2,0
0.500427,0.477353,0.524112,2,0
0.499573,0.477475,0.525088,2,0
0.498108,0.479062,0.525333,2,0
0.496887,0.480283,0.525699,2,0
0.497009,0.480405,0.525943,2,0
0.497253,0.480039,0.526187,2,0
0.497497,0.479184,0.526431,2,0
0.497375,0.479551,0.525821,2,0
0.497986,0.477353,0.525821,2,0
0.497253,0.477231,0.524112,2,0
0.49823,0.478452,0.522403,2,0
0.496398,0.478818,0.521426,2,0
0.49591,0.477231,0.524112,2,0
0.496276,0.477231,0.526798,2,0
0.498596,0.475644,0.52985,2,0
0.499817,0.476743,0.529239,2,0
0.50177,0.480161,0.523257,2,0
0.50116,0.4754,0.523013,2,0
0.500549,0.472958,0.522158,2,0
0.499329,0.476987,0.522036,2,0
0.495422,0.484068,0.520327,2,0
0.491149,0.482115,0.52106,2,0
0.490294,0.480772,0.52399,2,0
0.489928,0.481748,0.525943,2,0
0.49005,0.481992,0.526431,2,0
0.49066,0.48065,0.525455,2,0
0.491637,0.481382,0.524722,2,0
0.491393,0.484678,0.523868,2,0
0.492126,0.487486,0.522158,2,0
0.493102,0.491881,0.519595,2,0
0.494811,0.49591,0.522281,2,0
0.497741,0.493591,0.520571,2,0
0.499817,0.498596,0.523135,2,0
0.503235,0.448419,0.558418,2,0
0.509828,0.482359,0.550116,2,0
0.501526,0.496765,0.531437,2,0
0.501038,0.497497,0.521304,2,0
0.500061,0.487486,0.524112,2,0
0.499695,0.479184,0.532536,2,0
0.498108,0.48358,0.533634,2,0
0.497741,0.490416,0.531071,2,0
0.49823,0.491393,0.531315,2,0
0.499329,0.488707,0.531925,2,0
0.500061,0.487853,0.531559,2,0
0.500427,0.488463,0.530949,2,0
0.500671,0.488829,0.530704,2,0
0.50116,0.488829,0.531193,2,0
0.501892,0.490172,0.531437,2,0
0.502625,0.491881,0.531071,2,0
0.502259,0.493835,0.531315,2,0
0.501038,0.491881,0.531437,2,0
0.500794,0.487853,0.531559,2,0
0.500549,0.486021,0.531437,2,0
0.500671,0.485777,0.531559,2,0
0.500671,0.48712,0.531315,2,0
0.501648,0.489684,0.531559,2,0
0.501892,0.491515,0.531803,2,0
0.502381,0.491027,0.531925,2,0
0.502136,0.489684,0.531071,2,0
0.501282,0.487975,0.530827,2,0
0.500671,0.487608,0.531437,2,0
0.499939,0.48773,0.530827,2,0
0.499939,0.488707,0.531315,2,0
0.499939,0.487975,0.531681,2,0
0.499084,0.487364,0.531681,2,0
0.498474,0.488463,0.531437,2,0
0.498718,0.491881,0.531559,2,0
0.500794,0.493468,0.531681,2,0
0.502625,0.492248,0.531437,2,0
0.503113,0.492126,0.531193,2,0
0.502869,0.49237,0.531071,2,0
0.501404,0.491149,0.531925,2,0
0.500061,0.48651,0.532169,2,0
0.498962,0.492736,0.531193,2,0
0.49884,0.491271,0.531681,2,0
0.499573,0.495422,0.532658,2,0
0.50116,0.494445,0.53339,2,0
0.502259,0.494689,0.533268,2,0
0.502869,0.495422,0.533512,2,0
0.502869,0.495788,0.533757,2,0
0.502747,0.493957,0.532414,2,0
0.502869,0.491759,0.531925,2,0
0.502625,0.490783,0.533512,2,0
0.501038,0.490905,0.533634,2,0
0.499329,0.494811,0.535588,2,0
0.500061,0.489195,0.538884,2,0
0.49823,0.483946,0.53803,2,0
0.500671,0.471859,0.537541,2,0
0.497741,0.467464,0.538762,2,0
0.495788,0.475156,0.536931,2,0
0.493346,0.477842,0.531925,2,0
0.491027,0.476621,0.527774,2,0
0.488829,0.479673,0.521548,2,0
0.486632,0.483824,0.518862,2,0
0.4848,0.485655,0.512758,2,0
0.484556,0.486632,0.509828,2,0
0.485411,0.483335,0.512636,2,0
0.485045,0.485289,0.51056,2,0
0.485167,0.485655,0.508851,2,0
0.483702,0.4848,0.509095,2,0
0.483824,0.482115,0.507997,2,0
0.481504,0.484556,0.507386,2,0
0.480405,0.481138,0.507386,2,0
0.479551,0.481504,0.508241,2,0
0.477475,0.480527,0.505921,2,0
0.475522,0.483213,0.50177,2,0
0.474545,0.480772,0.492248,2,0
0.47601,0.477475,0.48944,2,0
0.476743,0.474423,0.494323,2,0
0.483824,0.472104,0.487853,2,0
0.490172,0.467098,0.49066,2,0
0.494201,0.465877,0.488219,2,0
0.496276,0.462825,0.48944,2,0
0.497986,0.463558,0.490538,2,0
0.499206,0.462459,0.490416,2,0
0.50409,0.461116,0.502381,2,0
0.499206,0.464534,0.509095,2,0
0.494811,0.471249,0.504944,2,0
0.494689,0.459895,0.495056,2,0
0.496765,0.463924,0.512147,2,0
0.49066,0.484556,0.506532,2,0
0.494567,0.473446,0.522769,2,0
0.497986,0.484922,0.523623,2,0
0.495544,0.48358,0.530582,2,0
0.496765,0.482847,0.534123,2,0
0.495788,0.486021,0.529606,2,0
0.497741,0.470516,0.528751,2,0
0.497986,0.460383,0.527408,2,0
0.497619,0.483457,0.519228,2,0
0.493591,0.477964,0.519717,2,0
0.484922,0.474423,0.520083,2,0
0.485167,0.490538,0.51874,2,0
0.478574,0.485655,0.51349,2,0
0.480283,0.483091,0.514467,2,0
0.476743,0.48187,0.508241,2,0
0.477353,0.478574,0.502136,2,0
0.476254,0.481016,0.497131,2,0
0.472836,0.481748,0.491515,2,0
0.478574,0.483824,0.497986,2,0
0.479429,0.477719,0.492858,2,0
0.480283,0.468685,0.494323,2,0
0.479429,0.483335,0.492858,2,0
0.481382,0.472348,0.494323,2,0
0.480405,0.472714,0.494567,2,0
0.480894,0.472836,0.490538,2,0
0.479551,0.470883,0.49066,2,0
0.481748,0.470883,0.489684,2,0
0.481382,0.473324,0.487486,2,0
0.485411,0.471005,0.48651,2,0
0.484922,0.471859,0.484312,2,0
0.487608,0.468441,0.48712,2,0
0.488707,0.470394,0.490905,2,0
0.491027,0.467831,0.497864,2,0
0.49298,0.46954,0.501404,2,0
0.4953,0.466366,0.504578,2,0
0.497497,0.467464,0.502014,2,0
0.499817,0.464168,0.516909,2,1
0.500183,0.469051,0.511049,2,0
0.499084,0.463924,0.51642,2,0
0.500916,0.469418,0.519473,2,0
0.498474,0.475034,0.517153,2,0
0.502014,0.47247,0.518496,2,0
0.499451,0.475888,0.528507,2,0
0.496276,0.488341,0.525577,2,0
0.495422,0.478452,0.5246,2,0
0.49591,0.47601,0.52753,2,0
0.496154,0.480894,0.528507,2,0
0.495422,0.482481,0.52985,2,0
0.494079,0.485411,0.530216,2,0
0.493224,0.485411,0.530216,2,0
0.495056,0.482847,0.530216,2,0
0.494811,0.479551,0.527042,2,0
0.496032,0.476377,0.525211,2,0
0.492492,0.477719,0.523013,2,0
0.491759,0.476254,0.517641,2,0
0.491149,0.470761,0.511781,2,0
0.486876,0.472958,0.502503,2,0
0.488219,0.468319,0.500549,2,0
0.48358,0.471737,0.492858,2,0
0.483457,0.4754,0.489684,2,0
0.479184,0.477842,0.488951,2,0
0.482969,0.470516,0.489562,2,0
0.4848,0.470516,0.498718,2,0
0.487608,0.471127,0.494689,2,0
0.47894,0.471859,0.489928,2,0
0.479062,0.476865,0.487975,2,0
0.479673,0.473446,0.492126,2,0
0.481016,0.477231,0.49237,2,0
0.48065,0.475888,0.494567,2,0
0.48065,0.475522,0.493346,2,0
0.481626,0.476377,0.492614,2,0
0.48126,0.476987,0.491027,2,0
0.48419,0.474911,0.490416,2,0
0.483946,0.472836,0.491759,2,0
0.485411,0.480161,0.483091,2,0
0.486021,0.465999,0.492858,2,0
0.485045,0.47015,0.490783,2,0
0.484922,0.472592,0.491881,2,0
0.485167,0.471615,0.495544,2,0
0.486387,0.47308,0.499451,2,0
0.491271,0.470394,0.499451,2,0
0.494689,0.469784,0.510316,2,0
0.495788,0.470272,0.498352,2,0
0.498962,0.45904,0.506165,2,0
0.496276,0.467098,0.508851,2,1
0.492126,0.472348,0.510805,2,0
0.49237,0.460505,0.509584,2,0
0.490783,0.467831,0.517275,2,0
0.491881,0.475522,0.519228,2,0
0.492492,0.474789,0.522158,2,0
0.491759,0.475766,0.52399,2,0
0.491515,0.480283,0.523623,2,0
0.492003,0.478696,0.523257,2,0
0.492492,0.475766,0.519595,2,0
0.49298,0.474667,0.517641,2,0
0.490416,0.4754,0.514711,2,0
0.492126,0.472836,0.514101,2,0
0.48773,0.47308,0.510682,2,0
0.490416,0.463558,0.507997,2,0
0.486876,0.458918,0.503113,2,0
0.486876,0.469418,0.502869,2,0
0.485655,0.471737,0.500794,2,0
0.484556,0.474423,0.49066,2,0
0.484312,0.475888,0.489562,2,0
0.482725,0.480894,0.484068,2,0
0.484922,0.479307,0.489562,2,0
0.485533,0.476499,0.493835,2,0
0.485289,0.474423,0.49005,2,0
0.482725,0.476743,0.488219,2,0
0.481748,0.478452,0.485777,2,0
0.481748,0.477353,0.487486,2,0
0.483213,0.475644,0.49066,2,0
0.483091,0.47601,0.492003,2,0
0.483091,0.473691,0.491515,2,0
0.482969,0.476377,0.489562,2,0
0.484922,0.476254,0.48712,2,0
0.481016,0.475766,0.485777,2,0
0.484678,0.473691,0.487853,2,0
0.48419,0.472226,0.489806,2,0
0.488707,0.468685,0.49237,2,0
0.489684,0.469906,0.492858,2,0
0.490416,0.467708,0.495666,2,0
0.49298,0.465633,0.499451,2,0
0.495544,0.469173,0.499206,2,0
0.499451,0.46722,0.510072,2,0
0.49884,0.467464,0.514589,2,0
0.497253,0.47247,0.516176,2,0
0.493468,0.471371,0.511537,2,0
0.495544,0.463435,0.523013,2,0
0.493591,0.477475,0.518618,2,0
0.492003,0.474423,0.514223,2,0
0.493835,0.470394,0.520449,2,0
0.492858,0.479062,0.522769,2,0
0.492736,0.474301,0.525577,2,1
0.491149,0.47833,0.525821,2,0
0.489195,0.479917,0.524478,2,0
0.49066,0.477109,0.523623,2,0
0.48944,0.476865,0.521304,2,0
0.490416,0.476254,0.518618,2,0
0.488829,0.474911,0.516543,2,0
0.488585,0.476621,0.513857,2,0
0.488097,0.474789,0.513613,2,0
0.486632,0.476499,0.509095,2,0
0.486265,0.472226,0.508851,2,0
0.483213,0.476499,0.50177,2,0
0.485411,0.472714,0.503357,2,0
0.484678,0.474179,0.494323,2,0
0.484678,0.475522,0.49066,2,0
0.485533,0.472592,0.492248,2,0
0.487608,0.476377,0.489562,2,0
0.487975,0.475522,0.49237,2,0
0.486143,0.475522,0.488585,2,0
0.485899,0.475522,0.490172,2,0
0.483824,0.474667,0.488707,2,0
0.484922,0.47601,0.486998,2,0
0.482603,0.475644,0.485167,2,0
0.484678,0.475278,0.483946,2,0
0.484434,0.476743,0.485777,2,0
0.486143,0.475522,0.483946,2,0
0.484312,0.476865,0.48712,2,0
0.48419,0.477842,0.486876,2,0
0.482847,0.476621,0.485899,2,0
0.482725,0.477475,0.487608,2,0
0.483824,0.477964,0.489928,2,0
0.483457,0.476621,0.491149,2,0
0.484312,0.476865,0.491027,2,0
0.483335,0.476743,0.491271,2,0
0.484556,0.475156,0.491515,2,0
0.483946,0.474789,0.491393,2,0
0.485289,0.470394,0.491515,2,0
0.484678,0.467708,0.491149,2,0
0.485655,0.468441,0.492492,2,0
0.485411,0.470639,0.494811,2,0
0.487853,0.468563,0.499084,2,0
0.490172,0.473202,0.498474,2,0
0.490905,0.473813,0.503479,2,0
0.496887,0.473446,0.502503,2,0
0.496032,0.468807,0.513368,2,0
0.496521,0.473813,0.502381,2,0
0.497986,0.464412,0.512636,2,0
0.499084,0.471005,0.520571,2,1
0.494811,0.470883,0.509095,2,0
0.495422,0.462581,0.514833,2,0
0.493224,0.465877,0.514467,2,0
0.491637,0.466732,0.51056,2,0
0.492126,0.465511,0.512392,2,0
0.491881,0.46954,0.515444,2,0
0.490294,0.473569,0.517886,2,0
0.488341,0.476621,0.518618,2,0
0.489195,0.478818,0.517397,2,0
0.48944,0.476499,0.515322,2,0
0.489562,0.473813,0.512025,2,0
0.489684,0.474911,0.511415,2,0
0.489073,0.478452,0.509584,2,0
0.490416,0.471615,0.505921,2,0
0.488463,0.468075,0.502991,2,0
0.488341,0.468563,0.498718,2,0
0.48712,0.469906,0.494323,2,0
0.48419,0.470272,0.492126,2,0
0.484434,0.473813,0.490172,2,0
0.482969,0.473935,0.487853,2,0
0.48358,0.476987,0.489928,2,0
0.482725,0.47833,0.484678,2,0
0.48358,0.471981,0.490172,2,0
0.482603,0.481748,0.487242,2,0
0.4848,0.475278,0.487975,2,0
0.482603,0.475766,0.490783,2,0
0.482237,0.477597,0.488585,2,0
0.481016,0.476865,0.49066,2,0
0.480772,0.478086,0.487975,2,0
0.479429,0.47894,0.490294,2,0
0.479795,0.477597,0.489318,2,0
0.480405,0.478696,0.488951,2,0
0.481016,0.478208,0.488219,2,0
0.480405,0.476254,0.489562,2,0
0.480283,0.475644,0.490172,2,0
0.481626,0.47308,0.490905,2,0
0.483702,0.469418,0.490783,2,0
0.484068,0.472958,0.488707,2,0
0.486021,0.471127,0.491271,2,0
0.48712,0.474789,0.490783,2,0
0.490783,0.473813,0.496643,2,0
0.492248,0.476132,0.494933,2,0
0.493102,0.467464,0.502991,2,0
0.493957,0.470028,0.495422,2,0
0.492858,0.459773,0.499084,2,0
0.496032,0.469296,0.504578,2,0
0.492736,0.463435,0.504456,2,0
0.494811,0.468441,0.504578,2,0
0.491393,0.467586,0.511415,2,1
0.489195,0.471981,0.510316,2,0
0.489195,0.467953,0.507508,2,0
0.488219,0.468075,0.507264,2,0
0.488585,0.47247,0.509706,2,0
0.487486,0.474789,0.509584,2,0
0.488341,0.477719,0.509217,2,0
0.487608,0.475034,0.511537,2,0
0.48773,0.474423,0.511537,2,0
0.489073,0.476132,0.508851,2,0
0.48651,0.475522,0.507752,2,0
0.49005,0.46954,0.50763,2,0
0.487364,0.473324,0.502136,2,0
0.487242,0.476377,0.500671,2,0
0.487242,0.47308,0.500305,2,0
0.48419,0.475034,0.491759,2,0
0.484312,0.471249,0.494811,2,0
0.481382,0.476377,0.490294,2,0
0.483091,0.473935,0.488097,2,0
0.481016,0.473935,0.485167,2,0
0.483091,0.477353,0.483213,2,0
0.481626,0.47833,0.483335,2,0
0.483457,0.478208,0.483702,2,0
0.482237,0.479673,0.484678,2,0
0.482237,0.480039,0.484434,2,0
0.481138,0.481626,0.483335,2,0
0.481138,0.481138,0.484556,2,0
0.481504,0.48187,0.484678,2,0
0.481138,0.481016,0.486387,2,0
0.48187,0.480039,0.48651,2,0
0.480894,0.479307,0.488219,2,0
0.48065,0.479184,0.489562,2,0
0.480283,0.479917,0.489195,2,0
0.480527,0.478452,0.490905,2,0
0.481992,0.477353,0.487486,2,0
0.481138,0.474179,0.486998,2,0
0.48187,0.472714,0.485289,2,0
0.484068,0.471859,0.485411,2,0
0.4848,0.471615,0.487486,2,0
0.486998,0.472348,0.487853,2,0
0.487975,0.473569,0.493102,2,0
0.488585,0.477231,0.497131,2,0
0.488219,0.478086,0.497375,2,0
0.491027,0.478574,0.504456,2,0
0.491393,0.479429,0.498352,2,0
0.493224,0.463435,0.500061,2,0
0.496398,0.468685,0.495544,2,0
0.4953,0.459407,0.497375,2,0
0.494201,0.461604,0.500916,2,1
0.490294,0.469296,0.510805,2,0
0.488341,0.476621,0.510316,2,0
0.487242,0.4649,0.513246,2,0
0.487853,0.467831,0.513002,2,0
0.486021,0.469784,0.510927,2,0
0.487608,0.471005,0.512147,2,0
0.486387,0.476499,0.512392,2,0
0.487975,0.478574,0.511415,2,0
0.48773,0.478818,0.511415,2,0
0.486387,0.477597,0.508485,2,0
0.487242,0.471737,0.506043,2,0
0.4848,0.473935,0.503235,2,0
0.484678,0.476499,0.500671,2,0
0.48358,0.474667,0.497741,2,0
0.482725,0.469784,0.500549,2,0
0.484922,0.476743,0.498962,2,0
0.486632,0.472592,0.497497,2,0
0.487486,0.469296,0.490294,2,0
0.49066,0.469662,0.489562,2,0
0.489684,0.470761,0.488707,2,0
0.48712,0.476865,0.485655,2,0
0.486632,0.477109,0.488097,2,0
0.48187,0.478818,0.4848,2,0
0.481504,0.480161,0.482847,2,0
0.479307,0.479795,0.483335,2,0
0.479673,0.479917,0.483824,2,0
0.480405,0.47894,0.486632,2,0
0.479795,0.478208,0.487242,2,0
0.480894,0.477475,0.489928,2,0
0.481626,0.476377,0.492492,2,0
0.48187,0.475888,0.491637,2,0
0.481138,0.477109,0.493102,2,0
0.48126,0.476865,0.493835,2,0
0.480405,0.478818,0.491393,2,0
0.482359,0.477719,0.490416,2,0
0.484556,0.474911,0.489562,2,0
0.485411,0.468563,0.490783,2,0
0.484434,0.470394,0.488585,2,0
0.48651,0.468929,0.493957,2,0
0.482725,0.472958,0.488829,2,0
0.4848,0.476743,0.488707,2,0
0.488829,0.472226,0.494445,2,0
0.489684,0.472592,0.491149,2,0
0.493591,0.469784,0.494933,2,0
0.493957,0.467098,0.500183,2,0
0.494445,0.466976,0.505555,2,0
0.494933,0.472714,0.508119,2,0
0.494201,0.467953,0.515078,2,0
0.494201,0.469784,0.508851,2,1
0.493957,0.466488,0.510072,2,0
0.494567,0.471127,0.511293,2,0
0.491637,0.471127,0.511293,2,0
0.491149,0.471859,0.514833,2,0
0.48944,0.472592,0.514467,2,0
0.489073,0.472226,0.513246,2,0
0.490294,0.471005,0.511415,2,0
0.489562,0.473569,0.508607,2,0
0.490905,0.470272,0.507752,2,0
0.489318,0.46954,0.505677,2,0
0.48944,0.469784,0.502747,2,0
0.488707,0.471249,0.499206,2,0
0.485533,0.470761,0.498352,2,0
0.486632,0.470394,0.495788,2,0
0.484434,0.47894,0.495544,2,0
0.487486,0.471737,0.497864,2,0
0.485167,0.469784,0.494201,2,0
0.48773,0.473202,0.493224,2,0
0.486632,0.472592,0.493713,2,0
0.48712,0.471981,0.49066,2,0
0.485167,0.476377,0.487853,2,0
0.484312,0.476254,0.488219,2,0
0.483702,0.477475,0.486021,2,0
0.483213,0.476621,0.487486,2,0
0.483091,0.477231,0.487853,2,0
0.481992,0.474789,0.489562,2,0
0.482481,0.475522,0.48944,2,0
0.481748,0.475522,0.489684,2,0
0.482237,0.475766,0.488707,2,0
0.48187,0.477719,0.491515,2,0
0.48065,0.475034,0.494933,2,0
0.483335,0.470883,0.497497,2,0
0.483824,0.470883,0.494689,2,0
0.485411,0.47015,0.493468,2,0
0.483946,0.470516,0.492003,2,0
0.485045,0.474789,0.489684,2,0
0.488341,0.47015,0.493591,2,0
0.489928,0.472836,0.49005,2,0
0.490905,0.468319,0.497741,2,0
0.490538,0.469173,0.492858,2,0
0.492614,0.465877,0.496276,2,0
0.495178,0.469296,0.502869,2,0
0.497741,0.474667,0.500916,2,0
0.495788,0.465389,0.506165,2,0
0.497986,0.468197,0.505433,2,0
0.496887,0.465145,0.506043,2,0
0.494567,0.474545,0.513979,2,0
0.49237,0.479673,0.516909,2,1
0.492614,0.473813,0.521548,2,0
0.491271,0.475156,0.52399,2,0
0.49066,0.476865,0.522647,2,0
0.491881,0.47308,0.519961,2,0
0.491027,0.472104,0.516787,2,0
0.491515,0.47247,0.514101,2,0
0.490538,0.470883,0.511293,2,0
0.489562,0.472958,0.507142,2,0
0.489684,0.470639,0.508241,2,0
0.488951,0.4754,0.500671,2,0
0.489684,0.468197,0.497375,2,0
0.485045,0.471493,0.492858,2,0
0.486754,0.475278,0.493346,2,0
0.48651,0.468685,0.495788,2,0
0.488463,0.476499,0.493468,2,0
0.48651,0.472958,0.49237,2,0
0.487608,0.475766,0.489684,3,0
0.485777,0.474545,0.490294,3,0
0.484678,0.4754,0.488463,3,0
0.48419,0.473813,0.487975,3,0
0.481016,0.477109,0.484922,3,0
0.48187,0.477231,0.485045,3,0
0.481504,0.478086,0.483457,3,0
0.483824,0.476865,0.488463,3,0
0.483213,0.471127,0.492492,3,0
0.483457,0.474423,0.492248,3,0
0.482725,0.476499,0.492003,3,0
0.48358,0.473813,0.490783,3,0
0.482481,0.470272,0.491637,3,0
0.481016,0.468441,0.492126,3,0
0.477109,0.469051,0.491149,3,0
0.481626,0.472958,0.48944,3,0
0.488585,0.470272,0.490905,3,0
0.491881,0.470272,0.499329,3,0
0.493591,0.477109,0.496643,3,0
0.494079,0.478452,0.491271,3,0
0.498474,0.464168,0.499451,3,0
0.499695,0.470272,0.499206,3,0
0.499084,0.460261,0.501282,3,0
0.500061,0.463069,0.507264,3,0
0.498108,0.473935,0.514711,3,0
0.495666,0.481748,0.520327,3,0
0.493346,0.47894,0.521426,3,0
0.494689,0.47015,0.518984,3,0
0.493224,0.466243,0.520816,3,0
0.492248,0.470516,0.523135,3,0
0.489562,0.476377,0.523013,3,0
0.489195,0.480283,0.520693,3,0
0.489684,0.480161,0.51813,3,0
0.489318,0.476987,0.514101,3,0
0.491393,0.474789,0.511171,3,0
0.491149,0.477109,0.508729,3,0
0.490172,0.481138,0.507752,3,0
0.492858,0.480894,0.507264,3,0
0.492858,0.479429,0.50763,3,0
0.494689,0.476377,0.51056,3,0
0.484068,0.485899,0.511049,3,0
0.484068,0.488463,0.510805,3,0
0.482725,0.48651,0.51056,3,0
0.483335,0.48712,0.519717,3,0
0.492614,0.488463,0.529117,3,0
0.498352,0.487486,0.534367,3,0
0.499084,0.482237,0.532536,3,0
0.500794,0.482359,0.530094,3,0
0.512025,0.44671,0.548163,3,0
0.498108,0.457453,0.559028,3,0
0.494201,0.491759,0.540838,3,0
0.493713,0.494567,0.530827,3,0
0.49591,0.49591,0.52985,3,0
0.500794,0.491881,0.534855,3,0
0.502136,0.488341,0.536687,3,0
0.500916,0.488097,0.530704,3,0
0.500183,0.486021,0.529361,3,0
0.499451,0.487975,0.531437,3,0
0.497864,0.488829,0.532902,3,0
0.495178,0.490783,0.531559,3,0
0.494567,0.490172,0.530338,3,0
0.494689,0.488829,0.532169,3,0
0.494445,0.488463,0.530827,3,0
0.496643,0.487242,0.530827,3,0
0.49884,0.487853,0.530582,3,0
0.500183,0.487608,0.528873,3,0
0.50116,0.486143,0.527164,3,0
0.500916,0.4848,0.525333,3,0
0.50177,0.482847,0.528263,3,0
0.500305,0.485533,0.526676,3,0
0.499084,0.486265,0.526187,3,0
0.498718,0.484678,0.530949,3,0
0.498962,0.485899,0.529484,3,0
0.499939,0.48126,0.529972,3,0
0.500305,0.47894,0.530949,3,0
0.500305,0.479673,0.528507,3,0
0.499695,0.48065,0.528141,3,0
0.497375,0.482969,0.526676,3,0
0.495422,0.481016,0.525333,3,0
0.498108,0.479795,0.527164,3,0
0.498718,0.48358,0.526309,3,0
0.499573,0.483213,0.527652,3,0
0.499939,0.481748,0.528751,3,0
0.499451,0.481748,0.528385,3,0
0.498718,0.482237,0.527774,3,0
0.49823,0.482603,0.52753,3,0
0.49884,0.482603,0.527774,3,0
0.499451,0.482847,0.527896,3,0
0.499695,0.483335,0.52753,3,0
0.49884,0.481016,0.528141,3,0
0.498962,0.48065,0.527042,3,0
0.498718,0.481626,0.527286,3,0
0.49823,0.482237,0.527164,3,0
0.497864,0.481992,0.527286,3,0
0.497986,0.48187,0.527286,3,0
0.498352,0.481992,0.52753,3,0
0.498718,0.482237,0.52753,3,0
0.498596,0.482237,0.527408,3,0
0.498596,0.482115,0.527652,3,0
0.498718,0.481992,0.52753,3,0
0.498718,0.482115,0.527652,3,0
0.498352,0.482603,0.527774,3,0
0.498474,0.482359,0.52753,3,0
0.498596,0.482115,0.527774,3,0
0.498474,0.482359,0.52753,3,0
0.499084,0.482359,0.527286,3,0
0.498352,0.48187,0.527408,3,0
0.497986,0.482237,0.527774,3,0
0.498108,0.482603,0.527652,3,0
0.498352,0.482359,0.527408,3,0
0.49823,0.48187,0.527408,3,0
0.498352,0.481992,0.527042,3,0
0.498474,0.482359,0.527408,3,0
0.498474,0.482603,0.52753,3,0
0.498596,0.482481,0.52753,3,0
0.498596,0.482115,0.527652,3,0
0.498718,0.482481,0.527652,3,0
0.498596,0.482603,0.527408,3,0
0.498474,0.481992,0.527774,3,0
0.49823,0.482115,0.527652,3,0
0.498596,0.482237,0.527408,3,0
0.498474,0.482115,0.52753,3,0
0.498352,0.482359,0.527652,3,0
0.498474,0.482359,0.527774,3,0
0.498108,0.481992,0.527652,3,0
0.497864,0.482725,0.52692,3,0
0.498108,0.482725,0.527408,3,0
0.497619,0.483335,0.526309,3,0
0.498352,0.48187,0.528141,3,0
0.497497,0.483335,0.526554,3,0
0.497619,0.481626,0.529361,3,0
0.499084,0.482847,0.529484,3,0
0.499939,0.482969,0.528263,3,0
0.500183,0.481382,0.528019,3,0
0.500305,0.481382,0.52753,3,0
0.499817,0.482115,0.527042,3,0
0.499939,0.48187,0.527774,3,0
0.500549,0.481626,0.528141,3,0
0.502381,0.481626,0.528263,3,0
0.503113,0.48358,0.527286,3,0
0.503479,0.481504,0.527408,3,0
0.502014,0.482359,0.527408,3,0
0.501038,0.483457,0.529117,3,0
0.500061,0.48419,0.529484,3,0
0.499206,0.4848,0.528751,3,0
0.497864,0.484434,0.528873,3,0
0.497009,0.483457,0.529239,3,0
0.496765,0.482847,0.529117,3,0
0.497375,0.483335,0.528751,3,0
0.498352,0.482847,0.529239,3,0
0.498474,0.481992,0.528995,3,0
0.498962,0.482237,0.529117,3,0
0.49823,0.482969,0.529728,3,0
0.497741,0.48419,0.528385,3,0
0.49823,0.484434,0.526676,3,0
0.498596,0.484922,0.527408,3,0
0.500671,0.487364,0.528141,3,0
0.502869,0.486754,0.530094,3,0
0.50409,0.485045,0.530582,3,0
0.50409,0.48651,0.530704,3,0
0.503113,0.488097,0.53046,3,0
0.503601,0.487853,0.530827,3,0
0.503601,0.487242,0.530704,3,0
0.503724,0.48712,0.530827,3,0
0.503724,0.487242,0.531193,3,0
0.503601,0.488585,0.531315,3,0
0.502869,0.49005,0.531437,3,0
0.501526,0.491515,0.531925,3,0
0.500794,0.492248,0.531803,3,0
0.501282,0.493713,0.533146,3,0
0.501282,0.498474,0.537419,3,0
0.499451,0.497253,0.542058,3,0
0.499573,0.493102,0.547918,3,0
0.501038,0.484434,0.547064,3,0
0.501404,0.475156,0.538762,3,0
0.498108,0.469051,0.531193,3,0
0.498352,0.474179,0.525455,3,0
0.499329,0.469296,0.522769,3,0
0.500549,0.47247,0.521548,3,0
0.500549,0.482725,0.518984,3,0
0.500427,0.484556,0.517641,3,0
0.497375,0.488585,0.517153,3,0
0.490294,0.49005,0.519106,3,0
0.484434,0.489318,0.52167,3,0
0.485167,0.4953,0.525211,3,0
0.490538,0.493224,0.522036,3,0
0.49591,0.478086,0.512392,3,0
0.501038,0.450983,0.510072,3,0
0.500183,0.471981,0.508607,3,0
0.500794,0.47601,0.510194,3,0
0.500427,0.475034,0.508485,3,0
0.500305,0.474545,0.506165,3,0
0.498474,0.473569,0.506287,3,0
0.498962,0.478696,0.507264,3,0
0.494445,0.473446,0.50763,3,0
0.499817,0.468685,0.503479,3,0
0.496887,0.462337,0.501526,3,0
0.499817,0.456599,0.501526,3,0
0.496276,0.449396,0.499329,3,0
0.499817,0.445733,0.503846,3,0
0.499329,0.457942,0.502869,3,0
0.500549,0.463924,0.510438,3,0
0.500183,0.473446,0.516298,3,0
0.49823,0.483213,0.51874,3,0
0.497253,0.48773,0.524234,3,0
0.495666,0.492614,0.524966,3,0
0.495178,0.488829,0.525333,3,0
0.495422,0.494689,0.525211,3,0
0.494811,0.482969,0.524966,3,0
0.496887,0.499939,0.52692,3,0
0.498962,0.500305,0.524478,3,0
0.49823,0.521426,0.522036,3,0
0.498352,0.519717,0.522036,3,0
0.498718,0.522891,0.523013,3,0
0.500183,0.524966,0.521548,3,0
0.500061,0.523868,0.52106,3,0
0.500305,0.524234,0.521914,3,0
0.500061,0.521182,0.522891,3,0
0.501526,0.525333,0.523257,3,0
0.500305,0.526065,0.522281,3,0
0.502014,0.525699,0.524112,3,0
0.502014,0.526065,0.523257,3,0
0.50409,0.523379,0.523501,3,0
0.503357,0.528385,0.52106,3,0
0.504822,0.529972,0.521792,3,0
0.503724,0.531193,0.521548,3,0
0.5047,0.534855,0.52106,3,0
0.503846,0.535832,0.522281,3,0
0.504578,0.535954,0.522158,3,0
0.503357,0.534855,0.521304,3,0
0.503968,0.536076,0.522525,3,0
0.504456,0.537541,0.521426,3,0
0.503601,0.531559,0.519595,3,0
0.504334,0.525699,0.519961,3,0
0.500549,0.515566,0.519839,3,0
0.501282,0.499695,0.523257,3,0
0.49591,0.4953,0.520693,3,0
0.500671,0.49298,0.531071,3,0
0.497131,0.498962,0.523257,3,0
0.499573,0.490294,0.524234,3,0
0.497619,0.487242,0.523623,3,0
0.497864,0.483457,0.517641,3,0
0.499695,0.478208,0.514589,3,0
0.499206,0.480894,0.502014,3,0
0.502136,0.465023,0.494811,3,0
0.493713,0.460505,0.491027,3,0
0.50116,0.463558,0.493346,3,0
0.496521,0.467586,0.487975,3,0
0.499695,0.45904,0.488341,3,0
0.499206,0.46661,0.485289,3,0
0.499817,0.458308,0.486876,3,0
0.500427,0.465877,0.486998,3,0
0.499939,0.460872,0.485655,3,0
0.499817,0.457942,0.489562,3,0
0.500061,0.465633,0.486754,3,0
0.500061,0.460872,0.492736,3,0
0.499329,0.460872,0.494079,3,0
0.500061,0.467098,0.495178,3,0
0.499206,0.462947,0.499939,3,0
0.497864,0.461726,0.502136,3,0
0.500183,0.473691,0.507386,3,0
0.497253,0.475156,0.509462,3,0
0.499451,0.481382,0.514467,3,0
0.496887,0.493468,0.51874,3,0
0.498474,0.497741,0.519473,3,0
0.498352,0.513857,0.522525,3,0
0.497619,0.508851,0.519595,3,0
0.498352,0.514711,0.523501,3,0
0.500305,0.519228,0.522403,3,0
0.499695,0.521792,0.521548,3,0
0.502259,0.526798,0.522281,3,0
0.500671,0.528507,0.522525,3,0
0.502991,0.531925,0.522647,3,0
0.501282,0.532536,0.524112,3,0
0.503601,0.529606,0.523868,3,0
0.502747,0.533634,0.524356,3,0
0.505189,0.536076,0.524356,3,0
0.503846,0.538518,0.522525,3,0
0.5047,0.53278,0.523257,3,0
0.503113,0.525088,0.526065,3,0
0.504334,0.524966,0.527896,3,0
0.500427,0.517397,0.523501,3,0
0.502869,0.508973,0.526187,3,0
0.500183,0.50177,0.528141,3,0
0.502381,0.502503,0.528141,3,0
0.502259,0.507386,0.506654,3,0
0.497741,0.477231,0.500671,3,0
0.499329,0.464656,0.499329,3,0
0.496398,0.464656,0.496521,3,0
0.499573,0.472348,0.492003,3,0
0.497375,0.468929,0.487853,3,0
0.498352,0.467586,0.487853,3,0
0.498474,0.470028,0.484556,3,0
0.499939,0.469784,0.483091,3,0
0.499329,0.470761,0.481626,3,0
0.500061,0.467831,0.481504,3,0
0.500305,0.469906,0.481992,3,0
0.500061,0.467586,0.48065,3,0
0.500305,0.466366,0.482969,3,0
0.500061,0.46722,0.480527,3,0
0.50116,0.463313,0.485533,3,0
0.499206,0.45782,0.48773,3,0
0.500183,0.467342,0.488585,3,0
0.500427,0.4754,0.496398,3,0
0.497741,0.466366,0.496032,3,0
0.498352,0.457209,0.50409,3,0
0.497375,0.469418,0.503724,3,0
0.498962,0.467342,0.511659,3,0
0.497497,0.47833,0.511903,3,0
0.497986,0.478086,0.516665,3,0
0.498962,0.494689,0.520816,3,0
0.496276,0.497009,0.517397,3,0
0.500183,0.517519,0.523501,3,0
0.497741,0.515566,0.518984,3,0
0.500061,0.519106,0.522769,3,0
0.500183,0.532414,0.52167,3,0
0.499939,0.517763,0.519351,3,0
0.502381,0.530216,0.521914,3,0
0.500305,0.533268,0.518252,3,0
0.503113,0.529606,0.519839,3,0
0.502259,0.534001,0.519595,3,1
0.504212,0.532047,0.520205,3,0
0.503601,0.534001,0.52106,3,0
0.504334,0.531559,0.522647,3,0
0.503113,0.531925,0.522891,3,0
0.503235,0.536687,0.523013,3,0
0.501526,0.531315,0.523746,3,0
0.502869,0.530216,0.527164,3,0
0.501282,0.523135,0.525211,3,0
0.502136,0.51874,0.526065,3,0
0.500794,0.511049,0.520816,3,0
0.497741,0.500671,0.519839,3,0
0.499939,0.496154,0.521304,3,0
0.493835,0.49005,0.516054,3,0
0.498108,0.48187,0.516665,3,0
0.492614,0.480894,0.507997,3,0
0.497619,0.468685,0.507752,3,0
0.494201,0.471127,0.498718,3,0
0.501404,0.467586,0.500671,3,0
0.496643,0.475644,0.485655,3,0
0.496276,0.462581,0.48944,3,0
0.499206,0.472714,0.484434,3,0
0.4953,0.464656,0.482481,3,0
0.49884,0.467953,0.483702,3,0
0.498718,0.465755,0.478696,3,0
0.499084,0.460994,0.481016,3,0
0.499573,0.461238,0.482115,3,0
0.499084,0.460994,0.48358,3,0
0.500183,0.465511,0.485411,3,0
0.49823,0.460628,0.487486,3,0
0.500061,0.460872,0.494445,3,0
0.497986,0.4649,0.497619,3,0
0.497253,0.46368,0.501648,3,0
0.499329,0.465999,0.501404,3,0
0.499084,0.474179,0.508973,3,0
0.500549,0.489073,0.510682,3,0
0.498718,0.496276,0.512758,3,0
0.503846,0.511903,0.522281,3,0
0.499817,0.511049,0.522403,3,0
0.500671,0.515566,0.520938,3,0
0.49884,0.519228,0.519595,3,0
0.49884,0.521914,0.522036,3,0
0.499206,0.528019,0.521914,3,0
0.5047,0.530704,0.524234,3,0
0.503846,0.534245,0.523379,3,0
0.506776,0.536198,0.523257,3,0
0.5047,0.534733,0.523501,3,0
0.504944,0.53339,0.524966,3,0
0.503235,0.532169,0.524234,3,0
0.502991,0.532414,0.524356,3,1
0.503479,0.529728,0.525333,3,0
0.502381,0.527042,0.525455,3,0
0.504944,0.525699,0.524844,3,0
0.500427,0.510438,0.522891,3,0
0.50177,0.506898,0.522525,3,0
0.497864,0.503968,0.522769,3,0
0.500916,0.493713,0.523257,3,0
0.497497,0.489318,0.515566,3,0
0.499817,0.477231,0.510927,3,0
0.497253,0.46954,0.502259,3,0
0.495178,0.461604,0.500427,3,0
0.499206,0.474789,0.500305,3,0
0.496765,0.468807,0.492736,3,0
0.500671,0.473569,0.493468,3,0
0.496887,0.478086,0.48651,3,0
0.500061,0.469784,0.485777,3,0
0.496643,0.467708,0.48651,3,0
0.50409,0.460872,0.48651,3,0
0.499206,0.46075,0.48419,3,0
0.500671,0.454767,0.486021,3,0
0.501526,0.455988,0.48944,3,0
0.504334,0.455744,0.489684,3,0
0.504456,0.458064,0.492858,3,0
0.50116,0.456965,0.494933,3,0
0.501404,0.465999,0.497253,3,0
0.499817,0.465999,0.498108,3,0
0.501526,0.457331,0.503235,3,0
0.499817,0.469784,0.499939,3,0
0.501282,0.483702,0.509095,3,0
0.501526,0.496521,0.516176,3,0
0.501526,0.51056,0.517519,3,0
0.50177,0.512392,0.520816,3,0
0.501282,0.519351,0.520571,3,0
0.500183,0.517763,0.521792,3,0
0.50177,0.51813,0.522036,3,0
0.500916,0.520449,0.520693,3,0
0.503357,0.525455,0.518984,3,0
0.501648,0.531437,0.51874,3,0
0.506409,0.531803,0.522891,3,0
0.50409,0.535954,0.523746,3,0
0.506409,0.53632,0.525455,3,0
0.503846,0.534367,0.523623,3,0
0.504822,0.5351,0.525211,3,0
0.502869,0.530827,0.524844,3,0
0.503968,0.526554,0.525699,3,0
0.502869,0.516054,0.528507,3,0
0.502747,0.515322,0.52692,3,0
0.505189,0.514955,0.525088,3,1
0.497009,0.501892,0.518984,3,0
0.503357,0.496154,0.522525,3,0
0.492858,0.482115,0.503724,3,0
0.497253,0.46075,0.510438,3,0
0.494933,0.466976,0.499084,3,0
0.495422,0.464534,0.49884,3,0
0.499939,0.477597,0.49591,3,0
0.493468,0.471737,0.490783,3,0
0.497253,0.474789,0.491027,3,0
0.4953,0.475278,0.488951,3,0
0.497497,0.468563,0.487608,3,0
0.499939,0.474423,0.487853,3,0
0.499206,0.465389,0.485533,3,0
0.500061,0.466732,0.489195,3,0
0.499329,0.467708,0.485899,3,0
0.499451,0.458796,0.488097,3,0
0.499695,0.462947,0.489195,3,0
0.500061,0.460261,0.487975,3,0
0.499939,0.453424,0.494323,3,0
0.500183,0.4649,0.492858,3,0
0.499084,0.462337,0.499451,3,0
0.498352,0.460628,0.501648,3,0
0.498474,0.462581,0.504212,3,0
0.496887,0.463435,0.508119,3,0
0.497009,0.480161,0.509828,3,0
0.495666,0.479673,0.518984,3,0
0.496032,0.49005,0.516054,3,0
0.498352,0.497619,0.524966,3,0
0.498108,0.500183,0.521914,3,0
0.497864,0.50409,0.521548,3,0
0.500549,0.513246,0.520449,3,0
0.499451,0.515444,0.51874,3,0
0.501892,0.52753,0.519228,3,0
0.501526,0.528141,0.520205,3,0
0.502747,0.527652,0.524844,3,0
0.497864,0.523135,0.522769,3,0
0.498352,0.530338,0.527164,3,0
0.499206,0.527652,0.525943,3,0
0.500671,0.526676,0.525699,3,0
0.502869,0.530094,0.526309,3,0
0.502991,0.527164,0.526676,3,0
0.502991,0.531193,0.528507,3,0
0.501648,0.523868,0.527652,3,0
0.500061,0.514589,0.531803,3,0
0.499451,0.509706,0.531193,3,0
0.496276,0.508363,0.526676,3,0
0.499817,0.502625,0.531315,3,0
0.497986,0.497986,0.524112,3,0
0.497619,0.486265,0.521304,3,1
0.496276,0.485289,0.511049,3,0
0.494201,0.472592,0.507264,3,0
0.496765,0.469173,0.507752,3,0
0.4953,0.471249,0.498108,3,0
0.497375,0.465877,0.49823,3,0
0.4953,0.471493,0.494567,3,0
0.49823,0.466976,0.49298,3,0
0.49823,0.469051,0.492248,3,0
0.498474,0.466854,0.489318,3,0
0.499084,0.465877,0.49005,3,0
0.499084,0.467464,0.487608,3,0
0.499451,0.46368,0.48773,3,0
0.499573,0.463558,0.488585,3,0
0.499084,0.462947,0.486754,3,0
0.499206,0.460872,0.49066,3,0
0.49823,0.45611,0.490905,3,0
0.500305,0.462825,0.494079,3,0
0.497741,0.464168,0.493591,3,0
0.499451,0.450617,0.502014,3,0
0.497375,0.460505,0.49884,3,0
0.499329,0.459407,0.503601,3,0
0.500671,0.478818,0.501526,3,0
0.49884,0.494445,0.502747,3,0
0.499695,0.517641,0.514467,3,0
0.500305,0.523501,0.515444,3,0
0.50177,0.524478,0.520083,3,0
0.501038,0.523013,0.52167,3,0
0.500305,0.52167,0.520938,3,0
0.500183,0.528141,0.51874,3,0
0.502747,0.526187,0.519839,3,0
0.5047,0.536687,0.516054,3,0
0.502869,0.542058,0.514223,3,0
0.506532,0.526554,0.519351,3,0
0.505677,0.537175,0.518008,3,0
0.505555,0.529361,0.517886,3,0
0.506165,0.532658,0.519961,3,0
0.505555,0.532169,0.51874,3,0
0.503235,0.534855,0.519351,3,0
0.50409,0.53803,0.51874,3,0
0.50116,0.524234,0.520693,3,0
0.504578,0.526431,0.522891,3,0
0.503113,0.531315,0.517641,3,0
0.501892,0.522525,0.517275,3,0
0.502381,0.518008,0.522036,3,0
0.49884,0.513124,0.519228,3,0
0.502136,0.502136,0.524234,3,0
0.498108,0.50177,0.514711,3,0
0.498352,0.47894,0.517275,3,1
0.500916,0.479917,0.50995,3,0
0.495666,0.461604,0.503479,3,0
0.500671,0.469296,0.502991,3,0
0.497131,0.464168,0.495422,3,0
0.500671,0.466243,0.496765,3,0
0.498474,0.465023,0.492736,3,0
0.500183,0.463435,0.491881,3,0
0.498596,0.460994,0.491393,3,0
0.499206,0.457209,0.491271,3,0
0.500061,0.463802,0.493591,3,0
0.501526,0.458552,0.493224,3,0
0.502869,0.450983,0.497986,3,0
0.501892,0.465633,0.499329,3,0
0.501526,0.46197,0.508973,3,0
0.500183,0.460994,0.514833,3,0
0.500794,0.464534,0.513002,3,0
0.500305,0.469173,0.515444,3,0
0.500549,0.488219,0.510316,3,0
0.499206,0.502991,0.514711,3,0
0.49823,0.508729,0.514467,3,0
0.499817,0.508729,0.514955,3,0
0.503357,0.530582,0.514833,3,0
0.501038,0.532047,0.517763,3,0
0.503724,0.529117,0.523746,3,0
0.50116,0.519106,0.522036,3,0
0.503601,0.527774,0.520327,3,0
0.502381,0.526431,0.518008,3,0
0.502259,0.530582,0.520693,3,0
0.504822,0.535466,0.519839,3,0
0.503113,0.533879,0.520449,3,0
0.506165,0.534855,0.522769,3,0
0.504944,0.535466,0.521914,3,0
0.505311,0.527286,0.52399,3,0
0.504456,0.532536,0.523013,3,0
0.503724,0.533879,0.521304,3,0
0.50409,0.532169,0.522891,3,0
0.502747,0.525577,0.5246,3,0
0.502381,0.521182,0.525455,3,0
0.500916,0.519228,0.522769,3,0
0.500549,0.503479,0.522891,3,0
0.49823,0.497009,0.52167,3,0
0.498962,0.489073,0.523135,3,0
0.498962,0.481382,0.523746,3,0
0.496521,0.48712,0.518374,3,0
0.499329,0.474667,0.523013,3,0
0.497375,0.479795,0.515688,3,0
0.49823,0.474179,0.514467,3,0
0.498962,0.471371,0.51227,3,1
0.497741,0.475034,0.50702,3,0
0.500061,0.465755,0.507997,3,0
0.497741,0.466243,0.500794,3,0
0.500183,0.459163,0.502869,3,0
0.498962,0.460872,0.500549,3,0
0.50116,0.456355,0.500427,3,0
0.500427,0.451471,0.500305,3,0
0.502259,0.452326,0.502014,3,0
0.502991,0.454523,0.505433,3,0
0.501526,0.463435,0.510805,3,0
0.503235,0.479551,0.520449,3,0
0.500183,0.484312,0.522036,3,0
0.501282,0.497253,0.528019,3,0
0.499695,0.505677,0.528751,3,0
0.500305,0.501526,0.534001,3,0
0.501648,0.509584,0.533146,3,0
0.501526,0.503846,0.531315,3,0
0.504578,0.508851,0.530704,3,0
0.502747,0.506043,0.526065,3,0
0.505555,0.513246,0.52167,3,0
0.502625,0.522281,0.513735,3,0
0.499573,0.52399,0.511781,3,0
0.501282,0.529728,0.510194,3,0
0.501892,0.531925,0.512514,3,0
0.506532,0.531559,0.514345,3,0
0.505921,0.533879,0.514955,3,0
0.508851,0.534611,0.516909,3,0
0.508363,0.532536,0.515932,3,0
0.508119,0.537419,0.516543,3,0
0.507386,0.536931,0.518252,3,0
0.506532,0.537297,0.519473,3,0
0.506654,0.538152,0.518862,3,0
0.505189,0.533024,0.521304,3,0
0.50702,0.526187,0.525821,3,0
0.503601,0.520327,0.525455,3,0
0.505677,0.517641,0.528629,3,0
0.498596,0.511781,0.521182,3,0
0.499573,0.507997,0.524112,3,0
0.497009,0.500183,0.52106,3,0
0.493102,0.489684,0.524112,3,0
0.495788,0.488219,0.5246,3,0
0.493224,0.485899,0.518862,3,0
0.495788,0.480039,0.521548,3,0
0.495178,0.483457,0.51349,3,0
0.494567,0.474789,0.509584,3,0
0.496276,0.470028,0.50763,3,0
0.496398,0.467342,0.49884,3,0
0.497009,0.457453,0.499329,3,1
0.495666,0.459285,0.492858,3,0
0.497131,0.459773,0.493957,3,0
0.497497,0.465633,0.492858,3,0
0.496887,0.460261,0.490538,3,0
0.497253,0.464656,0.492614,3,0
0.496643,0.467953,0.489684,3,0
0.496032,0.46075,0.490538,3,0
0.496154,0.461116,0.493224,3,0
0.495544,0.459163,0.496276,3,0
0.496765,0.469051,0.497253,3,0
0.497131,0.478086,0.506532,3,0
0.495544,0.475522,0.508973,3,0
0.494811,0.468441,0.511781,3,0
0.493957,0.484068,0.514467,3,0
0.496276,0.469784,0.524966,3,0
0.495422,0.472836,0.52106,3,0
0.495422,0.49237,0.524234,3,0
0.497131,0.496521,0.524966,3,0
0.496765,0.497864,0.524356,3,0
0.497253,0.513613,0.523868,3,0
0.501648,0.506043,0.523623,3,0
0.50116,0.535222,0.515322,3,0
0.501892,0.523868,0.520449,3,0
0.503601,0.53046,0.520205,3,0
0.501526,0.537663,0.517031,3,0
0.503601,0.533024,0.517397,3,0
0.503479,0.537419,0.517275,3,0
0.504456,0.534855,0.517275,3,0
0.503479,0.531437,0.517031,3,0
0.5047,0.535588,0.517397,3,0
0.5047,0.537419,0.517886,3,0
0.503357,0.528507,0.522403,3,0
0.503357,0.525577,0.523746,3,0
0.499084,0.515078,0.523135,3,0
0.501648,0.50763,0.53046,3,0
0.496887,0.502136,0.523501,3,0
0.497986,0.488219,0.530338,3,0
0.499206,0.489806,0.532169,3,0
0.497009,0.497986,0.523746,3,0
0.498474,0.479062,0.529239,3,0
0.496765,0.491027,0.523013,3,0
0.496154,0.485411,0.520205,3,0
0.497619,0.475278,0.518984,3,0
0.495422,0.478574,0.511659,3,0
0.497741,0.469173,0.511537,3,0
0.494323,0.46661,0.508485,3,0
0.496643,0.468075,0.504578,3,0
0.497253,0.466854,0.505921,3,1
0.49591,0.466488,0.502991,3,0
0.496398,0.463558,0.502014,3,0
0.497375,0.463558,0.499939,3,0
0.497864,0.460139,0.501038,3,0
0.496765,0.454401,0.500183,3,0
0.497497,0.452814,0.502136,3,0
0.499084,0.466732,0.505311,3,0
0.498718,0.466121,0.511903,3,0
0.499573,0.469784,0.51813,3,0
0.498718,0.477719,0.522403,3,0
0.498596,0.483824,0.526676,3,0
0.498108,0.489073,0.528141,3,0
0.498474,0.49591,0.52753,3,0
0.497986,0.489684,0.531071,3,0
0.49884,0.498718,0.528873,3,0
0.498474,0.493102,0.530827,4,0
0.500061,0.509095,0.524844,4,0
0.49884,0.515322,0.525333,4,0
0.500305,0.510438,0.524234,4,0
0.500916,0.523013,0.524478,4,0
0.502503,0.520327,0.523379,4,0
0.501526,0.52167,0.522525,4,0
0.502259,0.524478,0.522647,4,0
0.503846,0.523746,0.520816,4,0
0.502259,0.521792,0.519595,4,0
0.504456,0.519595,0.520205,4,0
0.502625,0.519473,0.521304,4,0
0.503724,0.518008,0.521548,4,0
0.499939,0.513124,0.522769,4,0
0.50177,0.51056,0.526431,4,0
0.500671,0.511781,0.527042,4,0
0.501282,0.503968,0.527896,4,0
0.507508,0.506898,0.533268,4,0
0.501648,0.491271,0.532902,4,0
0.505311,0.501404,0.536442,4,0
0.501892,0.488097,0.536442,4,0
0.503846,0.497741,0.538396,4,0
0.505189,0.491515,0.535588,4,0
0.499084,0.487608,0.531559,4,0
0.497864,0.487853,0.551459,4,0
0.493835,0.47894,0.547918,4,0
0.491149,0.49005,0.531437,4,0
0.491149,0.485167,0.527408,4,0
0.491393,0.485045,0.530094,4,0
0.492126,0.487364,0.531437,4,0
0.494201,0.491271,0.530949,4,0
0.49591,0.489806,0.530582,4,0
0.49591,0.488341,0.530704,4,0
0.495422,0.48712,0.531071,4,0
0.495666,0.487486,0.530949,4,0
0.495788,0.48712,0.529484,4,0
0.496032,0.485899,0.529117,4,0
0.49823,0.483335,0.530094,4,0
0.499817,0.483091,0.528141,4,0
0.500183,0.480772,0.528385,4,0
0.500183,0.479429,0.527774,4,0
0.499206,0.479184,0.525699,4,0
0.49823,0.481138,0.527164,4,0
0.497986,0.481748,0.527652,4,0
0.497131,0.481626,0.526798,4,0
0.497131,0.480039,0.527286,4,0
0.497253,0.480772,0.527042,4,0
0.497619,0.480894,0.527286,4,0
0.497497,0.480772,0.527652,4,0
0.497497,0.480772,0.527408,4,0
0.497864,0.482725,0.527408,4,0
0.497864,0.483335,0.52753,4,0
0.497864,0.483213,0.527896,4,0
0.497986,0.482359,0.527042,4,0
0.497741,0.480527,0.525821,4,0
0.497375,0.479673,0.526309,4,0
0.497986,0.479551,0.526431,4,0
0.497497,0.480161,0.525455,4,0
0.497375,0.479917,0.525699,4,0
0.497375,0.48065,0.526431,4,0
0.496765,0.481626,0.526431,4,0
0.496154,0.48065,0.526309,4,0
0.495788,0.480039,0.525333,4,0
0.496765,0.479673,0.526065,4,0
0.497497,0.479551,0.525821,4,0
0.497619,0.480161,0.525699,4,0
0.497497,0.480283,0.525455,4,0
0.497131,0.480161,0.525821,4,0
0.497131,0.480772,0.525943,4,0
0.496887,0.480772,0.525821,4,0
0.496521,0.481382,0.525577,4,0
0.497009,0.481626,0.525455,4,0
0.499573,0.481626,0.526676,4,0
0.499084,0.480527,0.526187,4,0
0.497131,0.479307,0.527652,4,0
0.497619,0.479917,0.52753,4,0
0.499329,0.480283,0.527164,4,0
0.500671,0.48065,0.526798,4,0
0.501404,0.481626,0.526554,4,0
0.501404,0.481748,0.527408,4,0
0.500061,0.482115,0.527774,4,0
0.499084,0.481382,0.528385,4,0
0.499329,0.48126,0.528507,4,0
0.500061,0.481382,0.527408,4,0
0.500061,0.48187,0.527164,4,0
0.499817,0.48126,0.528141,4,0
0.499451,0.482481,0.528995,4,0
0.497009,0.482481,0.529484,4,0
0.496276,0.481992,0.528629,4,0
0.496765,0.482969,0.52753,4,0
0.49823,0.482725,0.527164,4,0
0.499451,0.483457,0.52753,4,0
0.500183,0.483457,0.527774,4,0
0.500671,0.484312,0.527774,4,0
0.500794,0.484678,0.527896,4,0
0.500427,0.4848,0.528629,4,0
0.500183,0.483702,0.530216,4,0
0.499329,0.483335,0.53046,4,0
0.497741,0.486143,0.528263,4,0
0.498352,0.486998,0.529117,4,0
0.499206,0.487242,0.530582,4,0
0.499206,0.485655,0.53046,4,0
0.499817,0.484312,0.530094,4,0
0.500549,0.482725,0.530704,4,0
0.500183,0.484678,0.529361,4,0
0.501038,0.487608,0.530094,4,0
0.501648,0.488585,0.530582,4,0
0.501526,0.490905,0.527286,4,0
0.499939,0.491271,0.528019,4,0
0.500427,0.49298,0.52985,4,0
0.500183,0.495422,0.52985,4,0
0.500061,0.495178,0.534977,4,0
0.502625,0.489684,0.53803,4,0
0.503357,0.490538,0.532292,4,0
0.503724,0.489318,0.530827,4,0
0.506287,0.485655,0.53278,4,0
0.505311,0.487853,0.53046,4,0
0.504456,0.489562,0.531437,4,0
0.504822,0.488829,0.532047,4,0
0.5047,0.490416,0.530827,4,0
0.505677,0.490538,0.531437,4,0
0.506532,0.491515,0.531071,4,0
0.506287,0.490905,0.531315,4,0
0.506898,0.489073,0.532292,4,0
0.506776,0.490416,0.531437,4,0
0.506654,0.491149,0.531315,4,0
0.505799,0.492126,0.530704,4,0
0.505433,0.490905,0.532414,4,0
0.505921,0.491881,0.532047,4,0
0.505799,0.493102,0.531437,4,0
0.506165,0.492126,0.532169,4,0
0.505921,0.491271,0.532169,4,0
0.505677,0.490905,0.531559,4,0
0.505677,0.489195,0.532047,4,0
0.505799,0.487608,0.531437,4,0
0.505799,0.488097,0.530949,4,0
0.506165,0.488097,0.530338,4,0
0.506532,0.487608,0.52985,4,0
0.506532,0.487608,0.530094,4,0
0.506409,0.487975,0.530338,4,0
0.505921,0.488341,0.530094,4,0
0.505433,0.487975,0.530338,4,0
0.505555,0.48773,0.530338,4,0
0.505433,0.48773,0.530582,4,0
0.505067,0.487364,0.531193,4,0
0.504822,0.48773,0.531315,4,0
0.505555,0.487975,0.531681,4,0
0.505677,0.489562,0.530949,4,0
0.506532,0.489806,0.531559,4,0
0.506898,0.490538,0.531193,4,0
0.506898,0.491271,0.530949,4,0
0.506409,0.491027,0.531315,4,0
0.506165,0.491271,0.531437,4,0
0.506409,0.49066,0.531559,4,0
0.506043,0.490905,0.531559,4,0
0.506409,0.489928,0.532169,4,0
0.506776,0.489928,0.531559,4,0
0.506776,0.489318,0.531071,4,0
0.506654,0.488463,0.530582,4,0
0.505921,0.488951,0.529728,4,0
0.506043,0.488219,0.530949,4,0
0.506532,0.487975,0.531315,4,0
0.506287,0.488219,0.530582,4,0
0.506287,0.48773,0.53046,4,0
0.506043,0.487608,0.530704,4,0
0.506043,0.487364,0.530949,4,0
0.506532,0.487853,0.531071,4,0
0.506287,0.488463,0.530949,4,0
0.505677,0.489318,0.530338,4,0
0.505921,0.489318,0.531559,4,0
0.506043,0.490416,0.531925,4,0
0.505189,0.492248,0.531315,4,0
0.505067,0.492126,0.531681,4,0
0.505433,0.491149,0.532292,4,0
0.506654,0.49005,0.532414,4,0
0.506654,0.490538,0.531559,4,0
0.507264,0.490538,0.531437,4,0
0.507386,0.490294,0.530949,4,0
0.506776,0.489806,0.530704,4,0
0.506287,0.488463,0.531315,4,0
0.505677,0.488707,0.531681,4,0
0.504212,0.489928,0.532292,4,0
0.503113,0.491027,0.532658,4,0
0.50409,0.490416,0.532536,4,0
0.507508,0.489318,0.532902,4,0
0.505921,0.49237,0.535466,4,0
0.506287,0.488219,0.5351,4,0
0.503968,0.491637,0.535466,4,0
0.504822,0.489562,0.535466,4,0
0.505677,0.490172,0.534855,4,0
0.506654,0.489073,0.533268,4,0
0.506898,0.49237,0.530949,4,0
0.506409,0.492736,0.528873,4,0
0.506043,0.493591,0.526676,4,0
0.504334,0.495544,0.528507,4,0
0.505189,0.496398,0.528141,4,0
0.504212,0.496032,0.529361,4,0
0.505555,0.496032,0.530949,4,0
0.504578,0.496032,0.530582,4,0
0.504578,0.496398,0.532658,4,0
0.504334,0.498108,0.539861,4,0
0.503601,0.496521,0.549383,4,0
0.506776,0.501038,0.553656,4,0
0.507997,0.497253,0.550971,4,0
0.510316,0.496765,0.549261,4,0
0.510438,0.491881,0.543523,4,0
0.509095,0.490538,0.543523,4,0
0.507508,0.494201,0.541204,4,0
0.502869,0.494323,0.541936,4,0
0.507997,0.493468,0.540838,4,0
0.5047,0.490294,0.53632,4,0
0.507508,0.499084,0.5351,4,0
0.500305,0.503601,0.530338,4,0
0.501648,0.497986,0.534245,4,0
0.498718,0.500183,0.530338,4,0
0.498474,0.507142,0.526676,4,0
0.494567,0.500427,0.523379,4,0
0.494201,0.493957,0.520693,4,0
0.490905,0.496032,0.518984,4,0
0.491149,0.500916,0.513246,4,0
0.488341,0.502869,0.50763,4,0
0.481382,0.508119,0.500916,4,0
0.479429,0.500183,0.499695,4,0
0.476743,0.504944,0.495788,4,0
0.478452,0.504578,0.504578,4,0
0.478208,0.511659,0.501648,4,1
0.482603,0.504822,0.49884,4,0
0.478208,0.49884,0.501038,4,0
0.486021,0.496887,0.505677,4,0
0.484312,0.501038,0.509217,4,0
0.492126,0.494933,0.513735,4,0
0.491637,0.503113,0.52106,4,0
0.499084,0.492126,0.52399,4,0
0.502869,0.49823,0.533757,4,0
0.501404,0.492736,0.536442,4,0
0.50995,0.494201,0.543279,4,0
0.50409,0.494689,0.550971,4,0
0.509217,0.494567,0.554267,4,0
0.507997,0.496398,0.562569,4,0
0.510194,0.501282,0.553534,4,0
0.51056,0.503113,0.560249,4,0
0.509828,0.503724,0.551703,4,0
0.512392,0.503724,0.55329,4,0
0.51227,0.505311,0.551703,4,0
0.513368,0.506287,0.547918,4,0
0.509217,0.507142,0.54743,4,0
0.511781,0.502869,0.547064,4,0
0.50934,0.500671,0.541936,4,0
0.508729,0.497864,0.540838,4,0
0.504944,0.497253,0.537175,4,0
0.50409,0.494445,0.5351,4,0
0.501404,0.495056,0.531559,4,0
0.499451,0.496032,0.53046,4,0
0.49823,0.497497,0.528873,4,0
0.494445,0.499084,0.5246,4,0
0.492492,0.498352,0.525333,4,0
0.490416,0.499451,0.523013,4,0
0.487242,0.499939,0.523501,4,0
0.488951,0.501892,0.522281,4,0
0.4848,0.502503,0.519961,4,0
0.485655,0.500671,0.517397,4,0
0.484434,0.5047,0.515932,4,0
0.484068,0.500061,0.512636,4,0
0.482237,0.500061,0.511659,4,0
0.47894,0.501648,0.50763,4,0
0.480772,0.503601,0.505921,4,0
0.477231,0.50702,0.507386,4,0
0.480527,0.504334,0.507874,4,0
0.477719,0.507386,0.506654,4,0
0.480039,0.502503,0.510194,4,0
0.487608,0.501404,0.507142,4,0
0.484922,0.500305,0.508607,4,0
0.497986,0.494811,0.511049,4,0
0.488341,0.497131,0.520816,4,1
0.497741,0.49066,0.519473,4,0
0.493346,0.498474,0.532047,4,0
0.501404,0.488219,0.532169,4,0
0.503235,0.507264,0.548651,4,0
0.505433,0.506043,0.544256,4,0
0.512514,0.512392,0.557685,4,0
0.512514,0.505433,0.558418,4,0
0.513246,0.51227,0.559761,4,0
0.513368,0.509095,0.555366,4,0
0.51288,0.505799,0.559883,4,0
0.512514,0.507997,0.555488,4,0
0.511049,0.506287,0.551093,4,0
0.51056,0.502136,0.547918,4,0
0.509095,0.501648,0.545721,4,0
0.507997,0.498108,0.540471,4,0
0.506287,0.493468,0.539006,4,0
0.505921,0.495788,0.537785,4,0
0.501892,0.494201,0.532536,4,0
0.500671,0.489928,0.534489,4,0
0.494933,0.494567,0.532414,4,0
0.493468,0.492126,0.531681,4,0
0.491271,0.50177,0.532047,4,0
0.492126,0.502869,0.53046,4,0
0.493468,0.499817,0.528385,4,0
0.492126,0.501526,0.524356,4,0
0.492736,0.499817,0.522403,4,0
0.493346,0.503846,0.517031,4,0
0.485899,0.500549,0.512147,4,0
0.488097,0.502014,0.512147,4,0
0.483824,0.503968,0.50702,4,0
0.48126,0.508363,0.500427,4,0
0.478086,0.50995,0.497619,4,0
0.474423,0.508363,0.496398,4,0
0.48065,0.508363,0.503601,4,0
0.476499,0.508119,0.506532,4,0
0.481016,0.501892,0.506532,4,0
0.477842,0.506898,0.502014,4,0
0.482725,0.500549,0.506898,4,0
0.484556,0.507874,0.509828,4,0
0.487853,0.496398,0.511537,4,0
0.499817,0.500549,0.520816,4,0
0.489684,0.493224,0.525333,4,0
0.503113,0.488219,0.533512,4,0
0.492492,0.496154,0.535954,4,0
0.505433,0.485533,0.539739,4,0
0.511049,0.497864,0.551215,4,0
0.507752,0.487608,0.546209,4,0
0.516543,0.49298,0.551581,4,0
0.508485,0.498108,0.554389,4,1
0.513246,0.495544,0.551215,4,0
0.510194,0.501038,0.554389,4,0
0.511781,0.497497,0.548895,4,0
0.509462,0.505921,0.549261,4,0
0.512025,0.498352,0.544256,4,0
0.510438,0.496765,0.546087,4,0
0.511049,0.495666,0.540593,4,0
0.507997,0.499695,0.540838,4,0
0.508607,0.500794,0.542547,4,0
0.506654,0.493713,0.542058,4,0
0.505799,0.498962,0.54096,4,0
0.501892,0.494079,0.539128,4,0
0.502381,0.499084,0.542547,4,0
0.500183,0.497986,0.535344,4,0
0.49884,0.493957,0.53803,4,0
0.499329,0.495422,0.533757,4,0
0.495544,0.492614,0.529117,4,0
0.497375,0.495666,0.526676,4,0
0.492614,0.494323,0.523257,4,0
0.493224,0.494933,0.524478,4,0
0.490538,0.498108,0.520449,4,0
0.48773,0.49823,0.519106,4,0
0.48773,0.500183,0.516787,4,0
0.484068,0.498962,0.511171,4,0
0.484678,0.499573,0.508607,4,0
0.480283,0.498596,0.507264,4,0
0.482115,0.501404,0.505311,4,0
0.476743,0.502747,0.50409,4,0
0.479673,0.504212,0.504822,4,0
0.476865,0.511293,0.510072,4,0
0.479673,0.505921,0.507386,4,0
0.47601,0.503724,0.505311,4,0
0.476132,0.505067,0.50995,4,0
0.487486,0.500916,0.509462,4,0
0.48126,0.505311,0.512636,4,0
0.489073,0.500183,0.517886,4,0
0.48944,0.506409,0.516543,4,0
0.491393,0.500183,0.526187,4,0
0.500183,0.506165,0.532047,4,0
0.502136,0.493591,0.535954,4,0
0.514223,0.50116,0.547186,4,0
0.509584,0.495666,0.54511,4,0
0.517031,0.488707,0.550238,4,0
0.511049,0.496765,0.553168,4,0
0.513857,0.493468,0.547674,4,0
0.511537,0.499695,0.550971,4,0
0.510682,0.502869,0.548285,4,0
0.510805,0.49884,0.550116,4,1
0.511781,0.501282,0.551459,4,0
0.511049,0.502259,0.54975,4,0
0.512514,0.497375,0.546698,4,0
0.511049,0.499084,0.54218,4,0
0.510682,0.497253,0.543768,4,0
0.508851,0.498108,0.539373,4,0
0.506532,0.498108,0.539373,4,0
0.506287,0.496887,0.538152,4,0
0.501038,0.496398,0.535344,4,0
0.50177,0.495544,0.5351,4,0
0.499206,0.493468,0.533757,4,0
0.496887,0.494323,0.534245,4,0
0.495422,0.495422,0.531193,4,0
0.497009,0.496154,0.529972,4,0
0.4953,0.497497,0.526798,4,0
0.492003,0.494811,0.523868,4,0
0.491759,0.495666,0.524478,4,0
0.485533,0.495788,0.519228,4,0
0.485411,0.493224,0.517641,4,0
0.48419,0.495178,0.515078,4,0
0.479795,0.502381,0.510438,4,0
0.479551,0.506898,0.511415,4,0
0.474911,0.508363,0.507752,4,0
0.481992,0.502991,0.509095,4,0
0.479429,0.510072,0.502259,4,0
0.47601,0.50702,0.497864,4,0
0.481016,0.502259,0.502869,4,0
0.478818,0.504212,0.503357,4,0
0.482481,0.503113,0.502991,4,0
0.482237,0.500794,0.506898,4,0
0.48773,0.49884,0.50995,4,0
0.492126,0.500794,0.510316,4,0
0.488219,0.492858,0.517519,4,0
0.500305,0.495422,0.52167,4,0
0.491149,0.479062,0.524356,4,0
0.502869,0.485655,0.537419,4,0
0.499573,0.481992,0.537541,4,0
0.507997,0.483702,0.545355,4,0
0.512392,0.487608,0.549017,4,0
0.514345,0.483213,0.553901,4,0
0.517519,0.489195,0.557197,4,0
0.513368,0.489073,0.552924,4,0
0.515688,0.492248,0.54975,4,0
0.51349,0.492248,0.550482,4,0
0.513735,0.492126,0.547674,4,0
0.51227,0.492858,0.545355,4,0
0.512147,0.49237,0.542303,4,0
0.511049,0.492248,0.542303,4,1
0.510682,0.492858,0.541326,4,0
0.509095,0.490538,0.540715,4,0
0.509095,0.491271,0.542425,4,0
0.50763,0.492248,0.539495,4,0
0.504822,0.48944,0.538884,4,0
0.503113,0.490172,0.537663,4,0
0.500916,0.492126,0.535466,4,0
0.500061,0.492126,0.532658,4,0
0.496276,0.492248,0.528995,4,0
0.494933,0.493835,0.527164,4,0
0.492492,0.494933,0.523379,4,0
0.490538,0.493957,0.519106,4,0
0.49005,0.496643,0.519106,4,0
0.484678,0.496887,0.515444,4,0
0.485533,0.498962,0.514833,4,0
0.481016,0.500549,0.512025,4,0
0.481748,0.502869,0.511903,4,0
0.478696,0.503846,0.509095,4,0
0.477353,0.503968,0.507142,4,0
0.479184,0.506532,0.500916,4,0
0.475156,0.502014,0.498718,4,0
0.478696,0.500061,0.502014,4,0
0.47833,0.502991,0.506654,4,0
0.483091,0.502259,0.508485,4,0
0.480405,0.500427,0.510438,4,0
0.481504,0.496887,0.512392,4,0
0.487608,0.500671,0.510927,4,0
0.484434,0.497864,0.516054,4,0
0.493346,0.496765,0.517275,4,0
0.493346,0.498474,0.51874,4,0
0.499451,0.494689,0.522403,4,0
0.500671,0.490538,0.524966,4,0
0.50409,0.490905,0.531681,4,0
0.507874,0.489073,0.535222,4,0
0.508973,0.491515,0.547308,4,0
0.517763,0.480894,0.556464,4,0
0.517886,0.491881,0.558784,4,0
0.520571,0.486021,0.557319,4,0
0.51581,0.486265,0.552802,4,0
0.517153,0.489318,0.549506,4,0
0.513857,0.496643,0.542669,4,0
0.514711,0.492736,0.545233,4,0
0.511781,0.499206,0.539861,4,0
0.511903,0.49237,0.546331,4,0
0.510927,0.492858,0.544988,4,0
0.513246,0.49066,0.546331,4,0
0.513735,0.491271,0.542791,4,0
0.513246,0.488097,0.543768,4,1
0.512147,0.489684,0.543401,4,0
0.50995,0.489073,0.543401,4,0
0.510316,0.490416,0.540593,4,0
0.506776,0.491149,0.539861,4,0
0.506165,0.494811,0.534733,4,0
0.501648,0.495666,0.533146,4,0
0.501648,0.497009,0.529606,4,0
0.499939,0.497741,0.525455,4,0
0.496521,0.494811,0.525943,4,0
0.492736,0.497986,0.518496,4,0
0.489806,0.497864,0.515078,4,0
0.492736,0.499817,0.511537,4,0
0.48651,0.503724,0.505067,4,0
0.484434,0.506165,0.502259,4,0
0.4754,0.513368,0.49884,4,0
0.474179,0.508241,0.497497,4,0
0.478086,0.508241,0.502503,4,0
0.481138,0.508485,0.500305,4,0
0.482969,0.502503,0.502136,4,0
0.483335,0.500183,0.506898,4,0
0.488219,0.496643,0.508607,4,0
0.485899,0.498962,0.516176,4,0
0.491515,0.495056,0.514955,4,0
0.491393,0.497253,0.525943,4,0
0.494811,0.494689,0.523501,4,0
0.496154,0.487975,0.540227,4,0
0.497497,0.483946,0.538396,4,0
0.501892,0.490538,0.538152,4,0
0.502014,0.485655,0.544134,4,0
0.508363,0.48065,0.541936,4,0
0.505921,0.483946,0.54389,4,0
0.508973,0.48419,0.543279,4,0
0.508363,0.491027,0.540715,4,0
0.507508,0.489684,0.542547,4,0
0.510438,0.492126,0.54218,4,0
0.507386,0.49591,0.54157,4,0
0.509584,0.494567,0.54096,4,0
0.50763,0.495056,0.54511,4,0
0.51227,0.497497,0.54218,4,0
0.508607,0.492492,0.544866,4,0
0.513246,0.483091,0.550482,4,0
0.509462,0.492614,0.545599,4,0
0.511537,0.4848,0.549139,4,0
0.510927,0.485533,0.547674,4,0
0.50763,0.485533,0.5445,4,0
0.509217,0.484922,0.543279,4,0
0.504456,0.487486,0.539495,4,0
0.503601,0.489195,0.532414,4,1
0.50116,0.490294,0.530216,4,0
0.50177,0.493468,0.525088,4,0
0.494933,0.493591,0.520327,4,0
0.496032,0.495422,0.518496,4,0
0.491515,0.499206,0.512758,4,0
0.487364,0.499329,0.508607,4,0
0.490416,0.503235,0.50702,4,0
0.481138,0.509462,0.499817,4,0
0.480283,0.508363,0.496521,4,0
0.47601,0.501404,0.502869,4,0
0.477109,0.507997,0.499573,4,0
0.476865,0.507386,0.500671,4,0
0.480283,0.5047,0.504334,4,0
0.486387,0.502014,0.507142,4,0
0.48126,0.496276,0.511049,4,0
0.487975,0.496643,0.513613,4,0
0.486387,0.498962,0.522769,4,0
0.49005,0.492248,0.523135,4,0
0.496276,0.493835,0.526309,4,0
0.495788,0.486632,0.532902,4,0
0.501648,0.492003,0.539495,4,0
0.497009,0.489684,0.53925,4,0
0.502869,0.485655,0.543523,4,0
0.501526,0.486387,0.545843,4,0
0.50409,0.48651,0.543279,4,0
0.507142,0.486387,0.548407,4,0
0.50934,0.485899,0.543401,4,0
0.507264,0.484678,0.542058,4,0
0.509095,0.48944,0.545599,4,0
0.50409,0.488097,0.539983,4,0
0.507508,0.494567,0.549139,4,0
0.503113,0.494201,0.548407,4,0
0.51056,0.497497,0.551459,4,0
0.508607,0.497986,0.551825,4,0
0.510927,0.492248,0.553412,4,0
0.509217,0.497986,0.547064,4,0
0.508485,0.494201,0.545477,4,0
0.504578,0.497864,0.540593,4,0
0.502991,0.494811,0.533024,4,0
0.500427,0.496398,0.530094,4,0
0.496398,0.494323,0.522403,4,0
0.497131,0.498352,0.522403,4,0
0.492003,0.496521,0.513002,4,0
0.489684,0.493591,0.514833,4,0
0.486754,0.503846,0.507874,4,0
0.481748,0.507997,0.503601,4,0
0.483091,0.507997,0.504212,4,0
0.477964,0.507752,0.500549,4,1
0.480039,0.506776,0.502136,4,0
0.479551,0.509217,0.505677,4,0
0.48065,0.507142,0.50409,4,0
0.480527,0.503357,0.508607,4,0
0.484678,0.503968,0.51288,4,0
0.482481,0.502869,0.513124,4,0
0.486876,0.49823,0.518862,4,0
0.489806,0.499817,0.523379,4,0
0.488585,0.487975,0.526065,4,0
0.491271,0.491637,0.537785,4,0
0.489562,0.490538,0.5351,4,0
0.49237,0.491027,0.540471,4,0
0.493224,0.492248,0.536687,4,0
0.496154,0.495056,0.539495,4,0
0.494567,0.493591,0.539006,4,0
0.500549,0.494933,0.534977,4,0
0.498718,0.494323,0.537419,1,0
0.50409,0.491149,0.539495,1,0
0.505067,0.497986,0.539617,1,0
0.503846,0.49237,0.537419,1,0
0.506654,0.491881,0.537663,1,0
0.504212,0.497741,0.535832,1,0
0.506409,0.492003,0.531803,1,0
0.505189,0.492614,0.529239,1,0
0.505067,0.492736,0.527896,1,0
0.508119,0.491759,0.527896,1,0
0.50702,0.495666,0.524356,1,0
0.504334,0.494201,0.5246,1,0
0.506898,0.500061,0.527652,1,0
0.503846,0.497375,0.525699,1,0
0.508241,0.498718,0.527164,1,0
0.522647,0.477964,0.571969,1,0
0.515322,0.496276,0.562325,1,0
0.504578,0.499695,0.532536,1,0
0.502747,0.49591,0.52692,1,0
0.502747,0.493957,0.52985,1,0
0.500183,0.498108,0.533879,1,0
0.496276,0.497497,0.53864,1,0
0.494445,0.496276,0.537175,1,0
0.492858,0.496154,0.535466,1,0
0.49298,0.494933,0.53339,1,0
0.495666,0.492492,0.534245,1,0
0.498352,0.492248,0.531925,1,0
0.49823,0.491393,0.530094,1,0
0.497619,0.493835,0.530949,1,0
0.497009,0.492248,0.532902,1,0
0.497253,0.492003,0.533146,1,0
0.497131,0.492492,0.531681,1,0
0.497375,0.492003,0.530216,1,0
0.497864,0.490294,0.528751,1,0
0.499206,0.491515,0.526554,1,0
0.499939,0.49066,0.5246,1,0
0.499939,0.48651,0.521914,1,0
0.501526,0.480405,0.522158,1,0
0.503724,0.481016,0.522036,1,0
0.503846,0.479307,0.516298,1,0
0.505555,0.471859,0.514833,1,0
0.506654,0.474301,0.50995,1,0
0.507264,0.472836,0.50763,1,0
0.506287,0.469418,0.503724,1,0
0.506532,0.460628,0.499451,1,0
0.500671,0.450372,0.500427,1,0
0.499329,0.444024,0.499206,1,0
0.500061,0.456843,0.498962,1,0
0.505921,0.462459,0.500427,1,0
0.507752,0.468685,0.501648,1,0
0.508973,0.478696,0.503601,1,0
0.510316,0.482969,0.510072,1,0
0.511415,0.482481,0.514833,1,0
0.511293,0.474545,0.513246,1,0
0.510927,0.469051,0.512147,1,0
0.51056,0.4649,0.510316,1,0
0.510072,0.464168,0.508973,1,0
0.510194,0.467098,0.510682,1,0
0.512147,0.474179,0.510805,1,0
0.514101,0.477964,0.511537,1,0
0.515322,0.478452,0.512025,1,0
0.515078,0.475644,0.511293,1,0
0.514101,0.472714,0.509584,1,0
0.513735,0.470394,0.508363,1,0
0.514955,0.465877,0.510194,1,0
0.513857,0.470883,0.507874,1,0
0.515322,0.472592,0.506776,1,0
0.516054,0.47015,0.507264,1,0
0.515444,0.471249,0.506532,1,0
0.5152,0.47247,0.506532,1,0
0.515078,0.470394,0.506654,1,0
0.5152,0.467953,0.505799,1,0
0.516543,0.465267,0.506654,1,0
0.519473,0.462459,0.509706,1,0
0.521426,0.46429,0.507874,1,0
0.517275,0.473202,0.503235,1,0
0.509095,0.471981,0.504212,1,0
0.508973,0.476377,0.509828,1,0
0.509462,0.48065,0.514955,1,0
0.510682,0.488829,0.519228,1,0
0.512147,0.48773,0.517886,1,0
0.515078,0.496032,0.513857,1,0
0.520693,0.48126,0.506776,1,0
0.519839,0.466732,0.507508,1,0
0.517886,0.469662,0.504822,1,0
0.5152,0.47308,0.508729,1,0
0.512636,0.478818,0.509584,1,0
0.512147,0.473813,0.510438,1,0
0.5152,0.467953,0.509828,1,0
0.514345,0.474057,0.510194,1,0
0.513613,0.47601,0.513613,1,0
0.512147,0.474789,0.514223,1,0
0.51349,0.472714,0.513246,1,0
0.514955,0.471859,0.513002,1,0
0.515078,0.472104,0.512758,1,0
0.514223,0.473935,0.513124,1,0
0.51349,0.472714,0.51349,1,0
0.51288,0.473813,0.513368,1,0
0.512514,0.474545,0.513735,1,0
0.512636,0.47308,0.513613,1,0
0.513002,0.471371,0.512514,1,0
0.513124,0.470394,0.512636,1,0
0.512514,0.472348,0.512636,1,0
0.513002,0.474789,0.513979,1,0
0.513246,0.475156,0.514101,1,0
0.513002,0.475156,0.513979,1,0
0.51288,0.473813,0.513124,1,0
0.51581,0.468685,0.508973,1,0
0.513857,0.47308,0.512636,1,0
0.509584,0.473569,0.519228,1,0
0.514101,0.473202,0.51288,1,0
0.513735,0.47308,0.513002,1,0
0.513613,0.473202,0.513246,1,0
0.51349,0.473202,0.513613,1,0
0.513368,0.472958,0.513246,1,0
0.513246,0.473324,0.513979,1,0
0.513246,0.47308,0.513735,1,0
0.512758,0.472958,0.513368,1,0
0.514223,0.472714,0.513246,1,0
0.513613,0.473935,0.512636,1,0
0.513979,0.472836,0.513124,1,0
0.514345,0.473202,0.513124,1,0
0.514345,0.473935,0.513368,1,0
0.514589,0.473569,0.513613,1,0
0.514223,0.47308,0.512758,1,0
0.514101,0.47308,0.51288,1,0
0.514101,0.47308,0.513368,1,0
0.513613,0.472836,0.51288,1,0
0.513613,0.472836,0.513246,1,0
0.513735,0.472836,0.513124,1,0
0.508119,0.474057,0.513979,1,0
0.513613,0.472714,0.51349,1,0
0.513857,0.472836,0.513368,1,0
0.513857,0.473569,0.513368,1,0
0.513979,0.474057,0.513735,1,0
0.514345,0.474179,0.51349,1,0
0.514223,0.474545,0.51349,1,0
0.513979,0.474057,0.513857,1,0
0.514955,0.473813,0.51349,1,0
0.514711,0.472958,0.513002,1,0
0.515932,0.470883,0.51227,1,0
0.512636,0.46954,0.513857,1,0
0.512514,0.475766,0.515322,1,0
0.512514,0.475888,0.514833,1,0
0.51349,0.472104,0.514101,1,0
0.515566,0.474667,0.514467,1,0
0.515932,0.476377,0.514345,1,0
0.51642,0.476377,0.514223,1,0
0.517397,0.477597,0.513735,1,0
0.51813,0.475766,0.51349,1,0
0.517519,0.473813,0.513368,1,0
0.517153,0.4754,0.513979,1,0
0.516298,0.474789,0.514101,1,0
0.515566,0.47247,0.514467,1,0
0.515688,0.470639,0.514711,1,0
0.514955,0.473813,0.515078,1,0
0.513857,0.476499,0.51581,1,0
0.514345,0.476377,0.51581,1,0
0.513857,0.476254,0.515566,1,0
0.515078,0.475644,0.515322,1,0
0.515566,0.473324,0.515322,1,0
0.515444,0.475888,0.514955,1,0
0.516054,0.47601,0.515566,1,0
0.515322,0.475766,0.515444,1,0
0.514101,0.475522,0.515932,1,0
0.51349,0.475278,0.515932,1,0
0.514589,0.473813,0.515566,1,0
0.515444,0.471615,0.514833,1,0
0.515566,0.473324,0.515322,1,0
0.513857,0.474545,0.51581,1,0
0.513124,0.475888,0.515688,1,0
0.513368,0.475644,0.515566,1,0
0.513857,0.475156,0.515566,1,0
0.513857,0.474057,0.5152,1,0
0.514223,0.473202,0.514589,1,0
0.514955,0.473446,0.514589,1,0
0.515688,0.47247,0.514345,1,0
0.513735,0.47015,0.514467,1,0
0.513613,0.473569,0.515078,1,0
0.513735,0.476254,0.516054,1,0
0.513857,0.476132,0.516054,1,0
0.514345,0.475888,0.516176,1,0
0.514101,0.473935,0.515688,1,0
0.513368,0.476254,0.516298,1,0
0.513246,0.476377,0.516298,1,0
0.513613,0.475034,0.516176,1,0
0.513979,0.472958,0.515688,1,0
0.513979,0.473813,0.515566,1,0
0.513979,0.473691,0.515566,1,0
0.514101,0.474423,0.515688,1,0
0.513979,0.474423,0.515444,1,0
0.514223,0.474423,0.515444,1,0
0.514467,0.474301,0.515322,1,0
0.514223,0.474545,0.5152,1,0
0.514101,0.474667,0.514955,1,0
0.513979,0.473691,0.515078,1,0
0.513613,0.473813,0.5152,1,0
0.513368,0.473202,0.5152,1,0
0.51349,0.47308,0.5152,1,0
0.513735,0.473935,0.515444,1,0
0.514101,0.472714,0.514955,1,0
0.514223,0.473691,0.515078,1,0
0.513857,0.476132,0.515688,1,0
0.513979,0.475644,0.515932,1,0
0.514101,0.475034,0.515444,1,0
0.514223,0.474545,0.515322,1,0
0.513857,0.475034,0.515322,1,0
0.514101,0.474179,0.515444,1,0
0.513979,0.474057,0.5152,1,0
0.514589,0.473324,0.5152,1,0
0.514223,0.473569,0.515322,1,0
0.514101,0.474423,0.515688,1,0
0.514467,0.474423,0.515444,1,0
0.514223,0.474423,0.515566,1,0
0.513857,0.474911,0.515688,1,0
0.514101,0.474911,0.515566,1,0
0.514345,0.475034,0.515566,1,0
0.514223,0.4754,0.515444,1,0
0.513613,0.475156,0.5152,1,0
0.514101,0.472592,0.514345,1,0
0.514589,0.47247,0.514711,1,0
0.514589,0.473935,0.515078,1,0
0.514589,0.473813,0.515078,1,0
0.514711,0.473691,0.515078,1,0
0.514345,0.473324,0.515444,1,0
0.513613,0.474423,0.515566,1,0
0.51349,0.4754,0.51581,1,0
0.513735,0.476132,0.515566,1,0
0.514223,0.4754,0.515566,1,0
0.514223,0.474179,0.5152,1,0
0.513735,0.475034,0.515322,1,0
0.514101,0.474911,0.515566,1,0
0.514467,0.473935,0.5152,1,0
0.514345,0.472592,0.515322,1,0
0.514101,0.472714,0.515078,1,0
0.513735,0.475034,0.515566,1,0
0.514101,0.474911,0.515444,1,0
0.513857,0.475156,0.515688,1,0
0.514345,0.475034,0.5152,1,0
0.514589,0.473935,0.515078,1,0
0.514467,0.474423,0.515078,1,0
0.513857,0.471737,0.514345,1,0
0.514345,0.469906,0.514467,1,0
0.514345,0.474057,0.5152,1,0
0.514101,0.47833,0.515688,1,0
0.512147,0.475034,0.515932,1,0
0.511415,0.471493,0.515566,1,0
0.511659,0.472958,0.515566,1,0
0.512758,0.475156,0.515688,1,0
0.513368,0.475766,0.515566,1,0
0.51288,0.475888,0.515688,1,0
0.512392,0.475644,0.515566,1,0
0.512636,0.474301,0.5152,1,0
0.513246,0.472104,0.514833,1,0
0.513613,0.472714,0.514833,1,0
0.51349,0.473813,0.514833,1,0
0.513368,0.472714,0.514711,1,0
0.513613,0.471981,0.514345,1,0
0.513246,0.473813,0.515078,1,0
0.513124,0.474301,0.515078,1,0
0.513246,0.474057,0.514833,1,0
0.513613,0.473691,0.514955,1,0
0.513613,0.474545,0.514711,1,0
0.513368,0.473935,0.514833,1,0
0.512392,0.474667,0.514955,1,0
0.511659,0.473935,0.514955,1,0
0.511903,0.472958,0.514711,1,0
0.512758,0.472592,0.514589,1,0
0.513246,0.472714,0.514589,1,0
0.513368,0.473324,0.514467,1,0
0.51349,0.473324,0.514345,1,0
0.513368,0.473446,0.514223,1,0
0.513979,0.473813,0.513979,1,0
0.514223,0.472836,0.513735,1,0
0.513979,0.473935,0.513857,1,0
0.513857,0.472836,0.513857,1,0
0.513124,0.474423,0.514223,1,0
0.512758,0.474057,0.514711,1,0
0.513002,0.473202,0.514345,1,0
0.513246,0.473202,0.514467,1,0
0.513124,0.473691,0.514467,1,0
0.513246,0.473569,0.514223,1,0
0.513735,0.472714,0.513979,1,0
0.514345,0.472836,0.513735,1,0
0.514101,0.47308,0.513613,1,0
0.514101,0.473202,0.513613,1,0
0.513368,0.473691,0.51349,1,0
0.513246,0.473202,0.513857,1,0
0.51349,0.473202,0.513857,1,0
0.51349,0.473202,0.514101,1,0
0.513368,0.473324,0.513735,1,0
0.513857,0.47308,0.514345,1,0
0.513979,0.472714,0.513857,1,0
0.513613,0.472836,0.513735,1,0
0.513613,0.474301,0.513979,1,0
0.513857,0.474667,0.514101,1,0
0.513857,0.474057,0.513979,1,0
0.513857,0.473202,0.513857,1,0
0.513979,0.473813,0.514101,1,0
0.513857,0.473691,0.513979,1,0
0.51349,0.473446,0.513979,1,0
0.513735,0.472836,0.513613,1,0
0.513979,0.472714,0.513368,1,0
0.513124,0.474179,0.514467,1,0
0.513857,0.473569,0.513979,1,0
0.513979,0.473324,0.513979,1,0
0.514467,0.473202,0.513857,1,0
0.514589,0.473202,0.513735,1,0
0.513735,0.473569,0.513735,1,0
0.513735,0.473324,0.513857,1,0
0.513735,0.473446,0.513857,1,0
0.513613,0.473324,0.513979,1,0
0.513246,0.473324,0.514345,1,0
0.513002,0.471859,0.514345,1,0
0.513735,0.472714,0.513735,1,0
0.513979,0.473569,0.514101,1,0
0.513613,0.474423,0.514345,1,0
0.513857,0.474545,0.514345,1,0
0.513979,0.473569,0.514223,1,0
0.513857,0.473691,0.513857,1,0
0.513735,0.473446,0.514223,1,0
0.513368,0.473935,0.514345,1,0
0.513613,0.474057,0.514101,1,0
0.51349,0.473691,0.514101,1,0
0.51288,0.4754,0.513979,1,0
0.514833,0.471859,0.513613,1,0
0.514223,0.473324,0.514101,1,0
0.514345,0.473569,0.514101,1,0
0.514223,0.473691,0.513857,1,0
0.514345,0.473691,0.514101,1,0
0.514223,0.473813,0.513979,1,0
0.514101,0.473324,0.514101,1,0
0.513613,0.473446,0.514467,1,0
0.513368,0.473202,0.514101,1,0
0.513368,0.472836,0.513368,1,0
0.513613,0.472958,0.514345,1,0
0.513735,0.472836,0.513979,1,0
0.513735,0.473691,0.514101,1,0
0.514467,0.47308,0.514101,1,0
0.514345,0.475034,0.514345,1,0
0.514223,0.475888,0.514711,1,0
0.513857,0.475156,0.514345,1,0
0.513857,0.473813,0.514101,1,0
0.513979,0.473935,0.514223,1,0
0.514101,0.47247,0.513979,1,0
0.513368,0.472958,0.513979,1,0
0.513368,0.47308,0.513979,1,0
0.513246,0.473446,0.514101,1,0
0.513613,0.473446,0.514345,1,0
0.513613,0.473202,0.514101,1,0
0.514345,0.47308,0.513979,1,0
0.513979,0.473813,0.514101,1,0
0.513979,0.473569,0.513735,1,0
0.513613,0.473691,0.513613,1,0
0.513735,0.473324,0.514101,1,0
0.513613,0.473324,0.514223,1,0
0.513002,0.473446,0.514345,1,0
0.513979,0.472958,0.513735,1,0
0.513735,0.47308,0.513735,1,0
0.513002,0.472958,0.515932,1,0
0.511659,0.471005,0.514345,1,0
0.513368,0.473446,0.514345,1,0
0.513002,0.475644,0.514589,1,0
0.513124,0.4754,0.514467,1,0
0.514101,0.473446,0.513857,1,0
0.514223,0.473324,0.513857,1,0
0.513613,0.474667,0.514223,1,0
0.51349,0.473446,0.514467,1,0
0.514223,0.472592,0.513246,1,0
0.51349,0.473446,0.514345,1,0
0.513857,0.473813,0.514467,1,0
0.513857,0.473446,0.513857,1,0
0.513857,0.473691,0.514345,1,0
0.514345,0.474911,0.516787,1,0
0.514101,0.473569,0.512758,1,0
0.514589,0.473813,0.513979,1,0
0.514101,0.473935,0.514223,1,0
0.513735,0.473446,0.514589,1,0
0.513613,0.473569,0.514833,1,0
0.512636,0.473691,0.513979,1,0
0.51349,0.473202,0.514345,1,0
0.514101,0.47308,0.514345,1,0
0.514101,0.473324,0.514467,1,0
0.513613,0.473569,0.514345,1,0
0.513979,0.474179,0.514223,1,0
0.514223,0.474423,0.514223,1,0
0.513735,0.474667,0.514589,1,0
0.513857,0.473691,0.513979,1,0
0.513613,0.473569,0.514101,1,0
0.513613,0.473691,0.514467,1,0
0.513613,0.471981,0.513613,1,0
0.513735,0.473324,0.513857,1,0
0.513246,0.474179,0.514101,1,0
0.513368,0.473691,0.514345,1,0
0.513979,0.473569,0.514223,1,0
0.514223,0.473569,0.514223,1,0
0.514223,0.473691,0.513857,1,0
0.514223,0.473569,0.513979,1,0
0.514101,0.473569,0.513979,1,0
0.513857,0.473446,0.513735,1,0
0.513613,0.473446,0.514101,1,0
0.513613,0.473446,0.514223,1,0
0.513735,0.473324,0.514101,1,0
0.513857,0.473202,0.513735,1,0
0.513735,0.473324,0.51349,1,0
0.513857,0.474179,0.514589,1,0
0.514101,0.472714,0.513735,1,0
0.514101,0.473324,0.513857,1,0
0.513857,0.474667,0.514223,1,0
0.513613,0.475278,0.514101,1,0
0.513613,0.474179,0.514101,1,0
0.513979,0.473446,0.514345,1,0
0.513857,0.473691,0.514223,1,0
0.513735,0.473691,0.514345,1,0
0.513613,0.472714,0.513246,1,0
0.513857,0.473813,0.514833,1,0
0.513979,0.473324,0.513979,1,0
0.514345,0.473569,0.514101,1,0
0.514101,0.473935,0.514223,1,0
0.514223,0.473813,0.514467,1,0
0.514467,0.473569,0.513857,1,0
0.514101,0.473446,0.514223,1,0
0.510438,0.475766,0.514223,1,0
0.521304,0.470394,0.511293,1,0
0.510805,0.471127,0.515322,1,0
0.512758,0.472836,0.514345,1,0
0.513246,0.473691,0.514833,1,0
0.51349,0.473446,0.5152,1,0
0.51349,0.474057,0.514955,1,0
0.513368,0.475156,0.5152,1,0
0.513613,0.4754,0.514955,1,0
0.513979,0.475644,0.515078,1,0
0.513979,0.474545,0.514955,1,0
0.513613,0.473446,0.514711,1,0
0.513368,0.473324,0.514589,1,0
0.513368,0.473569,0.514589,1,0
0.514833,0.467708,0.513735,1,0
0.513857,0.462337,0.512392,1,0
0.513735,0.476743,0.516176,1,0
0.514467,0.478696,0.518008,1,0
0.515078,0.478574,0.516787,1,0
0.51288,0.478574,0.519595,1,0
0.510682,0.478086,0.519839,1,0
0.50995,0.477475,0.51874,1,0
0.51056,0.477597,0.519351,1,0
0.511781,0.4754,0.519717,1,0
0.511659,0.474545,0.519717,1,0
0.512514,0.47308,0.519228,1,0
0.513979,0.466976,0.518618,1,0
0.514223,0.477231,0.519595,1,0
0.51056,0.483824,0.52106,1,0
0.510072,0.482115,0.520449,1,0
0.511171,0.480527,0.520938,1,0
0.511659,0.47833,0.520449,1,0
0.511415,0.47894,0.520083,1,0
0.511293,0.478696,0.519228,1,0
0.511293,0.471737,0.518374,1,0
0.51227,0.470883,0.517031,1,0
0.513124,0.474423,0.517397,1,0
0.513368,0.475278,0.516787,1,0
0.513002,0.475278,0.516665,1,0
0.512758,0.475888,0.516054,1,0
0.513124,0.474667,0.515566,1,0
0.516665,0.465023,0.520327,1,0
0.515688,0.471615,0.513002,1,0
0.514101,0.473569,0.514467,1,0
0.513124,0.473324,0.514467,1,0
0.516665,0.470761,0.515322,1,0
0.512025,0.470516,0.514833,1,0
0.511537,0.475156,0.515688,1,0
0.51227,0.472714,0.516054,1,0
0.512636,0.473324,0.515932,1,0
0.512758,0.476377,0.51642,1,0
0.513002,0.476377,0.516543,1,0
0.513002,0.472836,0.516054,1,0
0.513002,0.47247,0.516298,1,0
0.513124,0.474179,0.516665,1,0
0.512514,0.476987,0.51813,1,0
0.512147,0.478086,0.51874,1,0
0.511903,0.477475,0.51874,1,0
0.512025,0.475522,0.518984,1,0
0.512147,0.475034,0.51813,1,0
0.512025,0.476499,0.51874,1,0