0.514589,0.479307,0.522281,1,0
0.514711,0.479184,0.522403,1,0
0.514589,0.479184,0.522158,1,0
0.514589,0.479307,0.522281,1,0
0.514589,0.479429,0.522281,1,0
0.514589,0.479307,0.522158,1,0
0.514589,0.479429,0.522036,1,0
0.514589,0.479184,0.522158,1,0
0.514589,0.479429,0.522036,1,0
0.514589,0.479551,0.522158,1,0
0.514833,0.479429,0.522281,1,0
0.514833,0.479307,0.522036,1,0
0.514711,0.479307,0.522036,1,0
0.514589,0.479307,0.522036,1,0
0.514833,0.479307,0.522036,1,0
0.514711,0.479184,0.521914,1,0
0.514589,0.479551,0.522281,1,0
0.514589,0.479307,0.522281,1,0
0.514589,0.479307,0.522281,1,0
0.514589,0.479307,0.522036,1,0
0.514833,0.479307,0.522036,1,0
0.514833,0.479184,0.522036,1,0
0.514589,0.479429,0.522036,1,0
0.514589,0.479307,0.522036,1,0
0.514589,0.479429,0.522281,1,0
0.514711,0.479184,0.522036,1,0
0.514589,0.479307,0.521914,1,0
0.514711,0.479062,0.522158,1,0
0.514589,0.479184,0.522281,1,0
0.514711,0.479184,0.521914,1,0
0.514833,0.479307,0.522158,1,0
0.514711,0.479184,0.521914,1,0
0.514589,0.479184,0.522036,1,0
0.514589,0.479184,0.521914,1,0
0.514711,0.479184,0.521914,1,0
0.514711,0.479184,0.522158,1,0
0.514833,0.479062,0.521914,1,0
0.514833,0.479184,0.522036,1,0
0.514711,0.479062,0.52167,1,0
0.514833,0.479062,0.521792,1,0
0.514589,0.479184,0.522036,1,0
0.514589,0.479184,0.521792,1,0
0.514589,0.479062,0.521792,1,0
0.514589,0.479184,0.522158,1,0
0.514833,0.479184,0.52167,1,0
0.514955,0.47894,0.52167,1,0
0.514833,0.479062,0.521914,1,0
0.514711,0.479062,0.521914,1,0
0.514833,0.479184,0.521914,1,0
0.514711,0.479307,0.521914,1,0
0.514711,0.479307,0.521914,1,0
0.514589,0.479184,0.522158,1,0
0.514589,0.479307,0.522036,1,0
0.514589,0.479184,0.522036,1,0
0.514589,0.479307,0.522036,0,0
0.514711,0.479307,0.521914,0,0
0.514711,0.479184,0.522158,0,0
0.514589,0.479307,0.522158,0,0
0.514711,0.479307,0.522036,0,0
0.514589,0.479429,0.522036,0,0
0.514589,0.479429,0.521914,0,0
0.514711,0.479062,0.522036,0,0
0.514467,0.479184,0.522036,0,0
0.514711,0.479307,0.522281,0,0
0.514589,0.479307,0.522158,0,0
0.514467,0.479429,0.522158,0,0
0.514589,0.479307,0.522158,0,0
0.514711,0.479429,0.521792,0,0
0.514589,0.479307,0.521914,0,0
0.514589,0.479184,0.522281,0,0
0.514711,0.479307,0.522036,1,0
0.514711,0.479429,0.521914,1,0
0.514467,0.479307,0.522281,1,0
0.514589,0.479307,0.522158,1,0
0.514467,0.479307,0.521914,1,0
0.514467,0.479307,0.522281,1,0
0.514467,0.479062,0.522281,1,0
0.514589,0.479307,0.522525,1,0
0.514467,0.479307,0.522281,1,0
0.514711,0.479184,0.522158,1,0
0.515078,0.479307,0.521914,1,0
0.515444,0.479673,0.522036,1,0
0.515078,0.479062,0.521548,1,0
0.514955,0.479673,0.522036,1,0
0.514955,0.479551,0.522158,1,0
0.514711,0.479429,0.522525,1,0
0.514711,0.479917,0.522403,1,0
0.514955,0.479795,0.522403,1,0
0.515078,0.479551,0.522403,1,0
0.514833,0.479429,0.522158,1,0
0.514955,0.479307,0.522036,1,0
0.514833,0.479429,0.522036,1,0
0.514955,0.479184,0.521914,1,0
0.514833,0.479062,0.52167,1,0
0.514955,0.47894,0.521914,1,0
0.514711,0.479184,0.521914,1,0
0.514955,0.479062,0.521914,1,0
0.514833,0.479184,0.522036,1,0
0.514711,0.479184,0.522158,1,0
0.514955,0.479062,0.521914,1,0
0.514711,0.479307,0.522036,1,0
0.514711,0.479307,0.522036,1,0
0.514833,0.479062,0.522036,1,0
0.514955,0.479062,0.521914,1,0
0.514833,0.479307,0.521792,1,0
0.514711,0.479307,0.521914,1,0
0.514955,0.479184,0.522036,1,0
0.514833,0.479062,0.522158,1,0
0.514833,0.479307,0.522158,1,0
0.514955,0.479551,0.522036,1,0
0.514833,0.479307,0.522158,1,0
0.514589,0.479307,0.522036,1,0
0.514467,0.479917,0.521914,1,0
0.514833,0.479307,0.522158,1,0
0.515078,0.479551,0.522281,1,0
0.515078,0.479673,0.522158,1,0
0.514955,0.479429,0.522036,1,0
0.514955,0.479551,0.522281,1,0
0.514467,0.479551,0.522403,1,0
0.514711,0.479307,0.522036,1,0
0.514955,0.479307,0.521792,1,0
0.515322,0.479551,0.521914,1,0
0.515322,0.479429,0.52167,1,0
0.515322,0.479184,0.521792,1,0
0.515322,0.479429,0.522036,1,0
0.5152,0.479429,0.522158,1,0
0.514955,0.479673,0.522281,1,0
0.514955,0.479551,0.522403,1,0
0.514833,0.479551,0.522281,1,0
0.514833,0.479795,0.522403,1,0
0.515078,0.479673,0.522158,1,0
0.514955,0.479795,0.522158,1,0
0.5152,0.479673,0.522158,1,0
0.515322,0.479795,0.522036,1,0
0.515078,0.479673,0.522281,1,0
0.515078,0.479795,0.522281,1,0
0.5152,0.479795,0.522403,1,0
0.5152,0.479795,0.522158,1,0
0.5152,0.480039,0.522036,1,0
0.515322,0.479673,0.522281,1,0
0.5152,0.479795,0.522403,1,0
0.515444,0.479795,0.522281,1,0
0.5152,0.479673,0.522281,1,0
0.5152,0.479917,0.522403,1,0
0.5152,0.479673,0.522158,1,0
0.515444,0.479917,0.522281,1,0
0.515444,0.479795,0.522158,1,0
0.515322,0.480161,0.521792,1,0
0.515078,0.480161,0.52167,1,0
0.515444,0.479307,0.522403,1,0
0.5152,0.479917,0.522281,1,0
0.514833,0.479673,0.522036,1,0
0.514711,0.479062,0.522158,1,0
0.514955,0.479429,0.522525,1,0
0.514955,0.479673,0.52167,1,0
0.515444,0.479673,0.522158,1,0
0.515322,0.479673,0.522036,1,0
0.5152,0.479795,0.522158,1,0
0.515444,0.479673,0.521914,1,0
0.515444,0.479551,0.522158,1,0
0.515566,0.479429,0.522158,1,0
0.515566,0.479795,0.522036,1,0
0.515322,0.479673,0.522036,1,0
0.515078,0.479429,0.522036,1,0
0.515078,0.479184,0.522158,1,0
0.5152,0.479429,0.522036,1,0
0.515322,0.479795,0.522647,1,0
0.515078,0.480039,0.522281,1,0
0.515322,0.479429,0.522158,1,0
0.515444,0.479673,0.522281,1,0
0.515688,0.479673,0.522281,1,0
0.515566,0.480405,0.522281,1,0
0.515444,0.480527,0.522281,1,0
0.5152,0.480527,0.522647,1,0
0.5152,0.480405,0.522525,1,0
0.515688,0.48065,0.522525,1,0
0.515444,0.480527,0.522525,1,0
0.515444,0.480039,0.522647,1,0
0.515322,0.480161,0.522647,1,0
0.515322,0.48065,0.522647,1,0
0.5152,0.480527,0.523013,1,0
0.5152,0.480527,0.523135,1,0
0.515078,0.480527,0.522647,1,0
0.515322,0.480405,0.522891,1,0
0.515444,0.480405,0.523013,1,0
0.515322,0.480894,0.522891,1,0
0.515078,0.480527,0.523379,1,0
0.5152,0.48065,0.523501,1,0
0.515444,0.481138,0.523013,1,0
0.51581,0.480527,0.523501,1,0
0.515932,0.48126,0.523379,1,0
0.51581,0.480527,0.522769,1,0
0.515688,0.479062,0.522647,1,0
0.514955,0.480527,0.522525,1,0
0.514833,0.48065,0.523013,1,0
0.515078,0.480039,0.523623,1,0
0.514345,0.480039,0.522403,1,0
0.514101,0.479673,0.522647,1,0
0.513857,0.480039,0.522281,1,0
0.514345,0.479429,0.523501,1,0
0.514589,0.479184,0.523623,1,0
0.516054,0.479307,0.524966,1,0
0.51581,0.481626,0.523501,1,0
0.516054,0.481626,0.523746,1,0
0.514955,0.481626,0.523135,1,0
0.514101,0.479673,0.522036,1,0
0.513368,0.478452,0.520816,1,0
0.512514,0.479429,0.520449,1,0
0.51227,0.477964,0.520693,1,0
0.511049,0.478452,0.52106,1,0
0.510072,0.475888,0.519839,1,0
0.510072,0.473691,0.518496,1,0
0.511049,0.472104,0.519228,1,0
0.512025,0.473202,0.520083,1,0
0.512392,0.475888,0.51874,1,0
0.513246,0.476743,0.51874,1,0
0.513613,0.477475,0.518984,1,0
0.513246,0.477597,0.518252,1,0
0.513979,0.475156,0.51813,1,0
0.514467,0.470883,0.519106,1,0
0.514955,0.469784,0.520327,1,0
0.515444,0.470272,0.521426,1,0
0.514467,0.469906,0.523501,1,0
0.512636,0.465145,0.526554,1,0
0.510316,0.470883,0.525577,1,0
0.505433,0.474423,0.528873,1,0
0.502625,0.478818,0.529972,1,0
0.497864,0.483457,0.529117,1,0
0.494079,0.484434,0.52692,1,0
0.492614,0.489806,0.525333,1,0
0.489928,0.489684,0.52399,1,0
0.490905,0.494323,0.518252,1,0
0.493957,0.493957,0.516665,1,0
0.498474,0.4848,0.522158,1,0
0.504456,0.482725,0.524356,1,0
0.507874,0.481992,0.525455,1,0
0.509706,0.486876,0.527652,1,0
0.511415,0.4848,0.530827,1,0
0.511049,0.487486,0.531071,1,0
0.509828,0.488829,0.530827,1,0
0.507142,0.493224,0.531681,1,0
0.505921,0.49237,0.529728,1,0
0.507386,0.492736,0.530827,1,0
0.506043,0.493346,0.532292,1,0
0.505799,0.491881,0.531681,1,0
0.506165,0.493835,0.531925,1,0
0.506532,0.497375,0.531315,1,0
0.514345,0.491271,0.538396,1,0
0.512392,0.487975,0.540105,1,0
0.509217,0.495422,0.530704,1,0
0.511537,0.493468,0.534001,1,0
0.511659,0.493102,0.534977,1,0
0.509584,0.493346,0.538396,1,0
0.508729,0.489806,0.542913,1,0
0.50763,0.488585,0.544744,1,0
0.504944,0.484434,0.544012,1,0
0.498596,0.480039,0.540838,1,0
0.495178,0.477231,0.535832,1,0
0.486143,0.472104,0.529728,1,0
0.484434,0.472104,0.523013,1,0
0.484678,0.473813,0.516054,1,0
0.484068,0.477109,0.509828,1,0
0.484678,0.481748,0.50116,1,0
0.485045,0.485655,0.500183,1,0
0.485289,0.48944,0.49823,1,0
0.485289,0.492003,0.49823,1,0
0.488707,0.495666,0.503113,1,0
0.49237,0.500183,0.5047,1,0
0.497131,0.500427,0.514711,1,0
0.499939,0.502991,0.51642,1,0
0.500061,0.498962,0.523379,1,0
0.505555,0.499451,0.529484,1,0
0.503601,0.50177,0.531681,1,0
0.504578,0.493102,0.539006,1,0
0.509095,0.490416,0.541936,1,0
0.507752,0.481504,0.544866,1,0
0.505921,0.476499,0.546453,1,0
0.504822,0.473813,0.547552,1,0
0.503601,0.471371,0.547186,1,0
0.501038,0.470761,0.543645,1,0
0.498596,0.465511,0.539983,1,0
0.495422,0.466976,0.535954,1,0
0.495178,0.468563,0.533879,1,0
0.493468,0.4649,0.531925,1,0
0.491393,0.465755,0.529117,1,0
0.489806,0.470272,0.527774,1,0
0.488951,0.469418,0.528019,1,0
0.491393,0.465755,0.525821,1,0
0.491149,0.470516,0.523501,1,0
0.491027,0.472348,0.520205,1,0
0.490538,0.471127,0.519351,1,0
0.490905,0.477231,0.516543,1,0
0.489195,0.478696,0.516787,1,0
0.489928,0.482725,0.516909,1,0
0.488951,0.48651,0.515688,1,0
0.488951,0.489195,0.514955,1,0
0.48773,0.492614,0.513979,1,0
0.486021,0.4953,0.512636,1,0
0.4848,0.496643,0.513002,1,0
0.484434,0.497986,0.514101,1,0
0.48419,0.499939,0.513979,1,0
0.483702,0.500305,0.516543,1,0
0.482237,0.501892,0.516054,1,0
0.482481,0.501404,0.513613,1,0
0.482847,0.499573,0.51874,1,0
0.483702,0.500549,0.520083,1,0
0.483824,0.501282,0.522281,1,0
0.487242,0.501526,0.521426,1,0
0.486265,0.499206,0.523013,1,0
0.490416,0.497619,0.526065,1,0
0.488829,0.502625,0.523746,1,0
0.488951,0.496521,0.529484,1,0
0.493957,0.497741,0.532536,1,0
0.493102,0.500916,0.531437,1,0
0.494323,0.495056,0.532047,1,0
0.494201,0.490172,0.535344,1,0
0.498718,0.492736,0.534489,1,0
0.497375,0.488829,0.539006,1,0
0.501282,0.487242,0.537785,1,0
0.499939,0.485777,0.537663,1,0
0.502136,0.485777,0.537175,1,0
0.502136,0.485655,0.537053,1,0
0.500183,0.482969,0.538762,1,0
0.501038,0.480894,0.539739,1,0
0.500671,0.479551,0.540105,1,0
0.500061,0.477231,0.540227,1,0
0.500183,0.477842,0.53803,1,0
0.498474,0.475156,0.537297,1,0
0.497009,0.477353,0.537541,1,0
0.497864,0.478818,0.535954,1,0
0.497009,0.476377,0.534489,1,0
0.4953,0.475278,0.534367,1,0
0.494689,0.476987,0.533146,1,0
0.493957,0.476132,0.532658,1,0
0.493346,0.475644,0.531437,1,0
0.491271,0.478574,0.52692,1,0
0.490294,0.47894,0.526309,1,0
0.49005,0.48126,0.523868,1,0
0.489318,0.482481,0.523379,1,0
0.487242,0.482359,0.522281,1,0
0.48651,0.485411,0.519595,1,0
0.486387,0.488219,0.518618,1,0
0.484922,0.490294,0.517153,1,0
0.482969,0.491271,0.515932,1,0
0.482725,0.49237,0.5152,1,0
0.483091,0.493102,0.514101,1,0
0.482847,0.495178,0.515566,1,0
0.482847,0.497009,0.51581,1,0
0.484068,0.499695,0.517397,1,0
0.484312,0.502747,0.517397,1,0
0.482481,0.501404,0.517886,1,0
0.482725,0.502869,0.519351,1,0
0.484434,0.503235,0.519473,1,0
0.484068,0.502014,0.519473,1,0
0.482847,0.501648,0.520449,1,0
0.4848,0.502747,0.521182,1,0
0.484434,0.503357,0.523868,1,0
0.485411,0.500916,0.523623,1,0
0.488219,0.499329,0.524844,1,0
0.487364,0.500916,0.526309,1,0
0.487364,0.500427,0.523623,1,0
0.491027,0.49591,0.52985,1,0
0.494567,0.499573,0.528629,1,0
0.491393,0.496887,0.53046,1,0
0.495178,0.494323,0.534123,1,0
0.497619,0.496643,0.533268,1,0
0.49591,0.493346,0.535832,1,0
0.498596,0.490416,0.540471,1,0
0.499695,0.488707,0.542058,1,0
0.50116,0.48712,0.542303,1,0
0.502991,0.483091,0.541082,1,0
0.503601,0.482603,0.539495,1,0
0.500183,0.48419,0.538274,1,0
0.500183,0.483335,0.537053,1,0
0.500305,0.478696,0.536442,1,0
0.497497,0.475278,0.537297,1,0
0.499817,0.478208,0.536809,1,0
0.499939,0.478452,0.5351,1,0
0.497619,0.476621,0.534367,1,0
0.498352,0.475888,0.534245,1,0
0.496032,0.477353,0.533024,1,0
0.494689,0.477353,0.532414,1,0
0.49298,0.476987,0.531681,1,0
0.49237,0.47894,0.530094,1,0
0.490416,0.479307,0.528263,1,0
0.488951,0.480283,0.5246,1,0
0.488219,0.481992,0.522525,1,0
0.48712,0.48358,0.520083,1,0
0.486265,0.485655,0.517641,1,0
0.485899,0.487242,0.517397,1,0
0.48419,0.487853,0.515566,1,0
0.483946,0.49005,0.51581,1,0
0.482725,0.492492,0.5152,1,0
0.482603,0.492248,0.514467,1,0
0.482359,0.493224,0.515566,1,0
0.482603,0.494445,0.515444,1,0
0.482115,0.495422,0.51581,1,0
0.48126,0.497864,0.515078,1,0
0.483946,0.498352,0.517153,1,0
0.484434,0.499817,0.518374,1,0
0.483702,0.498474,0.519106,1,0
0.484922,0.499451,0.523623,1,0
0.4848,0.503846,0.522036,1,0
0.483091,0.500549,0.522403,1,0
0.486754,0.497253,0.524356,1,0
0.491271,0.499084,0.524478,1,0
0.489562,0.499939,0.527164,1,0
0.491515,0.499451,0.526554,1,0
0.495178,0.497986,0.530094,1,0
0.495666,0.499939,0.528995,1,0
0.494811,0.497497,0.532047,1,0
0.500671,0.495178,0.533879,1,0
0.496154,0.494445,0.535954,1,0
0.499939,0.489806,0.537907,1,0
0.50116,0.486998,0.539739,1,0
0.499451,0.488097,0.541082,1,0
0.503479,0.483946,0.540838,1,0
0.502381,0.480772,0.541448,1,0
0.500794,0.482847,0.541204,1,1
0.500671,0.482359,0.539495,1,0
0.499329,0.476987,0.539006,1,0
0.498596,0.474911,0.537419,1,0
0.496276,0.477964,0.53632,1,0
0.496398,0.479673,0.535588,1,0
0.49591,0.478086,0.534977,1,0
0.495788,0.478208,0.534489,1,0
0.494689,0.477719,0.532169,1,0
0.493591,0.477475,0.532169,1,0
0.49237,0.477231,0.530827,1,0
0.49237,0.47601,0.531193,1,0
0.492614,0.47894,0.52985,1,0
0.490294,0.47833,0.527164,1,0
0.488463,0.48126,0.523501,1,0
0.488585,0.482847,0.522281,1,0
0.486632,0.482725,0.52167,1,0
0.48712,0.484434,0.520449,1,0
0.486143,0.486754,0.519228,1,0
0.485899,0.487364,0.518496,1,0
0.48419,0.489806,0.516543,1,0
0.483824,0.492003,0.516176,1,0
0.483335,0.494201,0.515566,1,0
0.483335,0.493957,0.515688,1,0
0.48358,0.494933,0.517031,1,0
0.482603,0.497253,0.516909,1,0
0.483702,0.497741,0.517519,1,0
0.48419,0.498352,0.517763,1,0
0.48419,0.496887,0.519473,1,0
0.485533,0.500794,0.522036,1,0
0.484922,0.507386,0.519106,1,0
0.485045,0.503968,0.523257,1,0
0.488829,0.505067,0.522281,1,0
0.490538,0.502869,0.524844,1,0
0.493835,0.504334,0.525821,1,0
0.491515,0.505921,0.5246,1,0
0.494689,0.502503,0.527408,1,0
0.493591,0.502259,0.528019,1,0
0.493957,0.499084,0.530949,1,0
0.498596,0.499329,0.531681,1,0
0.494811,0.497375,0.535466,1,0
0.498718,0.494811,0.536809,1,0
0.500427,0.491515,0.538884,1,0
0.500061,0.491027,0.539861,1,0
0.502503,0.485899,0.541326,1,0
0.499451,0.485167,0.543401,1,0
0.501282,0.488097,0.542547,1,0
0.504944,0.488829,0.539861,1,1
0.502136,0.485289,0.539373,1,0
0.50177,0.485899,0.538762,1,0
0.503968,0.485899,0.537541,1,0
0.501038,0.481016,0.538396,1,0
0.500305,0.481626,0.53803,1,0
0.501648,0.484434,0.537541,1,0
0.499939,0.480894,0.53632,1,0
0.49823,0.480039,0.535344,1,0
0.497986,0.479551,0.5351,1,0
0.497497,0.479429,0.533512,1,0
0.495056,0.478818,0.53339,1,0
0.493957,0.478452,0.532658,1,0
0.493102,0.478452,0.530827,1,0
0.49237,0.481138,0.528263,1,0
0.491515,0.479307,0.527286,1,0
0.490783,0.481626,0.525577,1,0
0.49005,0.484068,0.523257,1,0
0.488951,0.485655,0.522158,1,0
0.487975,0.48712,0.521426,1,0
0.487608,0.489684,0.520693,1,0
0.48651,0.491393,0.520083,1,0
0.485289,0.49298,0.518496,1,0
0.484556,0.495056,0.517397,1,0
0.484922,0.496765,0.517763,1,0
0.484678,0.498108,0.517763,1,0
0.483702,0.49823,0.518008,1,0
0.485167,0.499451,0.517275,1,0
0.484556,0.500549,0.516909,1,0
0.484312,0.500916,0.517886,1,0
0.482603,0.501526,0.520449,1,0
0.4848,0.502259,0.522769,1,0
0.48773,0.505555,0.522281,1,0
0.487364,0.506654,0.524966,1,0
0.491027,0.508607,0.524844,1,0
0.491027,0.508363,0.526554,1,0
0.494567,0.509828,0.525699,1,0
0.492736,0.509095,0.526554,1,0
0.493468,0.507508,0.528873,1,0
0.494933,0.50702,0.527774,1,0
0.496643,0.503846,0.532047,1,0
0.499084,0.503968,0.532292,1,0
0.498718,0.500549,0.535466,1,0
0.499817,0.500183,0.53803,1,0
0.504944,0.498596,0.537663,1,0
0.502991,0.496154,0.539983,1,0
0.503601,0.494079,0.542547,1,0
0.50409,0.49237,0.544988,1,1
0.506409,0.490538,0.543645,1,0
0.504456,0.489928,0.54218,1,0
0.503724,0.489318,0.541204,1,0
0.505311,0.489195,0.539617,1,0
0.503235,0.485899,0.53925,1,0
0.501404,0.484312,0.539495,1,0
0.501892,0.486021,0.540227,1,0
0.500427,0.487364,0.53925,1,0
0.498474,0.483213,0.539006,1,0
0.497375,0.485167,0.539373,1,0
0.496643,0.485655,0.53864,1,0
0.496032,0.481504,0.537541,1,0
0.496398,0.483702,0.535344,1,0
0.494445,0.481748,0.532292,1,0
0.494079,0.482359,0.530582,1,0
0.492858,0.484434,0.528507,1,0
0.491271,0.485533,0.525211,1,0
0.49066,0.485289,0.524478,1,0
0.489073,0.487975,0.522647,1,0
0.487608,0.489684,0.522525,1,0
0.485411,0.490783,0.522525,1,0
0.485655,0.49066,0.521304,1,0
0.485411,0.492858,0.520327,1,0
0.484922,0.494567,0.519961,1,0
0.485533,0.496521,0.519228,1,0
0.4848,0.496521,0.518862,1,0
0.485289,0.498352,0.518618,1,0
0.485533,0.500916,0.518008,1,0
0.485411,0.501892,0.517397,1,0
0.487853,0.503357,0.517886,1,0
0.488585,0.505189,0.518618,1,0
0.486632,0.503601,0.518862,1,0
0.487853,0.503479,0.5246,1,0
0.490783,0.50995,0.523013,1,0
0.488707,0.505677,0.524478,1,0
0.493346,0.505555,0.527286,1,0
0.491759,0.505799,0.528629,1,0
0.492858,0.503846,0.531071,1,0
0.493102,0.503479,0.534611,1,0
0.494933,0.502747,0.532536,1,0
0.493468,0.498352,0.536687,1,0
0.500061,0.498962,0.537907,1,0
0.497497,0.497375,0.540471,1,0
0.497619,0.495544,0.542303,1,0
0.503479,0.494933,0.540227,1,0
0.500061,0.49298,0.540227,1,0
0.502503,0.491637,0.540838,1,1
0.502625,0.491271,0.541448,1,0
0.503846,0.492126,0.539861,1,0
0.50177,0.489806,0.539739,1,0
0.50177,0.486876,0.539495,1,0
0.500183,0.485655,0.539495,1,0
0.501404,0.485655,0.539861,1,0
0.500671,0.482725,0.53925,1,0
0.499451,0.482115,0.53925,1,0
0.499573,0.483091,0.538396,1,0
0.497619,0.482237,0.536809,1,0
0.496154,0.481138,0.536931,1,0
0.496276,0.482481,0.535222,1,0
0.494567,0.482725,0.531315,1,0
0.49298,0.481504,0.530094,1,0
0.491515,0.483824,0.526798,1,0
0.490294,0.484312,0.525211,1,0
0.489562,0.484556,0.523746,1,0
0.488463,0.48712,0.520449,1,0
0.487242,0.488219,0.520083,1,0
0.486143,0.490294,0.51813,1,0
0.484556,0.49066,0.517886,1,0
0.483824,0.492248,0.517275,1,0
0.484312,0.494811,0.518862,1,0
0.483824,0.49591,0.517641,1,0
0.482847,0.496521,0.518374,1,0
0.483946,0.498718,0.518008,1,0
0.483457,0.500305,0.51642,1,0
0.48419,0.499817,0.518862,1,0
0.485655,0.501648,0.517886,1,0
0.486265,0.502869,0.522403,1,0
0.487853,0.508119,0.521426,1,0
0.486876,0.507752,0.523746,1,0
0.491759,0.50763,0.525088,1,0
0.49298,0.507508,0.521304,1,0
0.491515,0.505067,0.526431,1,0
0.491759,0.511049,0.52692,1,0
0.493224,0.50702,0.532536,1,0
0.494079,0.505921,0.531193,1,0
0.491881,0.501648,0.533757,1,0
0.496398,0.505799,0.53632,1,0
0.494201,0.503846,0.537419,1,0
0.496154,0.498474,0.539006,1,0
0.500061,0.498962,0.537907,1,0
0.497497,0.497131,0.538518,1,0
0.500427,0.495056,0.539128,1,0
0.501038,0.494811,0.539495,1,1
0.499939,0.494079,0.540227,1,0
0.50177,0.492248,0.539739,1,0
0.502625,0.491515,0.53925,1,0
0.500671,0.48944,0.539983,1,0
0.502747,0.48944,0.539861,1,0
0.502014,0.489928,0.53925,1,0
0.501282,0.486387,0.540349,1,0
0.500305,0.487364,0.540349,1,0
0.500794,0.485777,0.539617,1,0
0.499206,0.48187,0.538884,1,0
0.499084,0.482725,0.538152,1,0
0.498108,0.484068,0.5351,1,0
0.496887,0.481382,0.534367,1,0
0.494689,0.482115,0.531315,1,0
0.492736,0.482725,0.530704,1,0
0.492736,0.481992,0.529484,1,0
0.491271,0.483946,0.52753,1,0
0.488951,0.484312,0.525211,1,0
0.487853,0.485533,0.524234,1,0
0.486754,0.488707,0.521792,1,0
0.486876,0.489806,0.52167,1,0
0.484556,0.490783,0.521304,1,0
0.484556,0.491881,0.519106,1,0
0.484922,0.492858,0.518984,1,0
0.484678,0.495056,0.518862,1,0
0.482847,0.494811,0.51874,1,0
0.483946,0.496276,0.519106,1,0
0.482969,0.499084,0.519228,1,0
0.483702,0.500305,0.518252,1,0
0.482725,0.500183,0.520083,1,0
0.483946,0.501648,0.51813,1,0
0.482725,0.501038,0.521792,1,0
0.484068,0.502747,0.521182,1,0
0.485289,0.502259,0.52106,1,0
0.485289,0.502014,0.524112,1,0
0.486265,0.502014,0.522403,1,0
0.485655,0.497741,0.527286,1,0
0.492248,0.503968,0.525943,1,0
0.487853,0.502259,0.526187,1,0
0.488951,0.497131,0.52692,1,0
0.494567,0.499451,0.527164,1,0
0.491149,0.497253,0.530216,1,0
0.496154,0.497009,0.532414,1,0
0.49884,0.498108,0.534611,1,0
0.49591,0.496765,0.535954,1,0
0.498352,0.492126,0.538884,1,0
0.500549,0.49237,0.540838,1,0
0.500427,0.492126,0.54218,1,1
0.503357,0.487975,0.54157,1,0
0.501526,0.486632,0.540471,1,0
0.500671,0.485899,0.540105,1,0
0.502136,0.485655,0.539128,1,0
0.49884,0.483091,0.539739,1,0
0.500427,0.482359,0.539861,1,0
0.500549,0.482115,0.538274,1,0
0.499329,0.479917,0.537541,1,0
0.499206,0.479062,0.536687,1,0
0.497497,0.476132,0.535222,1,0
0.497864,0.476621,0.534367,1,0
0.497741,0.476254,0.53278,1,0
0.496398,0.47247,0.531315,1,0
0.494933,0.476621,0.530704,1,0
0.493468,0.478818,0.528995,1,0
0.492614,0.479795,0.527896,1,0
0.491881,0.481504,0.526187,1,0
0.49005,0.482603,0.523501,1,0
0.49005,0.485289,0.522403,1,0
0.489806,0.485899,0.52106,1,0
0.48651,0.487975,0.517886,1,0
0.486265,0.489318,0.519839,1,0
0.485289,0.491881,0.518618,1,0
0.482725,0.492248,0.51874,1,0
0.482847,0.496887,0.519473,1,0
0.48187,0.496643,0.517763,1,0
0.481748,0.496765,0.517641,1,0
0.48065,0.497986,0.517641,1,0
0.480894,0.49884,0.518374,1,0
0.481382,0.500061,0.518618,1,0
0.48126,0.499817,0.516176,1,0
0.48358,0.500061,0.519961,1,0
0.484556,0.502991,0.518984,1,0
0.483335,0.500916,0.520327,1,0
0.484678,0.503601,0.521548,1,0
0.485533,0.502625,0.521304,1,0
0.485167,0.502625,0.523135,1,0
0.488219,0.502869,0.522891,1,0
0.488219,0.499573,0.524356,1,0
0.493224,0.501404,0.529484,1,0
0.494811,0.503846,0.529484,1,0
0.492248,0.500183,0.531681,1,0
0.493591,0.500549,0.534855,1,0
0.498718,0.500549,0.534489,1,0
0.497131,0.494689,0.536198,1,0
0.497009,0.493224,0.539495,1,0
0.503113,0.494689,0.540838,1,1
0.499939,0.494079,0.541082,1,0
0.499817,0.490172,0.541204,1,0
0.500427,0.490172,0.54157,1,0
0.50116,0.488097,0.541448,1,0
0.499939,0.487486,0.541326,1,0
0.501648,0.485289,0.541204,1,0
0.501648,0.482603,0.539495,1,0
0.500183,0.48126,0.53864,1,0
0.500916,0.480405,0.537785,1,0
0.499573,0.480161,0.536442,1,0
0.499695,0.480527,0.537785,1,0
0.499329,0.479307,0.535832,1,0
0.496398,0.477597,0.535222,1,0
0.496521,0.479795,0.534977,1,0
0.494323,0.479917,0.532658,1,0
0.494811,0.481016,0.530949,1,0
0.492614,0.481748,0.528995,1,0
0.49237,0.484068,0.527652,1,0
0.491149,0.484922,0.525699,1,0
0.489195,0.486143,0.525211,1,0
0.486632,0.486998,0.521792,1,0
0.487364,0.489562,0.522647,1,0
0.485655,0.491515,0.519839,1,0
0.485777,0.493102,0.519839,1,0
0.485167,0.493835,0.51874,1,0
0.483457,0.495422,0.516298,1,0
0.483702,0.498352,0.517763,1,0
0.482969,0.500183,0.518496,1,0
0.483824,0.501404,0.518496,1,0
0.482237,0.500671,0.518862,1,0
0.483946,0.500305,0.517886,1,0
0.485167,0.503113,0.519106,1,0
0.485655,0.502991,0.518496,1,0
0.485411,0.501526,0.519839,1,0
0.486632,0.504334,0.522525,1,0
0.487608,0.505067,0.519839,1,0
0.48773,0.50409,0.525088,1,0
0.492126,0.505433,0.524966,1,0
0.491271,0.502503,0.529117,1,0
0.494445,0.504578,0.530582,1,0
0.493102,0.500549,0.531925,1,0
0.496154,0.49823,0.5351,1,0
0.494811,0.49591,0.536076,1,0
0.498718,0.493346,0.539006,1,0
0.497131,0.492126,0.540105,1,0
0.500061,0.49237,0.541082,1,0
0.501038,0.491637,0.539495,1,0
0.498596,0.487242,0.538396,1,1
0.501282,0.488951,0.53864,1,0
0.500427,0.488097,0.539006,1,0
0.501038,0.486387,0.539739,1,0
0.501648,0.484068,0.539373,1,0
0.500794,0.481626,0.539861,1,0
0.502014,0.48358,0.539983,1,0
0.500183,0.480283,0.538152,1,0
0.500183,0.480405,0.537907,1,0
0.499451,0.48126,0.53632,1,0
0.498108,0.479429,0.534489,1,0
0.497497,0.479795,0.534001,1,0
0.496032,0.48126,0.532414,1,0
0.495056,0.481138,0.531193,1,0
0.493957,0.482115,0.529606,1,0
0.493468,0.484434,0.526431,1,0
0.491759,0.484434,0.524478,2,0
0.491393,0.485045,0.523746,2,0
0.489684,0.485655,0.522891,2,0
0.489195,0.488219,0.522769,2,0
0.488951,0.490172,0.522891,2,0
0.48944,0.492126,0.522281,2,0
0.489684,0.492492,0.522281,2,0
0.489318,0.493957,0.522769,2,0
0.487853,0.499206,0.52167,2,0
0.486632,0.499573,0.520693,2,0
0.483213,0.499084,0.521304,2,0
0.480894,0.501282,0.520327,2,0
0.479917,0.504212,0.518862,2,0
0.479307,0.507142,0.517886,2,0
0.477353,0.506898,0.518008,2,0
0.479184,0.50763,0.518008,2,0
0.478452,0.510438,0.516054,2,0
0.476621,0.508973,0.516665,2,0
0.476621,0.509828,0.51581,2,0
0.473446,0.510194,0.513979,2,0
0.473446,0.50763,0.514101,2,0
0.471737,0.506043,0.512636,2,0
0.469296,0.502625,0.513368,2,0
0.470272,0.50177,0.513002,2,0
0.470761,0.501526,0.508729,2,0
0.469784,0.497131,0.511781,2,0
0.472104,0.496154,0.511171,2,0
0.476865,0.495178,0.508851,2,0
0.476743,0.490416,0.515322,2,0
0.479429,0.489318,0.514955,2,0
0.484068,0.487975,0.516298,2,0
0.487242,0.484678,0.519473,2,0
0.487608,0.482481,0.52106,2,0
0.488097,0.477964,0.527286,2,0
0.488707,0.476865,0.52985,2,0
0.489684,0.477109,0.534855,2,0
0.491515,0.475644,0.53803,2,0
0.493346,0.478208,0.537419,2,0
0.49591,0.478452,0.537541,2,0
0.496398,0.479917,0.535222,2,0
0.49591,0.482725,0.532658,2,0
0.497131,0.482237,0.531681,2,0
0.498108,0.483213,0.530582,2,0
0.496765,0.484434,0.530216,2,0
0.496032,0.484312,0.53046,2,0
0.496521,0.485167,0.530216,2,0
0.497009,0.485777,0.530216,2,0
0.498108,0.486387,0.528629,2,0
0.496887,0.485777,0.529239,2,0
0.497619,0.485533,0.529484,2,0
0.499817,0.48773,0.52753,2,0
0.50116,0.488341,0.528385,2,0
0.503357,0.488951,0.528263,2,0
0.506165,0.487486,0.529728,2,0
0.506898,0.488707,0.528629,2,0
0.506287,0.488829,0.528751,2,0
0.504578,0.489684,0.527042,2,0
0.503357,0.477719,0.543401,2,0
0.501038,0.490172,0.531437,2,0
0.497986,0.48712,0.529606,2,0
0.497131,0.48419,0.531437,2,0
0.497864,0.485289,0.529728,2,0
0.497619,0.48651,0.530704,2,0
0.497741,0.488463,0.530704,2,0
0.496643,0.488463,0.531071,2,0
0.497131,0.48773,0.530704,2,0
0.497253,0.486876,0.530704,2,0
0.497375,0.486998,0.530827,2,0
0.497619,0.487242,0.530827,2,0
0.497741,0.487364,0.530949,2,0
0.497864,0.488097,0.530827,2,0
0.497864,0.487486,0.530704,2,0
0.497497,0.487486,0.531193,2,0
0.497741,0.48712,0.531071,2,0
0.495422,0.486754,0.531437,2,0
0.496154,0.486387,0.531437,2,0
0.495422,0.486143,0.531315,2,0
0.492858,0.485167,0.534367,2,0
0.493835,0.48773,0.533634,2,0
0.4953,0.488585,0.532902,2,0
0.498108,0.488707,0.531315,2,0
0.500305,0.49005,0.529117,2,0
0.503968,0.490416,0.530094,2,0
0.507752,0.492248,0.531193,2,0
0.507997,0.49237,0.531193,2,0
0.508241,0.493224,0.530094,2,0
0.507386,0.493468,0.528995,2,0
0.50702,0.492003,0.530216,2,0
0.506409,0.492248,0.53046,2,0
0.505433,0.491637,0.531437,2,0
0.505677,0.490905,0.531803,2,0
0.505555,0.490783,0.531559,2,0
0.504944,0.490783,0.531925,2,0
0.504334,0.491149,0.531925,2,0
0.504334,0.492126,0.532902,2,0
0.504822,0.492248,0.532902,2,0
0.504578,0.492126,0.532658,2,0
0.504822,0.492248,0.532902,2,0
0.504944,0.492248,0.532047,2,0
0.505067,0.492248,0.532047,2,0
0.505677,0.492614,0.531925,2,0
0.504822,0.492614,0.531681,2,0
0.504822,0.492614,0.53278,2,0
0.504822,0.49237,0.531437,2,0
0.504944,0.492003,0.531193,2,0
0.504212,0.492492,0.531681,2,0
0.504822,0.492248,0.531803,2,0
0.503968,0.493346,0.531803,2,0
0.503968,0.493102,0.531437,2,0
0.507874,0.494201,0.52985,2,0
0.508607,0.491271,0.543035,2,0
0.505433,0.49591,0.535222,2,0
0.505921,0.494445,0.531315,2,0
0.509095,0.495056,0.531193,2,0
0.511781,0.493591,0.532658,2,0
0.513124,0.4953,0.532902,2,0
0.514589,0.496154,0.533024,2,0
0.511659,0.495544,0.533268,2,0
0.506776,0.495544,0.535588,2,0
0.504578,0.497741,0.537907,2,0
0.50177,0.495178,0.539006,2,0
0.49884,0.49298,0.544256,2,0
0.499573,0.486021,0.549139,2,0
0.497864,0.482969,0.549017,2,0
0.494811,0.479307,0.54743,2,0
0.493346,0.477109,0.542669,2,0
0.493957,0.479307,0.536442,2,0
0.492003,0.482237,0.53046,2,0
0.491393,0.484312,0.524722,2,0
0.490172,0.48773,0.519106,2,0
0.489562,0.489073,0.514223,2,0
0.488951,0.49066,0.511049,2,0
0.489684,0.494567,0.507508,2,0
0.491027,0.497253,0.503724,2,0
0.492126,0.497375,0.497864,2,0
0.489562,0.493346,0.495422,2,0
0.488463,0.493468,0.496032,2,0
0.489073,0.497375,0.500549,2,0
0.49066,0.496643,0.506409,2,0
0.493591,0.498962,0.526554,2,0
0.493957,0.496398,0.532169,2,0
0.496276,0.491271,0.534855,2,0
0.493224,0.483091,0.540593,2,0
0.493591,0.480161,0.544988,2,0
0.495544,0.480527,0.557197,2,0
0.498352,0.484434,0.564644,2,0
0.499451,0.481992,0.569161,2,0
0.503724,0.48358,0.569894,2,0
0.501404,0.486998,0.564034,2,0
0.500549,0.490538,0.554877,2,0
0.499939,0.490172,0.546209,2,0
0.500427,0.490905,0.537541,2,0
0.500916,0.495788,0.527164,2,0
0.501282,0.500061,0.519351,2,0
0.502136,0.503601,0.512147,2,0
0.502136,0.511049,0.506409,2,0
0.502625,0.513124,0.500916,2,0
0.503235,0.513613,0.500183,2,0
0.503724,0.507997,0.501526,2,0
0.50177,0.506898,0.506654,2,0
0.504456,0.506287,0.512025,2,0
0.499573,0.497619,0.52106,2,0
0.497741,0.488463,0.528751,2,0
0.491149,0.488097,0.534001,2,0
0.491027,0.469173,0.549994,2,0
0.486021,0.467953,0.559517,2,0
0.484068,0.468319,0.565255,2,0
0.486143,0.462825,0.565743,2,0
0.486754,0.465999,0.559394,2,0
0.488585,0.473691,0.552924,2,0
0.489928,0.478818,0.544622,2,0
0.490538,0.481504,0.535954,2,0
0.491515,0.486265,0.528751,2,0
0.491393,0.489684,0.522281,2,0
0.493713,0.489562,0.515688,2,0
0.495056,0.493224,0.50995,2,0
0.494689,0.496521,0.505677,2,0
0.495544,0.496276,0.499939,2,0
0.493591,0.497375,0.496276,2,0
0.491759,0.498718,0.496643,2,0
0.491637,0.496887,0.49823,2,0
0.493346,0.495422,0.503479,2,0
0.495422,0.496154,0.510438,2,0
0.495788,0.492736,0.514833,2,0
0.497497,0.483457,0.537663,2,0
0.502991,0.494079,0.550116,2,0
0.500427,0.484068,0.56147,2,0
0.500305,0.478086,0.570016,2,0
0.497131,0.481992,0.57087,2,0
0.499817,0.477842,0.570626,2,0
0.500061,0.481748,0.56501,2,0
0.50116,0.485167,0.558296,2,0
0.499451,0.48944,0.55036,2,0
0.50116,0.493102,0.540715,2,0
0.502014,0.495056,0.532658,2,0
0.504212,0.499329,0.524356,2,0
0.503846,0.502014,0.515444,2,0
0.502747,0.507264,0.508119,2,0
0.502381,0.508729,0.504212,2,0
0.501648,0.512025,0.500183,2,0
0.499939,0.510805,0.501526,2,0
0.500305,0.50763,0.505555,2,0
0.500061,0.508241,0.509828,2,0
0.501038,0.504456,0.516176,2,0
0.497253,0.499206,0.524234,2,0
0.495422,0.486876,0.534123,2,0
0.493835,0.485777,0.540838,2,0
0.487242,0.461604,0.557075,2,0
0.484678,0.465145,0.56147,2,0
0.48126,0.463313,0.563179,2,0
0.481626,0.457575,0.557563,2,0
0.486387,0.462459,0.54975,2,0
0.486143,0.469173,0.540227,2,0
0.488829,0.476743,0.533879,2,0
0.487975,0.48126,0.523257,2,0
0.490416,0.48419,0.519228,2,0
0.49066,0.487853,0.510805,2,0
0.491515,0.486998,0.507264,2,0
0.493957,0.494201,0.504212,2,0
0.495422,0.496276,0.499817,2,0
0.495544,0.493835,0.499206,2,0
0.494811,0.497864,0.499084,2,0
0.493713,0.498474,0.500061,2,0
0.495788,0.500549,0.505189,2,0
0.493346,0.492492,0.511903,2,0
0.497131,0.491393,0.524356,2,0
0.496521,0.488707,0.539006,2,0
0.499329,0.481748,0.551825,2,0
0.500427,0.478574,0.567696,2,0
0.49823,0.480894,0.570138,2,0
0.496398,0.475888,0.573556,2,0
0.500916,0.479184,0.570016,2,0
0.499939,0.486265,0.559028,2,0
0.500305,0.487364,0.549506,2,0
0.499817,0.48944,0.542058,2,0
0.501038,0.491759,0.534367,2,0
0.500549,0.496765,0.527652,2,0
0.499084,0.496887,0.522158,2,0
0.502625,0.501038,0.51642,2,0
0.501648,0.506654,0.510682,2,0
0.499939,0.512758,0.5047,2,0
0.498352,0.513246,0.503601,2,0
0.497497,0.514101,0.503235,2,0
0.498352,0.511171,0.504822,2,0
0.500794,0.507264,0.50763,2,0
0.498474,0.502136,0.513124,2,0
0.500671,0.498108,0.519228,2,0
0.494445,0.492248,0.525699,2,0
0.494079,0.480161,0.539128,2,0
0.492492,0.479917,0.547674,2,0
0.488829,0.464046,0.56147,2,0
0.486754,0.458918,0.566842,2,0
0.485411,0.458308,0.56379,2,0
0.487608,0.455378,0.558296,2,0
0.487853,0.460383,0.547674,2,0
0.489928,0.470883,0.540715,2,0
0.489928,0.478452,0.532169,2,0
0.492003,0.48358,0.526065,2,0
0.490905,0.485899,0.519351,2,0
0.492248,0.488341,0.51581,2,0
0.491759,0.491637,0.508363,2,0
0.493224,0.493713,0.5047,2,0
0.49298,0.497131,0.499329,2,0
0.491515,0.49823,0.496276,2,0
0.49298,0.500183,0.497741,2,0
0.491881,0.500916,0.498596,2,0
0.492003,0.49823,0.501282,2,0
0.492126,0.494689,0.509095,2,0
0.496398,0.489806,0.513613,2,0
0.498596,0.489684,0.531193,2,0
0.499817,0.491393,0.539495,2,0
0.502503,0.484312,0.551459,2,0
0.501282,0.485777,0.564278,2,0
0.497619,0.485289,0.571359,2,1
0.502991,0.479795,0.577219,2,0
0.50409,0.48126,0.570748,2,0
0.503846,0.484434,0.560493,2,0
0.5047,0.487853,0.550726,2,0
0.502991,0.491881,0.54096,2,0
0.502381,0.493346,0.534855,2,0
0.502259,0.495788,0.530216,2,0
0.502259,0.499084,0.5246,2,0
0.503113,0.501404,0.522036,2,0
0.50116,0.506654,0.513613,2,0
0.498474,0.509095,0.507142,2,0
0.497131,0.509706,0.504578,2,0
0.495666,0.511415,0.500427,2,0
0.494445,0.507508,0.5047,2,0
0.498108,0.504334,0.50763,2,0
0.497864,0.502991,0.512392,2,0
0.497864,0.499084,0.51813,2,0
0.495178,0.49066,0.524112,2,0
0.495544,0.489806,0.532292,2,0
0.49884,0.487364,0.536931,2,0
0.493591,0.472836,0.547674,2,0
0.489318,0.465267,0.557075,2,0
0.486632,0.466121,0.563912,2,0
0.489806,0.457942,0.564278,2,0
0.488341,0.446344,0.55915,2,0
0.490294,0.463191,0.549628,2,0
0.491271,0.471615,0.540838,2,0
0.491149,0.477964,0.533268,2,0
0.492492,0.482969,0.526065,2,0
0.49237,0.4848,0.51874,2,0
0.493957,0.487608,0.513246,2,0
0.493713,0.492492,0.50763,2,0
0.494689,0.496887,0.502991,2,0
0.494933,0.499329,0.49823,2,0
0.491393,0.499817,0.496643,2,0
0.491759,0.501404,0.497497,2,0
0.491393,0.500794,0.499817,2,0
0.49237,0.500671,0.5047,2,0
0.492492,0.497986,0.507508,2,0
0.4953,0.488463,0.51813,2,0
0.492614,0.492248,0.526676,2,0
0.497253,0.482847,0.54157,2,0
0.501526,0.491637,0.550238,2,0
0.498474,0.482847,0.562935,2,0
0.500061,0.475644,0.571359,2,0
0.502136,0.480283,0.575143,2,0
0.503479,0.483457,0.570626,2,0
0.502259,0.48419,0.561348,2,1
0.501648,0.485777,0.552558,2,0
0.501648,0.489684,0.543401,2,0
0.500183,0.490538,0.536931,2,0
0.501404,0.49237,0.531925,2,0
0.502625,0.495666,0.525455,2,0
0.500671,0.499939,0.519228,2,0
0.499451,0.505311,0.514223,2,0
0.496032,0.507997,0.510805,2,0
0.4953,0.509217,0.509584,2,0
0.493957,0.50995,0.508729,2,0
0.493835,0.509217,0.50763,2,0
0.49066,0.504822,0.50995,2,0
0.493591,0.505067,0.511049,2,0
0.497497,0.503968,0.514101,2,0
0.493591,0.500549,0.516909,2,0
0.495178,0.494811,0.522769,2,0
0.498474,0.499695,0.523501,2,0
0.491515,0.493591,0.52985,2,0
0.497619,0.481992,0.536809,2,0
0.493957,0.475034,0.538152,2,0
0.48773,0.459285,0.548773,2,0
0.49005,0.461604,0.552558,2,0
0.487364,0.455256,0.559761,2,0
0.488219,0.452814,0.560737,2,0
0.490538,0.46136,0.554633,2,0
0.491881,0.466976,0.547308,2,0
0.492126,0.474057,0.54096,2,0
0.493591,0.479307,0.532414,2,0
0.493835,0.482115,0.525577,2,0
0.493591,0.485045,0.518496,2,0
0.492614,0.486998,0.513246,2,0
0.493468,0.492248,0.507264,2,0
0.492492,0.494079,0.502991,2,0
0.493102,0.493713,0.499817,2,0
0.492126,0.495544,0.497864,2,0
0.491271,0.498596,0.498352,2,0
0.492492,0.501282,0.500183,2,0
0.492126,0.504212,0.500183,2,0
0.492003,0.500305,0.507752,2,0
0.497009,0.500183,0.51227,2,0
0.496154,0.494323,0.524112,2,0
0.498352,0.492126,0.531437,2,0
0.499817,0.488097,0.546575,2,0
0.499817,0.480039,0.557197,2,0
0.499939,0.476987,0.570138,2,0
0.502014,0.475034,0.576608,2,0
0.502991,0.477353,0.573434,2,0
0.503357,0.480405,0.563423,2,1
0.499939,0.481138,0.556342,2,0
0.500549,0.485655,0.547552,2,0
0.502259,0.488585,0.541448,2,0
0.5047,0.49237,0.533146,2,0
0.50409,0.492858,0.527896,2,0
0.504212,0.497986,0.519351,2,0
0.502503,0.503968,0.511537,2,0
0.500671,0.509706,0.505921,2,0
0.499084,0.509706,0.503235,2,0
0.497131,0.513002,0.502136,2,0
0.496643,0.514345,0.504578,2,0
0.496643,0.509095,0.509462,2,0
0.497131,0.505677,0.513857,2,0
0.498596,0.500916,0.519839,2,0
0.495666,0.499206,0.523013,2,0
0.493835,0.490538,0.527164,2,0
0.497375,0.484922,0.532047,2,0
0.494567,0.477842,0.535344,2,0
0.496276,0.469906,0.541326,2,0
0.491637,0.473691,0.544134,2,0
0.486998,0.466121,0.550971,2,0
0.487975,0.458796,0.555366,2,0
0.488829,0.455988,0.557807,2,0
0.49005,0.456965,0.554145,2,0
0.490783,0.465755,0.546209,2,0
0.489562,0.470272,0.540227,2,0
0.492003,0.475888,0.534001,2,0
0.491759,0.47833,0.52753,2,0
0.493957,0.482237,0.522158,2,0
0.496276,0.486876,0.514955,2,0
0.49591,0.492248,0.508485,2,0
0.494445,0.496643,0.505067,2,0
0.493835,0.500183,0.500061,2,0
0.487853,0.499939,0.498108,2,0
0.491027,0.498596,0.50177,2,0
0.493713,0.500305,0.503724,2,0
0.492126,0.497253,0.504944,2,0
0.492248,0.501282,0.506898,2,0
0.488585,0.499573,0.507264,2,0
0.496154,0.492858,0.522403,2,0
0.49298,0.495666,0.52692,2,0
0.494445,0.482603,0.537907,2,0
0.500183,0.484922,0.545233,2,0
0.495788,0.484434,0.548895,2,0
0.496032,0.479307,0.559761,2,0
0.497986,0.486387,0.564278,2,0
0.497864,0.483213,0.568185,2,0
0.500305,0.475888,0.564888,2,0
0.50116,0.478696,0.558052,2,1
0.500183,0.482481,0.551215,2,0
0.501526,0.486143,0.543645,2,0
0.500671,0.49005,0.533757,2,0
0.500916,0.493468,0.529484,2,0
0.500916,0.497131,0.52399,2,0
0.499939,0.499695,0.520449,2,0
0.498352,0.502136,0.517641,2,0
0.496276,0.507142,0.515566,2,0
0.495544,0.50995,0.514467,2,0
0.494323,0.511781,0.51227,2,0
0.495178,0.508607,0.512514,2,0
0.493591,0.506532,0.509706,2,0
0.492126,0.503113,0.50995,2,0
0.49591,0.499329,0.512758,2,0
0.494079,0.500671,0.516787,2,0
0.493102,0.499451,0.519595,2,0
0.493468,0.496032,0.525333,2,0
0.488707,0.486143,0.529728,2,0
0.499206,0.482603,0.53571,2,0
0.493102,0.479429,0.538396,2,0
0.491027,0.469662,0.547308,2,0
0.495788,0.472104,0.548407,2,0
0.487486,0.465877,0.549383,2,0
0.487853,0.453547,0.553656,2,0
0.488829,0.454401,0.551093,2,0
0.487853,0.459285,0.546942,2,0
0.488097,0.46661,0.541814,2,0
0.489073,0.471859,0.535588,2,0
0.48944,0.478208,0.530216,2,0
0.492003,0.482603,0.520693,2,0
0.492736,0.48358,0.51581,2,0
0.493102,0.489684,0.510438,2,0
0.491881,0.492614,0.50763,2,0
0.493102,0.496154,0.504456,2,0
0.491271,0.49823,0.502136,2,0
0.490172,0.498474,0.500427,2,0
0.49237,0.498352,0.501648,2,0
0.491149,0.499084,0.502625,2,0
0.495056,0.499451,0.503601,2,0
0.492003,0.497253,0.509584,2,0
0.498962,0.502014,0.522036,2,0
0.497864,0.493224,0.530827,2,0
0.503724,0.488097,0.542547,2,0
0.502869,0.488463,0.552924,2,0
0.501282,0.482969,0.561226,2,0
0.50177,0.485167,0.569894,2,0
0.503724,0.487608,0.570748,2,0
0.503968,0.484922,0.568917,2,1
0.503846,0.486387,0.562569,2,0
0.50177,0.489562,0.554267,2,0
0.502991,0.49066,0.546698,2,0
0.500061,0.491271,0.540227,2,0
0.501038,0.493468,0.535832,2,0
0.500916,0.494323,0.528507,2,0
0.502136,0.498962,0.521792,2,0
0.500305,0.504822,0.516298,2,0
0.498718,0.50934,0.510072,2,0
0.497253,0.507997,0.50763,2,0
0.4953,0.510194,0.506409,2,0
0.494201,0.511781,0.506287,2,0
0.494323,0.51056,0.508241,2,0
0.493102,0.507874,0.511293,2,0
0.495544,0.504334,0.514589,2,0
0.494323,0.503357,0.517886,2,0
0.493713,0.497741,0.522647,2,0
0.498108,0.496154,0.526676,2,0
0.492614,0.487242,0.531193,2,0
0.496154,0.475522,0.540105,2,0
0.496276,0.480283,0.542547,2,0
0.48712,0.474667,0.548895,2,0
0.488463,0.467464,0.555366,2,0
0.487608,0.463924,0.556953,2,0
0.487608,0.459285,0.557075,2,0
0.488707,0.461482,0.551947,2,0
0.49005,0.467586,0.544866,2,0
0.489195,0.474789,0.539128,2,0
0.490538,0.479551,0.532902,2,0
0.491759,0.485045,0.524356,2,0
0.491759,0.486876,0.519473,2,0
0.492126,0.488219,0.51349,2,0
0.490905,0.492003,0.507874,2,0
0.491393,0.494323,0.505433,2,0
0.491149,0.493102,0.502259,2,0
0.490538,0.493835,0.500549,2,0
0.491149,0.500305,0.499206,2,0
0.492614,0.501282,0.500061,2,0
0.490416,0.496765,0.501526,2,0
0.495544,0.502259,0.506165,2,0
0.492736,0.500183,0.512514,2,0
0.494689,0.485655,0.518618,2,0
0.496643,0.491393,0.531437,2,0
0.499084,0.489806,0.540105,2,0
0.499817,0.476621,0.554511,2,0
0.503724,0.489928,0.566597,2,0
0.500183,0.48773,0.568917,2,0
0.501648,0.482725,0.569283,2,1
0.503235,0.485045,0.565255,2,0
0.50409,0.485411,0.558174,2,0
0.502747,0.485655,0.550482,2,0
0.503235,0.489195,0.542791,2,0
0.500549,0.493102,0.535954,2,0
0.497619,0.494079,0.534245,2,0
0.500427,0.494323,0.529972,2,0
0.502014,0.499573,0.525821,2,0
0.49823,0.503113,0.519961,2,0
0.497009,0.505433,0.514101,2,0
0.497253,0.507508,0.510682,2,0
0.496276,0.510072,0.507142,2,0
0.494079,0.510438,0.505921,2,0
0.493835,0.505555,0.507997,2,0
0.494445,0.5047,0.509706,2,0
0.493591,0.503357,0.512758,2,0
0.495544,0.498596,0.517153,2,0
0.495544,0.495666,0.52167,2,0
0.495544,0.49005,0.52399,2,0
0.495544,0.488097,0.531071,2,0
0.494445,0.48187,0.537053,2,0
0.498962,0.473569,0.542791,2,0
0.493102,0.471005,0.549139,2,0
0.493957,0.463313,0.553779,2,0
0.492248,0.45257,0.555732,2,0
0.49005,0.458674,0.551703,2,0
0.489684,0.46136,0.546942,2,0
0.490416,0.465511,0.542669,2,0
0.491881,0.472104,0.538274,2,0
0.490294,0.476499,0.532536,2,0
0.490416,0.476132,0.526309,2,0
0.493102,0.483702,0.521304,2,0
0.492736,0.48712,0.514589,2,0
0.492614,0.48712,0.508119,2,0
0.493346,0.493591,0.503601,2,0
0.494201,0.498108,0.499451,2,0
0.491393,0.497619,0.498596,2,0
0.48944,0.500427,0.499084,2,0
0.489562,0.502991,0.503113,2,0
0.491637,0.502259,0.506532,2,0
0.491881,0.496154,0.508973,2,0
0.492003,0.489073,0.515932,2,0
0.495544,0.496765,0.517763,2,0
0.494079,0.489073,0.52753,2,0
0.500427,0.487853,0.533757,2,0
0.50177,0.491149,0.545477,2,0
0.503113,0.486021,0.553534,2,0
0.502991,0.48187,0.562325,2,1
0.504822,0.487364,0.566475,2,0
0.5047,0.483824,0.56965,2,0
0.505433,0.480527,0.56379,2,0
0.503968,0.48358,0.556709,2,0
0.503846,0.485289,0.549872,2,0
0.503601,0.489928,0.543035,2,0
0.503235,0.493835,0.538152,2,0
0.503235,0.4953,0.532047,2,0
0.503357,0.497741,0.528263,2,0
0.500916,0.50409,0.523623,2,0
0.500549,0.505799,0.517519,2,0
0.499084,0.507386,0.51288,2,0
0.496032,0.508729,0.509217,2,0
0.494811,0.508119,0.506776,2,0
0.494079,0.508973,0.505677,2,0
0.492248,0.507874,0.505067,2,0
0.493102,0.503235,0.508729,2,0
0.495178,0.504944,0.510927,2,0
0.491271,0.502503,0.518618,2,0
0.49884,0.500305,0.524722,2,0
0.494201,0.497009,0.526798,2,0
0.493835,0.483946,0.536198,2,0
0.501648,0.485289,0.538274,2,0
0.493835,0.481016,0.541204,2,0
0.490783,0.463558,0.547186,2,0
0.491881,0.462215,0.549994,2,0
0.487364,0.464778,0.553534,2,0
0.486265,0.462703,0.555976,2,0
0.48712,0.46197,0.554633,2,0
0.490172,0.467708,0.548041,2,0
0.489684,0.470394,0.539617,2,0
0.49237,0.4754,0.533757,2,0
0.492492,0.481992,0.526554,2,0
0.493591,0.48651,0.520571,2,0
0.493713,0.487364,0.515078,2,0
0.493835,0.491149,0.509828,2,0
0.491027,0.493957,0.508119,2,0
0.492492,0.496521,0.504212,2,0
0.492492,0.496643,0.500671,2,0
0.490416,0.496765,0.500183,2,0
0.489073,0.498352,0.500061,2,0
0.491515,0.499573,0.500549,2,0
0.49066,0.497253,0.502381,2,0
0.494689,0.496032,0.508241,2,0
0.493102,0.489073,0.518008,2,0
0.498474,0.491637,0.531315,2,0
0.500061,0.493835,0.546453,2,0
0.500305,0.483702,0.556709,2,1
0.501404,0.479429,0.566475,2,0
0.500061,0.480894,0.568795,2,0
0.496765,0.475522,0.568551,2,0
0.502014,0.476987,0.565255,2,0
0.502747,0.483091,0.556587,2,0
0.500549,0.486021,0.547674,2,0
0.500305,0.488707,0.540349,2,0
0.499206,0.49298,0.532658,2,0
0.497741,0.492614,0.530582,2,0
0.499695,0.497253,0.525699,2,0
0.499329,0.500671,0.52167,2,0
0.496765,0.504578,0.517641,2,0
0.496154,0.505921,0.514833,2,0
0.49591,0.511415,0.511171,2,0
0.494079,0.510194,0.510072,2,0
0.492126,0.509584,0.508729,3,0
0.491515,0.506776,0.508973,3,0
0.493102,0.504822,0.511049,3,0
0.496643,0.50177,0.514833,3,0
0.495178,0.501892,0.516787,3,0
0.497619,0.500794,0.519473,3,0
0.498718,0.494079,0.522647,3,0
0.497009,0.481992,0.52985,3,0
0.497864,0.48126,0.536198,3,0
0.498474,0.477719,0.537785,3,0
0.494933,0.465511,0.543279,3,0
0.495178,0.468563,0.541448,3,0
0.492492,0.470883,0.53925,3,0
0.49237,0.466488,0.539006,3,0
0.495178,0.470394,0.534123,3,0
0.494567,0.4754,0.527408,3,0
0.496154,0.475522,0.525699,3,0
0.496643,0.477353,0.522647,3,0
0.496765,0.478696,0.518252,3,0
0.498108,0.47833,0.517153,3,0
0.496521,0.477109,0.519961,3,0
0.496398,0.479551,0.517153,3,0
0.497253,0.476743,0.520938,3,0
0.497375,0.479062,0.523013,3,0
0.500183,0.48126,0.520083,3,0
0.50409,0.467708,0.5246,3,0
0.504212,0.469662,0.523257,3,0
0.506165,0.478208,0.520327,3,0
0.511659,0.480772,0.52167,3,0
0.517763,0.48065,0.520816,3,0
0.52167,0.478086,0.520083,3,0
0.524112,0.475766,0.51642,3,0
0.525088,0.469051,0.516665,3,0
0.523746,0.471615,0.513002,3,0
0.523257,0.471127,0.513002,3,0
0.521914,0.469418,0.512147,3,0
0.519473,0.468197,0.51288,3,0
0.518618,0.469784,0.51227,3,0
0.517763,0.47015,0.514223,3,0
0.517275,0.471981,0.515566,3,0
0.51813,0.473202,0.516665,3,0
0.51874,0.474545,0.517641,3,0
0.519473,0.475278,0.518252,3,0
0.518862,0.476254,0.517886,3,0
0.51874,0.476499,0.517763,3,0
0.519717,0.474911,0.517275,3,0
0.519839,0.471981,0.516787,3,0
0.520327,0.466732,0.516054,3,0
0.517153,0.464778,0.516543,3,0
0.5152,0.468441,0.513246,3,0
0.510316,0.461238,0.517519,3,0
0.507874,0.467342,0.513124,3,0
0.5047,0.465755,0.514223,3,0
0.501038,0.471371,0.510805,3,0
0.499084,0.476132,0.50763,3,0
0.498108,0.474057,0.508851,3,0
0.497497,0.475278,0.509095,3,0
0.49591,0.475766,0.514101,3,0
0.497131,0.479307,0.513368,3,0
0.493957,0.476621,0.519717,3,0
0.494933,0.479673,0.52167,3,0
0.497986,0.488463,0.519595,3,0
0.504456,0.483213,0.527896,3,0
0.507997,0.487486,0.531071,3,0
0.511659,0.48944,0.531193,3,0
0.515078,0.489806,0.535222,3,0
0.514467,0.488219,0.535222,3,0
0.509584,0.492003,0.530949,3,0
0.508485,0.493102,0.530582,3,0
0.506532,0.492492,0.530582,3,0
0.508973,0.49237,0.53046,3,0
0.509706,0.492736,0.530704,3,0
0.509217,0.490905,0.530094,3,0
0.507386,0.492492,0.53046,3,0
0.5047,0.492003,0.528019,3,0
0.503357,0.492126,0.52985,3,0
0.503968,0.490905,0.531315,3,0
0.502259,0.494567,0.529484,3,0
0.509584,0.492492,0.534611,3,0
0.508851,0.485289,0.545477,3,0
0.504822,0.490538,0.537175,3,0
0.506409,0.493835,0.533268,3,0
0.50763,0.494445,0.531681,3,0
0.511903,0.488585,0.534733,3,0
0.511415,0.48944,0.537785,3,0
0.509217,0.488951,0.538518,3,0
0.505921,0.488097,0.539495,3,0
0.501038,0.486998,0.535832,3,0
0.497864,0.484312,0.530338,3,0
0.496154,0.481504,0.525455,3,0
0.49591,0.482481,0.522525,3,0
0.495178,0.483335,0.521426,3,0
0.494689,0.484678,0.521182,3,0
0.494201,0.487486,0.52167,3,0
0.493957,0.488585,0.522281,3,0
0.493835,0.487975,0.522891,3,0
0.493468,0.488219,0.524112,3,0
0.494933,0.489562,0.527774,3,0
0.495544,0.49005,0.528629,3,0
0.496643,0.489318,0.531925,3,0
0.497253,0.49066,0.534611,3,0
0.498474,0.490416,0.534855,3,0
0.498352,0.490294,0.535832,3,0
0.497864,0.490294,0.534977,3,0
0.497619,0.490172,0.534611,3,0
0.497375,0.489928,0.533268,3,0
0.496276,0.488951,0.531559,3,0
0.496521,0.48773,0.530338,3,0
0.496032,0.488829,0.529484,3,0
0.496643,0.489806,0.530704,3,0
0.497131,0.490905,0.530582,3,0
0.496887,0.490783,0.532169,3,0
0.497375,0.490783,0.53278,3,0
0.496765,0.491637,0.533268,3,0
0.497253,0.491393,0.534733,3,0
0.497009,0.491637,0.535832,3,0
0.496643,0.490416,0.536687,3,0
0.496154,0.490783,0.537907,3,0
0.496032,0.492126,0.53925,3,0
0.495544,0.491393,0.538152,3,0
0.494079,0.490783,0.537419,3,0
0.493713,0.491515,0.538152,3,0
0.494079,0.49298,0.536565,3,0
0.492492,0.494445,0.534367,3,0
0.492492,0.493224,0.535222,3,0
0.492003,0.492614,0.533024,3,0
0.489928,0.493835,0.530704,3,0
0.488829,0.4953,0.531193,3,0
0.489928,0.497253,0.52985,3,0
0.488951,0.495544,0.527042,3,0
0.486998,0.493835,0.526431,3,0
0.48712,0.496154,0.524112,3,0
0.4848,0.497497,0.523135,3,0
0.484678,0.497375,0.523135,3,0
0.483335,0.497986,0.521426,3,0
0.482969,0.497131,0.520083,3,0
0.481382,0.498474,0.518374,3,0
0.48126,0.499206,0.51642,3,0
0.479673,0.498718,0.515322,3,0
0.478818,0.497131,0.515932,3,0
0.479184,0.497619,0.513002,3,0
0.477475,0.495056,0.5152,3,0
0.478452,0.496032,0.516054,3,0
0.478208,0.497497,0.516787,3,0
0.480283,0.497009,0.51642,3,0
0.480283,0.493591,0.517641,3,0
0.480894,0.493591,0.517275,3,0
0.483702,0.494445,0.517153,3,0
0.482481,0.492248,0.519351,3,0
0.483946,0.492492,0.518252,3,0
0.484678,0.493346,0.521426,3,0
0.486265,0.491637,0.522525,3,0
0.48944,0.490783,0.527408,3,0
0.489684,0.492003,0.528141,3,0
0.492492,0.487486,0.531071,3,0
0.492248,0.486021,0.533024,3,0
0.494079,0.484922,0.531315,3,0
0.497741,0.48419,0.536198,3,0
0.499817,0.486143,0.535588,3,0
0.499817,0.482847,0.538518,3,0
0.50116,0.483213,0.542058,3,0
0.504212,0.485899,0.541936,3,0
0.504944,0.485655,0.543157,3,0
0.505433,0.485411,0.544744,3,0
0.505433,0.487975,0.544988,3,0
0.505555,0.488707,0.544866,3,0
0.505799,0.488829,0.543401,3,0
0.504822,0.488707,0.542058,3,0
0.5047,0.486876,0.540105,3,0
0.503479,0.488219,0.538152,3,0
0.500183,0.485899,0.538152,3,0
0.500549,0.488463,0.536809,3,0
0.49884,0.488585,0.534855,3,0
0.496765,0.485411,0.534367,3,0
0.495544,0.488829,0.53339,3,0
0.493713,0.490416,0.531681,3,0
0.493224,0.492003,0.531071,3,0
0.491149,0.489806,0.52985,3,0
0.490416,0.489684,0.530216,3,0
0.49005,0.493224,0.527286,3,0
0.488951,0.493957,0.523868,3,0
0.487242,0.492126,0.521304,3,0
0.485899,0.492614,0.518374,3,0
0.485655,0.493102,0.516665,3,0
0.484434,0.494079,0.515932,3,0
0.483213,0.495544,0.514223,3,0
0.482969,0.497497,0.513246,3,0
0.481748,0.496643,0.512514,3,0
0.481748,0.494079,0.513002,3,0
0.481992,0.494933,0.51349,3,0
0.483335,0.495178,0.513368,3,0
0.483091,0.493957,0.515688,3,0
0.482603,0.493591,0.5152,3,0
0.482847,0.492248,0.517031,3,0
0.484068,0.493591,0.518984,3,0
0.485655,0.49237,0.524234,3,0
0.485655,0.492003,0.526065,3,0
0.489928,0.491759,0.527164,3,0
0.491271,0.49298,0.530949,3,0
0.49005,0.492126,0.531193,3,0
0.494201,0.489684,0.533634,3,0
0.492614,0.48944,0.534733,3,0
0.4953,0.486265,0.534733,3,0
0.496887,0.484312,0.538884,3,0
0.499451,0.487486,0.536442,3,0
0.49884,0.486143,0.538396,3,0
0.500061,0.486876,0.540349,3,0
0.500916,0.487364,0.540715,3,0
0.500916,0.48651,0.543279,3,0
0.503601,0.48944,0.545355,3,0
0.503724,0.490294,0.546575,3,0
0.505311,0.488829,0.549383,3,0
0.504212,0.489318,0.547186,3,0
0.502991,0.488463,0.546087,3,0
0.502014,0.48773,0.543645,3,0
0.500305,0.487486,0.540349,3,0
0.499084,0.486387,0.539739,3,0
0.497009,0.487608,0.536687,3,0
0.496643,0.488707,0.534245,3,0
0.495056,0.488341,0.531803,3,0
0.49298,0.488341,0.529239,3,0
0.491515,0.492003,0.527408,3,0
0.490783,0.493957,0.526309,3,0
0.489073,0.496154,0.524478,3,0
0.487853,0.494933,0.522281,3,0
0.488097,0.492858,0.522158,3,0
0.485533,0.495178,0.517275,3,0
0.485045,0.494811,0.515444,3,0
0.484068,0.493835,0.513613,3,0
0.483335,0.496521,0.511659,3,0
0.481138,0.49591,0.510682,3,0
0.481138,0.496765,0.512025,3,0
0.481138,0.497986,0.511781,3,0
0.48065,0.496887,0.512636,3,0
0.481016,0.497375,0.513368,3,0
0.479795,0.495788,0.514589,3,0
0.479307,0.494933,0.517031,3,0
0.484434,0.498596,0.514223,3,0
0.482115,0.493957,0.515566,3,0
0.485655,0.492003,0.519717,3,0
0.488341,0.496398,0.51813,3,0
0.488829,0.488585,0.523135,3,0
0.487608,0.493957,0.525333,3,0
0.48773,0.490294,0.528873,3,0
0.492858,0.488707,0.534489,3,0
0.491637,0.486876,0.535466,3,0
0.494811,0.481382,0.541082,3,0
0.497253,0.489684,0.540349,3,0
0.496276,0.485777,0.53803,3,0
0.496887,0.480283,0.540471,3,0
0.500061,0.485167,0.540349,3,0
0.500305,0.487364,0.540471,3,0
0.501526,0.486265,0.541936,3,0
0.502747,0.487608,0.543035,3,0
0.502869,0.488463,0.544256,3,0
0.503479,0.48773,0.5445,3,0
0.503357,0.488829,0.543768,3,0
0.501282,0.486143,0.543645,3,0
0.500916,0.486387,0.543157,3,0
0.499695,0.486265,0.539983,3,0
0.499695,0.48419,0.539373,3,0
0.499451,0.485045,0.537419,3,0
0.496154,0.485655,0.5351,3,0
0.496032,0.488707,0.535466,3,0
0.493102,0.491881,0.532658,3,0
0.491759,0.49237,0.530949,3,0
0.49066,0.493224,0.52985,3,0
0.489195,0.495666,0.525943,3,0
0.487486,0.495422,0.522158,3,0
0.487486,0.493713,0.518984,3,0
0.484922,0.495178,0.515932,3,0
0.485533,0.495666,0.516176,3,1
0.483091,0.49591,0.515932,3,0
0.482115,0.495666,0.515444,3,0
0.48187,0.496643,0.5152,3,0
0.480527,0.497619,0.513613,3,0
0.478452,0.496154,0.512514,3,0
0.479184,0.496765,0.512636,3,0
0.479307,0.49823,0.51349,3,0
0.480405,0.496765,0.513735,3,0
0.481138,0.495422,0.513613,3,0
0.481748,0.494323,0.51288,3,0
0.484556,0.4953,0.514711,3,0
0.483091,0.493102,0.514955,3,0
0.487242,0.495056,0.518862,3,0
0.485411,0.496643,0.520816,3,0
0.4848,0.49237,0.520938,3,0
0.486143,0.49066,0.525943,3,0
0.487242,0.49298,0.526065,3,0
0.488097,0.49066,0.532292,3,0
0.489562,0.488463,0.534001,3,0
0.494567,0.488097,0.536198,3,0
0.492858,0.486754,0.539617,3,0
0.496276,0.48419,0.539373,3,0
0.496276,0.485899,0.541692,3,0
0.498108,0.48773,0.541204,3,0
0.497619,0.48419,0.54218,3,0
0.50116,0.487608,0.543279,3,0
0.50177,0.490172,0.542547,3,0
0.500794,0.488219,0.544012,3,0
0.50116,0.489073,0.544012,3,0
0.500427,0.487975,0.543768,3,0
0.500916,0.487853,0.543279,3,0
0.498718,0.488951,0.541204,3,0
0.49823,0.489318,0.540715,3,0
0.498474,0.490416,0.539128,3,0
0.497375,0.48944,0.537541,3,0
0.497375,0.49005,0.536076,3,0
0.496032,0.490783,0.532536,3,0
0.493957,0.490783,0.532169,3,0
0.492492,0.493591,0.531071,3,0
0.490172,0.493835,0.530094,3,0
0.488951,0.49591,0.529484,3,0
0.487364,0.496276,0.528751,3,0
0.487242,0.494689,0.52753,3,0
0.48651,0.494933,0.525088,3,0
0.486265,0.496521,0.523013,3,0
0.485167,0.494933,0.521304,3,0
0.4848,0.494079,0.519106,3,0
0.483335,0.497009,0.516665,3,1
0.481992,0.497741,0.517153,3,0
0.48187,0.500305,0.516176,3,0
0.480283,0.497497,0.516787,3,0
0.481992,0.497741,0.516909,3,0
0.480283,0.497986,0.514345,3,0
0.481016,0.496276,0.513979,3,0
0.480772,0.497497,0.512392,3,0
0.480527,0.49591,0.51288,3,0
0.48419,0.498474,0.513124,3,0
0.481748,0.493591,0.51227,3,0
0.484068,0.496643,0.517763,3,0
0.480405,0.503357,0.515688,3,0
0.481016,0.488341,0.519595,3,0
0.482725,0.495788,0.520205,3,0
0.48419,0.491515,0.520327,3,0
0.486998,0.48651,0.529606,3,0
0.489562,0.489318,0.52753,3,0
0.490416,0.485533,0.531071,3,0
0.494323,0.487975,0.532658,3,0
0.496032,0.48712,0.532536,3,0
0.496154,0.485777,0.537541,3,0
0.49823,0.490538,0.537175,3,0
0.498962,0.487608,0.539617,3,0
0.501526,0.487486,0.542303,3,0
0.501892,0.489928,0.543523,3,0
0.502136,0.487975,0.544866,3,0
0.503968,0.487608,0.54389,3,0
0.503113,0.488829,0.54511,3,0
0.5047,0.489562,0.544866,3,0
0.504456,0.489318,0.544256,3,0
0.505067,0.489928,0.544622,3,0
0.504212,0.491881,0.543279,3,0
0.503846,0.490905,0.541936,3,0
0.503113,0.491637,0.538884,3,0
0.500427,0.488829,0.537297,3,0
0.499451,0.488829,0.537663,3,0
0.499206,0.49005,0.5351,3,0
0.496887,0.486387,0.533512,3,0
0.496032,0.488219,0.53339,3,0
0.493591,0.490538,0.532658,3,0
0.492614,0.49237,0.532292,3,0
0.491271,0.493957,0.529239,3,0
0.488951,0.494567,0.528873,3,0
0.487608,0.496154,0.525699,3,0
0.4848,0.495544,0.523623,3,0
0.486143,0.494811,0.521182,3,0
0.485777,0.496398,0.515932,3,0
0.483702,0.495056,0.515322,3,1
0.484068,0.497009,0.514101,3,0
0.482847,0.498108,0.513002,3,0
0.481748,0.496398,0.513979,3,0
0.483091,0.498352,0.513002,3,0
0.479673,0.495178,0.514223,3,0
0.480405,0.493957,0.514101,3,0
0.480039,0.496154,0.515566,3,0
0.481382,0.497009,0.515688,3,0
0.481504,0.494567,0.515566,3,0
0.482725,0.496154,0.515932,3,0
0.481748,0.495422,0.51349,3,0
0.484678,0.493102,0.518862,3,0
0.485167,0.497619,0.522158,3,0
0.484434,0.493835,0.523257,3,0
0.490905,0.495056,0.529972,3,0
0.490783,0.498718,0.529361,3,0
0.488829,0.490416,0.531803,3,0
0.49237,0.491271,0.534367,3,0
0.494445,0.491637,0.533146,3,0
0.49298,0.483213,0.534611,3,0
0.498596,0.486998,0.536931,3,0
0.499573,0.489195,0.536076,3,0
0.498962,0.484434,0.536931,3,0
0.501038,0.486876,0.538884,3,0
0.502136,0.489806,0.540349,3,0
0.50177,0.489562,0.542547,3,0
0.503601,0.489928,0.544622,3,0
0.503846,0.491271,0.545355,3,0
0.503846,0.491027,0.545355,3,0
0.504456,0.490538,0.545843,3,0
0.504334,0.491271,0.544256,3,0
0.503479,0.49066,0.542425,3,0
0.501282,0.490172,0.541936,3,0
0.501038,0.491027,0.540838,3,0
0.500061,0.492492,0.538884,3,0
0.499939,0.49005,0.538762,3,0
0.498962,0.489684,0.537907,3,0
0.498352,0.490783,0.535466,3,0
0.497009,0.492248,0.533268,3,0
0.494689,0.49237,0.531559,3,0
0.494201,0.49298,0.529972,3,0
0.492614,0.49298,0.528385,3,0
0.491759,0.494323,0.52753,3,0
0.48944,0.495788,0.525333,3,0
0.487242,0.494811,0.523379,3,0
0.486876,0.494933,0.523135,3,0
0.484556,0.496765,0.519839,3,0
0.483213,0.496154,0.518374,3,1
0.482725,0.497253,0.51813,3,0
0.481748,0.497741,0.51581,3,0
0.480772,0.497131,0.514223,3,0
0.48065,0.496887,0.514223,3,0
0.479551,0.496521,0.513246,3,0
0.481016,0.495056,0.514955,3,0
0.48126,0.498108,0.513857,3,0
0.480039,0.496398,0.513613,3,0
0.479062,0.49591,0.514467,3,0
0.481626,0.497009,0.514955,3,0
0.485167,0.496887,0.517763,3,0
0.484312,0.493102,0.517275,3,0
0.485045,0.492736,0.521914,3,0
0.490783,0.498718,0.522281,3,0
0.485411,0.490538,0.524112,3,0
0.49005,0.494933,0.528751,3,0
0.489928,0.497986,0.530827,3,0
0.49005,0.49298,0.533634,3,0
0.493346,0.491271,0.535832,3,0
0.493713,0.493224,0.5351,3,0
0.494323,0.488463,0.537053,3,0
0.496887,0.48944,0.538274,3,0
0.500183,0.492614,0.537053,3,0
0.498108,0.49005,0.538762,3,0
0.500305,0.490538,0.538762,3,0
0.50177,0.492003,0.53803,3,0
0.50177,0.490172,0.540227,3,0
0.502625,0.492003,0.542913,3,0
0.503479,0.49298,0.545477,3,0
0.505067,0.492614,0.546942,3,0
0.5047,0.493591,0.547308,3,0
0.504334,0.493591,0.546942,3,0
0.50409,0.492736,0.545477,3,0
0.502991,0.49298,0.543523,3,0
0.50177,0.492248,0.542425,3,0
0.500794,0.491393,0.540349,3,0
0.500427,0.491515,0.538396,3,0
0.499084,0.49237,0.536565,3,0
0.496521,0.491149,0.53278,3,0
0.495544,0.492126,0.530949,3,0
0.493957,0.493713,0.529484,3,0
0.492736,0.494201,0.528507,3,0
0.491393,0.494811,0.527286,3,0
0.488585,0.495788,0.525455,3,0
0.487853,0.497253,0.5246,3,0
0.485045,0.498474,0.523379,3,0
0.483824,0.498352,0.522036,3,0
0.483091,0.49823,0.521426,3,0
0.482847,0.498352,0.519839,3,1
0.48187,0.497497,0.519106,3,0
0.481992,0.497497,0.517763,3,0
0.481382,0.495056,0.517275,3,0
0.482359,0.497375,0.515688,3,0
0.478208,0.496398,0.514955,3,0
0.480894,0.498352,0.513979,3,0
0.480405,0.499451,0.514467,3,0
0.482359,0.497741,0.514589,3,0
0.481138,0.495788,0.515322,3,0
0.486998,0.497131,0.515078,3,0
0.483335,0.494689,0.517153,3,0
0.485167,0.496276,0.519839,3,0
0.486387,0.498718,0.523257,3,0
0.488097,0.496887,0.523135,3,0
0.488707,0.493468,0.528019,3,0
0.487975,0.494811,0.530094,3,0
0.491881,0.494079,0.532169,3,0
0.492126,0.493224,0.533879,3,0
0.494201,0.490294,0.53571,3,0
0.497009,0.490294,0.539373,3,0
0.500427,0.491149,0.539373,3,0
0.500183,0.490905,0.543401,3,0
0.500916,0.492126,0.544378,3,0
0.501404,0.493224,0.54511,3,0
0.503479,0.493102,0.545233,3,0
0.503235,0.492858,0.546209,3,0
0.503724,0.493224,0.54743,3,0
0.504578,0.493346,0.546698,3,0
0.502991,0.492736,0.545965,3,0
0.502381,0.492248,0.544256,3,0
0.501892,0.492003,0.542547,3,0
0.50177,0.492614,0.539739,3,0
0.500794,0.492248,0.538762,3,0
0.498596,0.490172,0.535466,3,0
0.497009,0.49066,0.534977,3,0
0.49591,0.491637,0.533268,3,0
0.495178,0.491759,0.532292,3,0
0.493102,0.49237,0.531193,3,0
0.49237,0.493346,0.531193,3,0
0.490294,0.495056,0.530338,3,0
0.487975,0.496154,0.527774,3,0
0.487364,0.496643,0.52692,3,0
0.486387,0.496521,0.524722,3,0
0.486265,0.496765,0.523746,3,0
0.4848,0.497375,0.521426,3,0
0.484312,0.496154,0.517886,3,0
0.483702,0.496276,0.517763,3,1
0.482237,0.499817,0.515688,3,0
0.480161,0.497619,0.514833,3,0
0.48187,0.49823,0.515322,3,0
0.480527,0.498962,0.514223,3,0
0.479673,0.497131,0.513979,3,0
0.47894,0.496765,0.514467,3,0
0.48065,0.495422,0.513735,3,0
0.48187,0.49884,0.5152,3,0
0.482969,0.496154,0.513857,3,0
0.48419,0.495422,0.517153,3,0
0.486632,0.498596,0.516787,3,0
0.485167,0.495544,0.520938,3,0
0.48773,0.496765,0.523501,3,0
0.48773,0.500427,0.5246,3,0
0.487608,0.495666,0.529484,3,0
0.49005,0.494323,0.53278,3,0
0.491515,0.495178,0.535588,3,0
0.49591,0.493346,0.53339,3,0
0.494323,0.48773,0.540349,3,0
0.499573,0.491149,0.539128,3,0
0.502625,0.492126,0.539373,3,0
0.501282,0.493713,0.539861,3,0
0.502747,0.493713,0.539128,3,0
0.501038,0.492126,0.543157,3,0
0.503113,0.494567,0.5445,3,0
0.504578,0.496521,0.545355,3,0
0.504578,0.494933,0.545965,3,0
0.505067,0.493102,0.546209,3,0
0.504822,0.493713,0.546942,3,0
0.506409,0.49298,0.544866,3,0
0.503479,0.493591,0.542913,3,0
0.502869,0.494567,0.54157,3,0
0.501648,0.494811,0.540349,3,0
0.501404,0.494445,0.540227,3,0
0.500794,0.494567,0.53925,3,0
0.499817,0.494689,0.537175,3,0
0.498108,0.494079,0.536442,3,0
0.497253,0.493835,0.533268,3,0
0.494323,0.49237,0.531071,3,0
0.494323,0.490172,0.531193,3,0
0.491637,0.493957,0.528019,3,0
0.488707,0.49591,0.526798,3,0
0.48712,0.495544,0.524722,3,0
0.485289,0.497131,0.523746,3,0
0.485411,0.499573,0.522647,3,0
0.484434,0.500549,0.520571,3,0
0.483457,0.498962,0.519595,3,0
0.482725,0.501282,0.516909,3,1
0.480405,0.499084,0.516543,3,0
0.481748,0.498352,0.515688,3,0
0.482481,0.498962,0.513735,3,0
0.480772,0.497131,0.514223,3,0
0.481382,0.496032,0.512636,3,0
0.480161,0.496032,0.514345,3,0
0.482237,0.499084,0.514223,3,0
0.480161,0.49884,0.515444,3,0
0.481748,0.498352,0.515932,3,0
0.484556,0.499329,0.519351,3,0
0.484068,0.497131,0.518252,3,0
0.483335,0.491393,0.523868,3,0
0.489195,0.500671,0.523746,3,0
0.485533,0.4953,0.523623,3,0
0.491027,0.493468,0.529484,3,0
0.489318,0.495422,0.529972,3,0
0.489073,0.493346,0.531925,3,0
0.495666,0.493224,0.533512,3,0
0.494933,0.493102,0.534367,3,0
0.496521,0.488829,0.5351,3,0
0.500061,0.490538,0.538274,3,0
0.500671,0.489806,0.539006,3,0
0.50116,0.486754,0.540838,3,0
0.504578,0.491637,0.542669,3,0
0.503357,0.490538,0.544378,3,0
0.503846,0.49005,0.546942,3,0
0.503479,0.49237,0.548529,3,0
0.503479,0.491881,0.549261,3,0
0.504822,0.49298,0.548041,3,0
0.503846,0.49237,0.546209,3,0
0.503968,0.491881,0.544012,3,0
0.503357,0.491759,0.540838,3,0
0.501648,0.492126,0.539006,3,0
0.501282,0.493468,0.53864,3,0
0.49823,0.493591,0.536809,3,0
0.497986,0.491637,0.5351,3,0
0.494811,0.493102,0.532902,3,0
0.493102,0.492248,0.530704,3,0
0.491637,0.493835,0.528751,3,0
0.491881,0.495544,0.529239,3,0
0.490294,0.499329,0.528751,3,0
0.487608,0.500183,0.526187,3,0
0.486021,0.500305,0.524234,3,0
0.485655,0.501038,0.524234,3,0
0.484312,0.499206,0.522525,3,0
0.48419,0.496154,0.518496,3,0
0.482725,0.496154,0.517519,3,0
0.481138,0.497009,0.513124,3,1
0.483091,0.497253,0.513979,3,0
0.482481,0.497131,0.513002,3,0
0.48065,0.49591,0.515078,3,0
0.479429,0.500061,0.515078,3,0
0.479307,0.499939,0.515566,3,0
0.479673,0.499817,0.51581,3,0
0.479184,0.498962,0.516787,3,0
0.481382,0.49884,0.518618,3,0
0.483213,0.500916,0.519961,3,0
0.483946,0.499206,0.519595,3,0
0.485411,0.496887,0.521548,3,0
0.487364,0.498962,0.52106,3,0
0.487853,0.497741,0.523868,3,0
0.489928,0.498352,0.52399,3,0
0.491515,0.496643,0.524112,3,0
0.495666,0.495056,0.524966,4,0
0.495178,0.491393,0.52753,4,0
0.497741,0.491149,0.530094,4,0
0.501648,0.49005,0.530216,4,0
0.503724,0.484922,0.533512,4,0
0.503357,0.485411,0.535222,4,0
0.503479,0.484068,0.535832,4,0
0.503724,0.482237,0.540227,4,0
0.504456,0.482969,0.544988,4,0
0.503479,0.48419,0.548895,4,0
0.506532,0.483702,0.549383,4,0
0.506776,0.483702,0.549628,4,0
0.507752,0.485777,0.54682,4,0
0.508119,0.487486,0.54218,4,0
0.507874,0.486143,0.537907,4,0
0.508607,0.486876,0.533757,4,0
0.509462,0.486265,0.530338,4,0
0.511049,0.486387,0.528507,4,0
0.511415,0.485655,0.52753,4,0
0.511537,0.487486,0.526798,4,0
0.513979,0.487364,0.526798,4,0
0.5152,0.483213,0.529606,4,0
0.514833,0.47833,0.531437,4,0
0.515078,0.479673,0.530827,4,0
0.514589,0.47894,0.529484,4,0
0.514223,0.476865,0.525455,4,0
0.517641,0.481992,0.518496,4,0
0.517886,0.48065,0.51581,4,0
0.518496,0.476865,0.514711,4,0
0.520083,0.478818,0.509584,4,0
0.525455,0.480772,0.502381,4,0
0.533512,0.480405,0.498596,4,0
0.542547,0.476987,0.49884,4,0
0.555854,0.471127,0.491515,4,0
0.547186,0.460872,0.489562,4,0
0.527042,0.471981,0.488341,4,0
0.521914,0.462215,0.498474,4,0
0.524234,0.460994,0.499451,4,0
0.529117,0.463313,0.498474,4,0
0.523501,0.456477,0.502014,4,0
0.520449,0.454523,0.501404,4,0
0.529361,0.459651,0.497986,4,0
0.530094,0.463558,0.49298,4,0
0.546087,0.46661,0.484922,4,0
0.557563,0.471981,0.485777,4,0
0.559394,0.471249,0.483946,4,0
0.555121,0.466732,0.485655,4,0
0.54975,0.468685,0.487364,4,0
0.54389,0.468319,0.493346,4,0
0.540349,0.47015,0.497864,4,0
0.534733,0.474667,0.500061,4,0
0.531559,0.471005,0.506409,4,0
0.528385,0.46954,0.510072,4,0
0.526431,0.472226,0.51349,4,0
0.525699,0.47833,0.51813,4,0
0.526065,0.4848,0.523501,4,0
0.526554,0.488097,0.530582,4,0
0.526065,0.494689,0.53278,4,0
0.521426,0.505067,0.529239,4,0
0.517153,0.494445,0.529484,4,0
0.515444,0.48651,0.527164,4,0
0.514833,0.484068,0.523135,4,0
0.515688,0.480039,0.521304,4,0
0.515932,0.472226,0.520571,4,0
0.515322,0.462947,0.519473,4,0
0.513368,0.461116,0.518496,4,0
0.510805,0.455012,0.518374,4,0
0.507142,0.447931,0.516787,4,0
0.501282,0.449274,0.514711,4,0
0.491759,0.450617,0.510927,4,0
0.484312,0.458308,0.510682,4,0
0.480405,0.465023,0.510927,4,0
0.480283,0.467586,0.513613,4,0
0.481504,0.470516,0.513857,4,0
0.482237,0.475156,0.516054,4,0
0.482725,0.476865,0.518618,4,0
0.484312,0.477964,0.517275,4,0
0.486021,0.47833,0.521548,4,0
0.491393,0.478452,0.522647,4,0
0.495788,0.47894,0.524966,4,0
0.500305,0.483457,0.526676,4,0
0.507752,0.480772,0.530338,4,0
0.510438,0.487608,0.528629,4,0
0.51227,0.487608,0.531193,4,0
0.512147,0.491393,0.531193,4,0
0.508851,0.492858,0.529728,4,0
0.507874,0.488707,0.531315,4,0
0.505799,0.491271,0.530338,4,0
0.503968,0.492614,0.52985,4,0
0.502503,0.491637,0.531071,4,0
0.502136,0.492126,0.531071,4,0
0.500305,0.490294,0.531925,4,0
0.500061,0.488463,0.533268,4,0
0.499573,0.489073,0.53278,4,0
0.500427,0.488097,0.531559,4,0
0.500305,0.487975,0.530582,4,0
0.500794,0.486754,0.531559,4,0
0.500916,0.489806,0.531681,4,0
0.50116,0.490172,0.53278,4,0
0.502503,0.49298,0.532047,4,0
0.502136,0.492248,0.531315,4,0
0.501526,0.489073,0.531925,4,0
0.501404,0.487364,0.531315,4,0
0.500305,0.48944,0.531193,4,0
0.500183,0.490172,0.532169,4,0
0.500305,0.490294,0.53278,4,0
0.500183,0.489806,0.531559,4,0
0.500305,0.489073,0.531681,4,0
0.500549,0.491149,0.532169,4,0
0.500305,0.491759,0.532658,4,0
0.501526,0.489928,0.531681,4,0
0.501526,0.489195,0.531071,4,0
0.502259,0.491881,0.531681,4,0
0.501648,0.492492,0.532658,4,0
0.500549,0.490905,0.532292,4,0
0.500427,0.48944,0.532047,4,0
0.501648,0.491271,0.532292,4,0
0.500427,0.491027,0.533268,4,0
0.500183,0.488829,0.532047,4,0
0.503846,0.497864,0.533757,4,0
0.503479,0.491027,0.531803,4,0
0.503968,0.492736,0.532169,4,0
0.503357,0.49237,0.531559,4,0
0.503601,0.492736,0.532292,4,0
0.503846,0.491149,0.531681,4,0
0.505189,0.490294,0.531437,4,0
0.504334,0.490294,0.531437,4,0
0.506043,0.488585,0.531681,4,0
0.505555,0.485167,0.530704,4,0
0.508607,0.478696,0.528995,4,0
0.514833,0.477597,0.525088,4,0
0.51288,0.477842,0.528385,4,0
0.511537,0.481138,0.529239,4,0
0.511415,0.481992,0.527408,4,0
0.505555,0.484068,0.525699,4,0
0.503479,0.484434,0.524112,4,0
0.498962,0.483702,0.521548,4,0
0.495544,0.484922,0.52167,4,0
0.495056,0.482725,0.520571,4,0
0.492003,0.480161,0.521182,4,0
0.490416,0.478696,0.521182,4,0
0.491759,0.475522,0.523135,4,0
0.490538,0.474667,0.5246,4,0
0.491027,0.475766,0.524478,4,0
0.490783,0.473813,0.525821,4,0
0.490294,0.471249,0.526309,4,0
0.491393,0.472104,0.525699,4,0
0.492858,0.47247,0.524722,4,0
0.494689,0.474667,0.523623,4,0
0.496276,0.476743,0.522281,4,0
0.497497,0.477597,0.520816,4,0
0.498108,0.478574,0.520693,4,0
0.499451,0.47833,0.520205,4,0
0.500183,0.477842,0.520327,4,0
0.500916,0.477597,0.521548,4,0
0.501404,0.477231,0.521792,4,0
0.501404,0.476987,0.522647,4,0
0.500916,0.476499,0.523135,4,0
0.501282,0.475522,0.523013,4,0
0.501282,0.473813,0.523746,4,0
0.500916,0.473446,0.52399,4,0
0.500183,0.474423,0.524234,4,0
0.499939,0.4754,0.523746,4,0
0.499329,0.476499,0.522891,4,0
0.498474,0.474911,0.524112,4,0
0.497497,0.472958,0.52399,4,0
0.495178,0.474057,0.523013,4,0
0.492126,0.468441,0.525943,4,0
0.488707,0.469906,0.526431,4,0
0.484922,0.474179,0.527286,4,0
0.483091,0.477353,0.52985,4,0
0.482115,0.480161,0.531315,4,0
0.479795,0.482603,0.531071,4,0
0.479184,0.486632,0.530582,4,0
0.480405,0.48651,0.527286,4,0
0.478086,0.488463,0.525455,4,0
0.480039,0.492614,0.525211,4,0
0.485655,0.491881,0.523868,4,0
0.492614,0.49298,0.522281,4,0
0.500305,0.494079,0.523257,4,0
0.512025,0.494811,0.526065,4,0
0.515932,0.494323,0.528751,4,0
0.519595,0.493713,0.527896,4,0
0.515078,0.496887,0.525333,4,0
0.511903,0.492492,0.526187,4,0
0.50934,0.493957,0.523501,4,0
0.507264,0.496887,0.528385,4,0
0.505921,0.499817,0.532292,4,0
0.50702,0.494933,0.534245,4,0
0.508607,0.493224,0.535466,4,0
0.511171,0.491515,0.532658,4,0
0.508119,0.489318,0.533024,4,0
0.513857,0.49005,0.531315,4,0
0.508119,0.494445,0.528385,4,0
0.501282,0.491271,0.530338,4,0
0.498108,0.495056,0.525943,4,0
0.49005,0.499329,0.523501,4,0
0.48773,0.4953,0.523623,4,0
0.481138,0.491393,0.523501,4,0
0.480039,0.494201,0.521182,4,0
0.479307,0.490905,0.523623,4,0
0.474057,0.487486,0.525455,4,0
0.471981,0.490538,0.524722,4,0
0.469296,0.489318,0.526309,4,0
0.467953,0.484434,0.531315,4,0
0.468807,0.487608,0.530216,4,0
0.470028,0.481748,0.531193,4,0
0.473691,0.483335,0.528141,4,0
0.477719,0.483824,0.52692,4,0
0.479917,0.481626,0.526309,4,0
0.479795,0.483702,0.52753,4,0
0.480161,0.484556,0.527042,4,0
0.476987,0.49005,0.524112,4,0
0.476865,0.486021,0.529361,4,0
0.476254,0.487975,0.527896,4,0
0.476254,0.495056,0.522769,4,0
0.476743,0.492858,0.524356,4,0
0.477597,0.494567,0.525333,4,0
0.476377,0.499939,0.519961,4,0
0.479673,0.500183,0.519106,4,0
0.484434,0.497497,0.52167,4,0
0.48712,0.492858,0.52399,4,0
0.491759,0.497375,0.523135,4,0
0.500183,0.497253,0.524966,4,0
0.508119,0.499084,0.527042,4,0
0.51874,0.497253,0.530338,4,0
0.518618,0.497375,0.532292,4,0
0.513735,0.49237,0.534245,4,0
0.506532,0.484556,0.532169,4,0
0.50409,0.490783,0.531681,4,0
0.503724,0.498718,0.533512,4,0
0.505067,0.500549,0.531193,4,0
0.504456,0.495178,0.534733,4,0
0.50409,0.495056,0.535832,4,0
0.504456,0.494689,0.537419,4,0
0.507874,0.495788,0.534245,4,0
0.506409,0.493224,0.533757,4,0
0.508851,0.493957,0.532292,4,0
0.513857,0.495178,0.525455,4,0
0.507874,0.492614,0.529728,4,0
0.506898,0.493957,0.527896,4,0
0.498962,0.494811,0.526554,4,0
0.493835,0.494323,0.525821,4,0
0.491027,0.492614,0.527286,4,0
0.484434,0.495788,0.525821,4,0
0.485289,0.495178,0.521426,4,0
0.476621,0.493224,0.52167,4,0
0.47601,0.495544,0.518374,4,0
0.471249,0.495666,0.522281,4,0
0.469051,0.490783,0.523379,4,0
0.467953,0.489318,0.527774,4,0
0.466488,0.487486,0.530827,4,0
0.467098,0.487364,0.529484,4,0
0.468807,0.486143,0.526798,4,0
0.471005,0.486998,0.524844,4,0
0.473324,0.485411,0.523623,4,0
0.476132,0.482359,0.524966,4,0
0.477842,0.485777,0.523257,4,0
0.478696,0.488585,0.524112,4,0
0.477964,0.488951,0.525821,4,0
0.476865,0.489195,0.526676,4,0
0.477475,0.490905,0.523746,4,0
0.477964,0.48944,0.528019,4,0
0.480039,0.491271,0.524844,4,0
0.481138,0.496154,0.524844,4,0
0.483091,0.49066,0.524722,4,0
0.48187,0.494567,0.5246,4,0
0.483946,0.496887,0.52692,4,0
0.486632,0.490905,0.526676,4,0
0.483091,0.493591,0.525821,4,0
0.482481,0.499695,0.52753,4,0
0.487364,0.499206,0.527286,4,0
0.495544,0.499451,0.527286,4,0
0.507264,0.496398,0.529484,4,0
0.51288,0.496521,0.529606,4,0
0.51349,0.499573,0.529606,4,1
0.511415,0.490783,0.529606,4,0
0.506654,0.490294,0.535588,4,0
0.507142,0.49237,0.530949,4,0
0.506165,0.492858,0.532169,4,0
0.504578,0.496887,0.531925,4,0
0.504578,0.496398,0.534367,4,0
0.50409,0.496887,0.534977,4,0
0.502991,0.49591,0.534977,4,0
0.505433,0.494201,0.535832,4,0
0.507997,0.496521,0.530216,4,0
0.506654,0.494079,0.531925,4,0
0.510072,0.493102,0.532169,4,0
0.505799,0.494933,0.529239,4,0
0.500916,0.494079,0.52985,4,0
0.501404,0.49591,0.52692,4,0
0.492736,0.495422,0.526187,4,0
0.49005,0.491149,0.523868,4,0
0.489318,0.492492,0.526676,4,0
0.483702,0.495788,0.523868,4,0
0.483824,0.49237,0.522647,4,0
0.477353,0.492614,0.523868,4,0
0.474057,0.490172,0.522891,4,0
0.470516,0.492248,0.523746,4,0
0.465145,0.489562,0.527652,4,0
0.465755,0.486998,0.529484,4,0
0.466732,0.487486,0.531071,4,0
0.467708,0.488097,0.529361,4,0
0.470028,0.489806,0.527774,4,0
0.474057,0.489562,0.525211,4,0
0.47601,0.488951,0.524356,4,0
0.475888,0.488707,0.525821,4,0
0.475278,0.492003,0.5246,4,0
0.477719,0.492248,0.524112,4,0
0.478452,0.492003,0.525088,4,0
0.478818,0.494201,0.527896,4,0
0.48187,0.49237,0.528019,4,0
0.480772,0.493346,0.525088,4,0
0.484556,0.4953,0.530338,4,0
0.486387,0.493835,0.527652,4,0
0.486632,0.497009,0.524966,4,0
0.492126,0.490905,0.530338,4,0
0.48773,0.492248,0.528751,4,0
0.493224,0.499084,0.529117,4,0
0.500671,0.497253,0.532414,4,0
0.506776,0.498352,0.532169,4,0
0.508363,0.499084,0.531071,4,0
0.514345,0.501282,0.531193,4,0
0.51227,0.49298,0.530582,4,0
0.509217,0.492492,0.531193,4,1
0.508241,0.493468,0.52753,4,0
0.506654,0.498962,0.527408,4,0
0.503357,0.503601,0.531681,4,0
0.503968,0.501648,0.531925,4,0
0.505189,0.500183,0.533512,4,0
0.504212,0.497986,0.533146,4,0
0.50702,0.496887,0.5351,4,0
0.50702,0.496154,0.533879,4,0
0.507752,0.494933,0.53339,4,0
0.508485,0.497009,0.531681,4,0
0.500549,0.496032,0.533024,4,0
0.50702,0.497253,0.533512,4,0
0.501648,0.49823,0.528751,4,0
0.496643,0.492126,0.529606,4,0
0.496276,0.495056,0.527286,4,0
0.491759,0.494201,0.524966,4,0
0.486387,0.49298,0.526065,4,0
0.483702,0.493591,0.525455,4,0
0.484678,0.493468,0.526554,4,0
0.478452,0.495178,0.525333,4,0
0.47601,0.492126,0.526554,4,0
0.474179,0.493468,0.530949,4,0
0.471127,0.497253,0.531559,4,0
0.469906,0.489073,0.533634,4,0
0.469173,0.491149,0.532047,4,0
0.469418,0.49237,0.532047,4,0
0.472592,0.489195,0.530216,4,0
0.475156,0.49298,0.526065,4,0
0.4754,0.4953,0.52692,4,0
0.477109,0.491149,0.52753,4,0
0.477231,0.494201,0.525455,4,0
0.477964,0.492736,0.530216,4,0
0.47833,0.494445,0.52692,4,0
0.480894,0.497864,0.528385,4,0
0.480772,0.492248,0.529361,4,0
0.482481,0.495544,0.526065,4,0
0.483946,0.499817,0.528507,4,0
0.490905,0.491637,0.529484,4,0
0.489928,0.494933,0.527652,4,0
0.494201,0.49591,0.529972,4,0
0.495178,0.493713,0.528263,4,0
0.494933,0.496398,0.528141,4,0
0.498108,0.497375,0.530582,4,0
0.509706,0.499084,0.534489,4,0
0.508973,0.502747,0.530827,4,0
0.511659,0.496154,0.530827,4,0
0.508363,0.492492,0.531925,4,0
0.507508,0.492003,0.529972,4,1
0.505555,0.495788,0.53046,4,0
0.506043,0.495788,0.530949,4,0
0.50116,0.499329,0.53046,4,0
0.503357,0.497741,0.532414,4,0
0.504578,0.496887,0.532658,4,0
0.502136,0.49591,0.534123,4,0
0.504822,0.492858,0.534367,4,0
0.504944,0.494445,0.531559,4,0
0.50409,0.494567,0.533757,4,0
0.507386,0.494201,0.529606,4,0
0.50409,0.495666,0.531315,4,0
0.506043,0.493591,0.531559,4,0
0.502136,0.494567,0.528019,4,0
0.499206,0.497131,0.528019,4,0
0.494079,0.4953,0.529728,4,0
0.49298,0.49298,0.528507,4,0
0.486021,0.494201,0.524966,4,0
0.481504,0.494201,0.527652,4,0
0.479429,0.49298,0.526676,4,0
0.476743,0.491759,0.52692,4,0
0.475888,0.495178,0.526431,4,0
0.46954,0.492492,0.528019,4,0
0.470639,0.493224,0.529728,4,0
0.471371,0.494811,0.530949,4,0
0.470516,0.49237,0.532414,4,0
0.472104,0.494079,0.529484,4,0
0.473324,0.493957,0.528385,4,0
0.475156,0.492248,0.52985,4,0
0.476865,0.491027,0.531071,4,0
0.475888,0.495666,0.525821,4,0
0.476132,0.497864,0.525577,4,0
0.476865,0.499817,0.526309,4,0
0.477597,0.500061,0.525943,4,0
0.482359,0.492736,0.530582,4,0
0.48358,0.495422,0.527896,4,0
0.484434,0.501404,0.524966,4,0
0.490783,0.494811,0.533268,4,0
0.491271,0.494445,0.529484,4,0
0.490172,0.499939,0.528873,4,0
0.497864,0.498718,0.531803,4,0
0.501404,0.495544,0.532047,4,0
0.5047,0.500794,0.530094,4,0
0.505433,0.500916,0.531803,4,0
0.510682,0.500671,0.530216,4,0
0.50995,0.495056,0.531681,4,0
0.509095,0.498718,0.531071,4,0
0.507997,0.491149,0.531437,4,0
0.506043,0.496276,0.529606,4,0
0.505555,0.502381,0.53046,4,1
0.504334,0.501038,0.531437,4,0
0.502503,0.500305,0.531071,4,0
0.503601,0.499817,0.532536,4,0
0.504822,0.498962,0.533512,4,0
0.502869,0.496643,0.534245,4,0
0.506532,0.497009,0.533879,4,0
0.506898,0.495666,0.531071,4,0
0.5047,0.494567,0.533634,4,0
0.509828,0.495666,0.529484,4,0
0.506043,0.497864,0.530338,4,0
0.499939,0.494445,0.53339,4,0
0.505189,0.496765,0.529728,4,0
0.497253,0.496154,0.529972,4,0
0.490905,0.495178,0.529484,4,0
0.492126,0.494811,0.528873,4,0
0.488097,0.496521,0.52985,4,0
0.483335,0.494689,0.528385,4,0
0.48065,0.494323,0.527408,4,0
0.477842,0.495056,0.531315,4,0
0.476132,0.497253,0.527774,4,0
0.472592,0.494567,0.527774,4,0
0.472226,0.492858,0.531925,4,0
0.471127,0.495178,0.532169,4,0
0.471859,0.492003,0.532169,4,0
0.473569,0.49066,0.532292,4,0
0.47601,0.490783,0.531193,4,0
0.476987,0.491271,0.529606,4,0
0.477353,0.491271,0.530094,4,0
0.477964,0.493591,0.529484,4,0
0.478574,0.496887,0.526187,4,0
0.481016,0.495544,0.529484,4,0
0.482969,0.494811,0.526676,4,0
0.48065,0.497619,0.524722,4,0
0.486021,0.500549,0.528141,4,0
0.49066,0.489684,0.533146,4,0
0.495422,0.492614,0.530827,4,0
0.49298,0.499206,0.530338,4,0
0.494811,0.501526,0.532414,4,0
0.498718,0.497131,0.531925,4,0
0.503968,0.498108,0.53339,4,0
0.508729,0.500427,0.532169,4,0
0.509462,0.500916,0.530094,4,0
0.512636,0.497497,0.525821,4,0
0.511049,0.495422,0.528141,4,0
0.508851,0.496398,0.528385,4,0
0.50763,0.495422,0.533879,4,0
0.505433,0.499329,0.531803,4,0
0.505189,0.49884,0.534977,4,0
0.505433,0.501648,0.534123,4,1
0.504822,0.499695,0.533634,4,0
0.504944,0.498474,0.534367,4,0
0.503968,0.497619,0.533024,4,0
0.503724,0.496887,0.533146,4,0
0.508729,0.498474,0.531315,4,0
0.504944,0.496643,0.531559,4,0
0.509095,0.497131,0.529606,4,0
0.509706,0.496765,0.528995,4,0
0.503479,0.497497,0.530094,4,0
0.505433,0.497986,0.529361,4,0
0.497986,0.496398,0.528995,4,0
0.496032,0.493102,0.532658,4,0
0.497009,0.495178,0.533757,4,0
0.491759,0.494201,0.533268,4,0
0.491881,0.492858,0.530949,4,0
0.486387,0.491759,0.53046,4,0
0.484068,0.492248,0.530338,4,0
0.481504,0.496643,0.525943,4,0
0.478208,0.496032,0.525821,4,0
0.476254,0.492248,0.530827,4,0
0.474667,0.494445,0.531681,4,0
0.475278,0.495422,0.534001,4,0
0.476499,0.494811,0.536442,4,0
0.476254,0.494079,0.534977,4,0
0.476254,0.490538,0.53278,4,0
0.477231,0.489806,0.531681,4,0
0.478574,0.489806,0.530216,4,0
0.477964,0.493468,0.528019,4,0
0.480039,0.494689,0.528995,4,0
0.481138,0.494689,0.528751,4,0
0.481504,0.49237,0.527652,4,0
0.48419,0.496032,0.528507,4,0
0.483091,0.493591,0.530338,4,0
0.486021,0.495788,0.526187,4,0
0.487975,0.497864,0.531559,4,0
0.492003,0.492126,0.52985,4,0
0.491515,0.497497,0.524844,4,0
0.495666,0.494933,0.530827,4,0
0.496032,0.497741,0.530338,4,0
0.493468,0.499206,0.529484,4,0
0.497619,0.497986,0.530704,4,0
0.496154,0.499084,0.528507,4,0
0.502869,0.501282,0.532902,4,0
0.509095,0.502625,0.531925,4,0
0.512636,0.500427,0.530582,4,0
0.510438,0.494811,0.53278,4,0
0.509217,0.494445,0.53046,4,0
0.507874,0.497009,0.529484,4,0
0.506165,0.501404,0.532169,4,1
0.503968,0.50116,0.533634,4,0
0.503846,0.502136,0.533146,4,0
0.505311,0.498474,0.533268,4,0
0.503601,0.497375,0.533757,4,0
0.504944,0.497131,0.534733,4,0
0.506898,0.49884,0.532658,4,0
0.504822,0.496276,0.533512,4,0
0.505433,0.494933,0.533634,4,0
0.505555,0.497619,0.532414,4,0
0.501648,0.495422,0.531437,4,0
0.497497,0.497131,0.531071,4,0
0.499084,0.49591,0.530827,4,0
0.496643,0.497741,0.528019,4,0
0.488219,0.494689,0.528019,4,0
0.488097,0.495178,0.528019,4,0
0.490172,0.497497,0.529239,4,0
0.484434,0.496521,0.527408,4,0
0.481504,0.496765,0.526554,4,0
0.47833,0.496765,0.527042,4,0
0.476743,0.497741,0.52692,4,0
0.474301,0.49823,0.532169,4,0
0.472958,0.49884,0.532414,4,0
0.475888,0.495788,0.534123,4,0
0.476621,0.497864,0.534367,4,0
0.476499,0.498108,0.531681,4,0
0.476621,0.495788,0.530704,4,0
0.478086,0.496276,0.531315,4,0
0.477597,0.496887,0.528995,4,0
0.477109,0.496643,0.527896,4,0
0.477475,0.499817,0.53046,4,0
0.479062,0.497253,0.530216,4,0
0.48187,0.495178,0.52985,4,0
0.484312,0.497131,0.53046,4,0
0.488097,0.496032,0.532292,4,0
0.491637,0.495788,0.532414,4,0
0.49298,0.496154,0.528629,4,0
0.491515,0.500427,0.528995,4,0
0.496398,0.498474,0.530582,4,0
0.495056,0.501282,0.530582,4,0
0.502381,0.500183,0.530827,4,0
0.501282,0.505799,0.53278,4,0
0.50995,0.505677,0.534855,4,0
0.50934,0.504578,0.530094,4,0
0.508119,0.500061,0.532658,4,0
0.507752,0.499084,0.531559,4,0
0.506165,0.493957,0.532169,4,0
0.506532,0.49591,0.533146,4,0
0.505433,0.49823,0.529361,4,1
0.503846,0.50116,0.531315,4,0
0.503846,0.500916,0.531437,4,0
0.503846,0.497864,0.532902,4,0
0.503113,0.498108,0.534123,4,0
0.503724,0.499206,0.53278,4,0
0.505555,0.497253,0.53278,4,0
0.505677,0.498108,0.533146,4,0
0.506409,0.498108,0.530582,4,0
0.506043,0.497375,0.531437,4,0
0.505555,0.495056,0.532536,4,0
0.510072,0.498718,0.528995,4,0
0.499329,0.499084,0.530582,4,0
0.499206,0.494933,0.531071,4,0
0.498718,0.498474,0.531071,4,0
0.488219,0.497497,0.529117,4,0
0.48651,0.494079,0.528385,4,0
0.482359,0.496521,0.527774,4,0
0.479307,0.495544,0.529117,4,0
0.479307,0.499451,0.525821,4,0
0.476254,0.500305,0.527774,4,0
0.472226,0.50177,0.52985,4,0
0.470639,0.498352,0.530949,4,0
0.473691,0.496276,0.532536,4,0
0.472714,0.499817,0.53278,4,0
0.472226,0.499817,0.532169,4,0
0.473446,0.497009,0.530949,4,0
0.475156,0.495178,0.530827,4,0
0.475766,0.496521,0.53046,4,0
0.476865,0.49298,0.531071,4,0
0.477231,0.496154,0.528385,4,0
0.478696,0.499695,0.528629,4,0
0.479062,0.497009,0.528629,4,0
0.481626,0.499329,0.525455,4,0
0.48419,0.500671,0.526187,4,0
0.489073,0.494445,0.528507,4,0
0.487853,0.496887,0.525211,4,0
0.491271,0.499573,0.528263,4,0
0.493102,0.495666,0.528507,4,0
0.492126,0.500549,0.526798,4,0
0.495422,0.500916,0.528385,4,0
0.498962,0.495544,0.528629,4,0
0.50177,0.499451,0.529728,4,0
0.510438,0.502136,0.534367,4,0
0.513735,0.503113,0.531559,4,0
0.514223,0.497375,0.534489,4,0
0.511537,0.492858,0.534245,4,0
0.508119,0.494689,0.533146,4,0
0.506776,0.498352,0.533512,4,0
0.506898,0.500916,0.535588,4,1
0.505311,0.502259,0.533268,4,0
0.503724,0.500305,0.533879,4,0
0.505433,0.498596,0.534245,4,0
0.504944,0.496643,0.532658,4,0
0.506776,0.49591,0.533512,4,0
0.508119,0.497009,0.531559,4,0
0.506043,0.49591,0.531193,4,0
0.506776,0.498352,0.531315,4,0
0.505677,0.49823,0.531559,4,0
0.500183,0.498962,0.530094,4,0
0.497009,0.49591,0.529972,4,0
0.496398,0.497009,0.528629,4,0
0.492736,0.49884,0.529117,4,0
0.491149,0.496521,0.525455,4,0
0.490416,0.493957,0.526798,4,0
0.489073,0.496643,0.526798,1,0
0.482725,0.497375,0.520693,1,0
0.478574,0.497375,0.524234,1,0
0.47601,0.496521,0.528019,1,0
0.476621,0.495422,0.527774,1,0
0.479184,0.489928,0.533024,1,0
0.480772,0.48712,0.534977,1,0
0.484312,0.482725,0.534977,1,0
0.486998,0.485167,0.532414,1,0
0.490172,0.487242,0.529239,1,0
0.492003,0.483213,0.527286,1,0
0.49298,0.490905,0.523868,1,0
0.496276,0.4953,0.522403,1,0
0.500183,0.495178,0.521304,1,0
0.507997,0.48651,0.528019,1,0
0.511293,0.487242,0.527896,1,0
0.516176,0.48358,0.53046,1,0
0.520938,0.479917,0.532047,1,0
0.523257,0.478574,0.529361,1,0
0.520327,0.479307,0.531071,1,0
0.519473,0.488829,0.53925,1,0
0.526554,0.498718,0.54218,1,0
0.533634,0.482237,0.551825,1,0
0.54096,0.47247,0.544134,1,0
0.540105,0.460383,0.532658,1,0
0.535954,0.447931,0.52399,1,0
0.528019,0.456477,0.517153,1,0
0.524112,0.465877,0.511171,1,0
0.517275,0.470516,0.504578,1,0
0.511537,0.475522,0.501404,1,0
0.507508,0.478208,0.49884,1,0
0.503601,0.481138,0.499817,1,0
0.502259,0.485045,0.497619,1,0
0.501038,0.487853,0.497375,1,0
0.502259,0.490538,0.497253,1,0
0.5047,0.490783,0.496276,1,0
0.507264,0.49237,0.494201,1,0
0.509095,0.488951,0.495788,1,0
0.511537,0.48773,0.494201,1,0
0.515444,0.474057,0.494323,1,0
0.51349,0.456477,0.493957,1,0
0.50763,0.419241,0.506654,1,0
0.511415,0.408619,0.523013,1,0
0.522036,0.420461,0.54157,1,0
0.532047,0.442925,0.54682,1,0
0.533512,0.46954,0.537907,1,0
0.526798,0.481138,0.531559,1,0
0.522769,0.485289,0.526554,1,0
0.520327,0.489806,0.521304,1,0
0.517519,0.492858,0.51813,1,0
0.516543,0.493224,0.515932,1,0
0.515322,0.489684,0.515932,1,0
0.513368,0.488341,0.51581,1,0
0.50995,0.486387,0.516543,1,0
0.506776,0.484556,0.516298,1,0
0.502014,0.473202,0.517763,1,0
0.496765,0.464168,0.517275,1,0
0.493713,0.456965,0.514345,1,0
0.491515,0.448541,0.514345,1,0
0.490172,0.459651,0.509462,1,0
0.491027,0.463191,0.506165,1,0
0.491027,0.465877,0.505067,1,0
0.492126,0.465511,0.505677,1,0
0.493346,0.463435,0.505921,1,0
0.4953,0.459529,0.506165,1,0
0.4953,0.465511,0.508485,1,0
0.496276,0.458796,0.512025,1,0
0.4953,0.46661,0.513368,1,0
0.494445,0.468563,0.515688,1,0
0.494811,0.47015,0.517153,1,0
0.494445,0.477964,0.518496,1,0
0.495422,0.483091,0.519106,1,0
0.4953,0.485777,0.520938,1,0
0.495056,0.486754,0.522403,1,0
0.493346,0.486143,0.522281,1,0
0.491393,0.487364,0.521182,1,0
0.493591,0.482115,0.5246,1,0
0.492614,0.48773,0.524722,1,0
0.490783,0.488463,0.525211,1,0
0.489195,0.484312,0.52692,1,0
0.488951,0.481382,0.52692,1,0
0.488219,0.484434,0.525821,1,0
0.486632,0.484678,0.525211,1,0
0.486632,0.485045,0.525088,1,0
0.488097,0.48126,0.52753,1,0
0.487608,0.482847,0.525699,1,0
0.487364,0.484556,0.524112,1,0
0.486876,0.483091,0.523623,1,0
0.486021,0.481748,0.523746,1,0
0.485777,0.483335,0.523135,1,0
0.485411,0.483457,0.52399,1,0
0.485167,0.48419,0.522525,1,0
0.4848,0.482725,0.522647,1,0
0.484922,0.481992,0.521304,1,0
0.484678,0.480039,0.521304,1,0
0.485289,0.484434,0.524112,1,0
0.485289,0.48419,0.524966,1,0
0.484556,0.478696,0.523379,1,0
0.483702,0.480283,0.52167,1,0
0.484068,0.482603,0.522281,1,0
0.484068,0.484434,0.518618,1,0
0.483335,0.482359,0.516176,1,0
0.484556,0.482603,0.518984,1,0
0.484922,0.480772,0.518496,1,0
0.484312,0.483091,0.517519,1,0
0.484922,0.47601,0.518862,1,0
0.48419,0.474545,0.518374,1,0
0.482481,0.47833,0.521304,1,0
0.484678,0.478696,0.52167,1,0
0.48419,0.471615,0.521792,1,0
0.484922,0.474545,0.518618,1,0
0.485045,0.48651,0.517275,1,0
0.485533,0.487242,0.521426,1,0
0.486143,0.480527,0.518984,1,0
0.483335,0.481382,0.516298,1,0
0.482237,0.480527,0.518008,1,0
0.482481,0.48419,0.520816,1,0
0.482603,0.489073,0.524234,1,0
0.484068,0.481016,0.5246,1,0
0.482481,0.480772,0.522403,1,0
0.482237,0.489806,0.521304,1,0
0.479917,0.490905,0.521182,1,0
0.480161,0.486265,0.52167,1,0
0.479184,0.489562,0.522525,1,0
0.47894,0.489195,0.525577,1,0
0.480039,0.486021,0.522769,1,0
0.479307,0.488707,0.521304,1,0
0.479429,0.489928,0.520693,1,0
0.479673,0.488463,0.519106,1,0
0.480283,0.486754,0.520571,1,0
0.479795,0.494811,0.523379,1,0
0.47894,0.493957,0.525333,1,0
0.479673,0.492858,0.522158,1,0
0.479184,0.488951,0.522403,1,0
0.477842,0.487608,0.522036,1,0
0.478818,0.489195,0.522158,1,0
0.477719,0.489684,0.522403,1,0
0.478452,0.489684,0.52106,1,0
0.478818,0.491271,0.520571,1,0
0.478696,0.490783,0.521426,1,0
0.479062,0.487975,0.522281,1,0
0.47894,0.488463,0.521914,1,0
0.478696,0.487853,0.522158,1,0
0.478574,0.488219,0.521304,1,0
0.477964,0.489318,0.520449,1,0
0.478086,0.489073,0.519717,1,0
0.479062,0.488951,0.520449,1,0
0.477353,0.48712,0.519228,1,0
0.478208,0.486876,0.519717,1,0
0.479795,0.487975,0.519351,1,0
0.478696,0.485167,0.520571,1,0
0.481138,0.483335,0.52167,1,0
0.480283,0.484922,0.520571,1,0
0.479795,0.484678,0.519106,1,0
0.47833,0.481748,0.51813,1,0
0.477109,0.482359,0.515566,1,0
0.466366,0.48358,0.512392,1,0
0.458064,0.48187,0.508729,1,0
0.457453,0.480772,0.511171,1,0
0.477109,0.469051,0.508363,1,0
0.475644,0.478818,0.511659,1,0
0.410817,0.489928,0.458552,1,0
0.560615,0.470761,0.502014,1,0
0.559272,0.441948,0.502136,1,0
0.534367,0.47833,0.50995,1,0
0.513246,0.491637,0.50995,1,0
0.480894,0.481504,0.501404,1,0
0.452692,0.472104,0.485289,1,0
0.450861,0.480405,0.501892,1,0
0.452814,0.486143,0.515566,1,0
0.465633,0.497253,0.499206,1,0
0.482603,0.486387,0.50116,1,0
0.487364,0.476865,0.508119,1,0
0.482359,0.47308,0.503479,1,0
0.479673,0.478818,0.505433,1,0
0.476377,0.481138,0.504944,1,0
0.478208,0.478574,0.505677,1,0
0.476743,0.475644,0.506654,1,0
0.474057,0.478086,0.507142,1,0
0.475644,0.478208,0.504578,1,0
0.479551,0.478086,0.506043,1,0
0.476987,0.47833,0.506654,1,0
0.4754,0.481138,0.506898,1,0
0.474667,0.483213,0.502381,1,0
0.47833,0.484434,0.502014,1,0
0.469784,0.471859,0.511781,1,0
0.48065,0.480405,0.502136,1,0
0.471981,0.486632,0.511293,1,0
0.475644,0.48773,0.507386,1,0
0.472226,0.488585,0.510927,1,0
0.470639,0.488341,0.506532,1,0
0.469051,0.490416,0.511415,1,0
0.470639,0.489562,0.510805,1,0
0.469296,0.493468,0.511781,1,0
0.470883,0.494323,0.513002,1,0
0.469906,0.494445,0.515322,1,0
0.473324,0.498962,0.517275,1,0
0.476987,0.491149,0.516787,1,0
0.477353,0.485777,0.515078,1,0
0.47894,0.48944,0.515078,1,0
0.478208,0.495788,0.51288,1,0
0.479062,0.499817,0.517763,1,0
0.481138,0.499451,0.519106,1,0
0.480527,0.500305,0.519351,1,0
0.481992,0.500549,0.523501,1,0