0.525211,0.479429,0.5152,1,0
0.526065,0.479917,0.518374,1,0
0.527408,0.484068,0.518374,1,0
0.528629,0.486998,0.515932,1,0
0.528019,0.487364,0.516909,1,0
0.530582,0.486143,0.520693,1,0
0.531681,0.490294,0.517275,1,0
0.529484,0.493102,0.515688,1,0
0.530582,0.486265,0.519106,1,0
0.531925,0.485533,0.518984,1,0
0.530949,0.489562,0.517641,1,0
0.529606,0.491637,0.51874,1,0
0.528873,0.491149,0.519717,1,0
0.528629,0.49066,0.518252,1,0
0.52692,0.49066,0.517397,1,0
0.526676,0.488219,0.517031,1,0
0.525943,0.488341,0.515932,1,0
0.525821,0.487853,0.5152,1,0
0.526187,0.486754,0.514345,1,0
0.526309,0.485411,0.51349,1,0
0.525943,0.48419,0.513368,1,0
0.525088,0.483213,0.513124,1,0
0.525577,0.481626,0.513002,1,0
0.525333,0.481748,0.51288,1,0
0.525455,0.48187,0.512758,1,0
0.525943,0.48187,0.513857,1,0
0.526798,0.482115,0.514101,1,0
0.526065,0.483213,0.514345,1,0
0.525577,0.482969,0.513857,1,0
0.527774,0.481992,0.514589,1,0
0.528019,0.4848,0.516054,1,0
0.527652,0.485899,0.515688,1,0
0.526554,0.486143,0.515688,1,0
0.527652,0.485045,0.515322,1,0
0.527774,0.485655,0.514589,1,0
0.527774,0.484312,0.513613,1,0
0.527164,0.482969,0.51288,1,0
0.527042,0.482969,0.512392,1,0
0.52692,0.483213,0.512636,1,0
0.525821,0.482969,0.512514,1,0
0.525699,0.483335,0.51288,1,0
0.526554,0.483824,0.513735,1,0
0.526554,0.483335,0.514223,1,0
0.525699,0.481504,0.514101,1,0
0.524966,0.481138,0.513857,1,0
0.5246,0.481626,0.513368,1,0
0.5246,0.482725,0.512758,1,0
0.524478,0.482237,0.512392,1,0
0.524478,0.482115,0.512514,1,0
0.5246,0.481748,0.512392,1,0
0.525211,0.480527,0.513002,1,0
0.525088,0.481626,0.513246,1,0
0.524844,0.48187,0.513246,1,0
0.525211,0.48187,0.513246,1,0
0.525577,0.48187,0.51349,1,0
0.525821,0.481992,0.513613,1,0
0.525577,0.482237,0.513368,1,0
0.526065,0.481748,0.513368,1,0
0.526187,0.481748,0.513613,1,0
0.525943,0.481138,0.51349,1,0
0.525211,0.479917,0.513124,1,0
0.524844,0.47894,0.513613,1,0
0.5246,0.477964,0.513613,1,0
0.52399,0.47833,0.51349,1,0
0.523257,0.478208,0.513613,1,0
0.522769,0.477597,0.513246,1,0
0.522647,0.477231,0.51288,1,0
0.522769,0.476499,0.513613,1,0
0.522403,0.47601,0.513857,1,0
0.521914,0.475156,0.513613,1,0
0.521182,0.475278,0.513979,1,0
0.519351,0.476254,0.513857,1,0
0.518374,0.475766,0.513002,1,0
0.517886,0.475278,0.513246,1,0
0.517153,0.476132,0.513246,1,0
0.516543,0.476254,0.512758,1,0
0.515566,0.4754,0.513979,1,0
0.5152,0.474179,0.513613,1,0
0.514711,0.474057,0.513124,1,0
0.514101,0.472592,0.513124,1,0
0.512392,0.472836,0.513979,1,0
0.511415,0.474057,0.514223,1,0
0.511171,0.474545,0.514589,1,0
0.511293,0.474179,0.5152,1,0
0.511293,0.474423,0.514955,1,0
0.511903,0.475156,0.514467,1,0
0.512147,0.471005,0.515444,1,0
0.511049,0.469906,0.515444,1,0
0.510438,0.468075,0.516176,1,0
0.508729,0.468685,0.517275,1,0
0.50763,0.47015,0.516909,1,0
0.506898,0.470394,0.517275,1,0
0.506287,0.471493,0.517641,1,0
0.504944,0.474789,0.517641,1,0
0.504334,0.476499,0.517397,1,0
0.504578,0.476621,0.517641,1,0
0.504456,0.476743,0.518496,1,0
0.503724,0.476987,0.518984,1,0
0.503601,0.476254,0.519473,1,0
0.503113,0.474301,0.520938,1,0
0.501404,0.47247,0.521792,1,0
0.500061,0.471249,0.522158,1,0
0.497986,0.469784,0.524356,1,0
0.495666,0.470516,0.525333,1,0
0.493713,0.469784,0.526676,1,0
0.492248,0.47015,0.525943,1,0
0.490416,0.468929,0.5246,1,0
0.488097,0.466488,0.521792,1,0
0.486143,0.469173,0.517275,1,0
0.484434,0.469662,0.511659,1,0
0.481382,0.469418,0.505067,1,0
0.480405,0.473202,0.500183,1,0
0.47894,0.475644,0.495178,0,0
0.478818,0.47894,0.49237,0,0
0.481748,0.481382,0.490294,0,0
0.486021,0.484922,0.491637,0,0
0.491881,0.49005,0.492492,0,0
0.499817,0.4953,0.494079,0,0
0.505799,0.492614,0.501038,0,0
0.50995,0.49237,0.513002,0,0
0.51227,0.494079,0.524478,0,0
0.515322,0.488219,0.53803,0,0
0.51349,0.482237,0.540349,0,0
0.512758,0.472226,0.541692,0,0
0.50934,0.465877,0.543279,0,0
0.503357,0.463924,0.542791,0,0
0.500916,0.462703,0.54157,0,0
0.497375,0.461116,0.537785,0,0
0.492736,0.456721,0.534245,0,0
0.490905,0.459285,0.525577,1,0
0.489073,0.45904,0.52106,1,0
0.488341,0.461116,0.517397,1,0
0.487975,0.465267,0.512025,1,0
0.487486,0.46197,0.511415,1,0
0.487242,0.46722,0.508851,1,0
0.484312,0.469296,0.508241,1,0
0.482237,0.467708,0.509706,1,0
0.482603,0.467831,0.508607,1,0
0.481138,0.468929,0.507386,1,0
0.479917,0.468319,0.508485,1,0
0.480405,0.470272,0.507386,1,0
0.482603,0.474789,0.507264,1,0
0.483213,0.478818,0.507264,1,0
0.485045,0.483702,0.507386,1,0
0.484922,0.489073,0.507752,1,0
0.483702,0.492003,0.508241,1,0
0.483824,0.494201,0.509217,1,0
0.485045,0.498352,0.508851,1,0
0.483702,0.498962,0.511903,1,0
0.484068,0.498718,0.509706,1,0
0.483824,0.496398,0.512392,1,0
0.48419,0.496154,0.51349,1,0
0.485411,0.497741,0.510682,1,0
0.486265,0.495422,0.515688,1,0
0.485777,0.496643,0.5152,1,0
0.488097,0.497009,0.51874,1,0
0.492614,0.496765,0.524966,1,0
0.492858,0.498474,0.524356,1,0
0.49591,0.492492,0.531315,1,0
0.500916,0.491637,0.530582,1,0
0.499573,0.484312,0.538884,1,0
0.503479,0.476865,0.543401,1,0
0.504456,0.475034,0.543768,1,0
0.503235,0.473324,0.541204,1,0
0.500061,0.465755,0.540349,1,0
0.497864,0.468075,0.536076,1,0
0.495666,0.46429,0.532658,1,0
0.494201,0.462581,0.528873,1,0
0.492858,0.462947,0.527042,1,0
0.492126,0.467464,0.523623,1,0
0.491271,0.471005,0.521182,1,0
0.491271,0.471249,0.519961,1,0
0.491881,0.472714,0.518984,1,0
0.492126,0.475278,0.519351,1,0
0.491393,0.475766,0.520571,1,0
0.489562,0.475766,0.522525,1,0
0.489928,0.475888,0.523746,1,0
0.489318,0.474911,0.525577,1,0
0.488097,0.475278,0.525577,1,0
0.487242,0.475766,0.525455,1,0
0.48651,0.477109,0.524112,1,0
0.485533,0.476499,0.522891,1,0
0.484068,0.476743,0.521548,1,0
0.483457,0.477719,0.520449,1,0
0.482481,0.480283,0.518374,1,0
0.482725,0.480405,0.517763,1,0
0.482847,0.483457,0.51581,1,0
0.482237,0.484678,0.515932,1,0
0.48187,0.485533,0.51642,1,0
0.483091,0.486265,0.517641,1,0
0.481748,0.488219,0.516909,1,0
0.482481,0.488707,0.517031,1,0
0.481992,0.490172,0.515688,1,0
0.482603,0.490538,0.515566,1,0
0.48187,0.490416,0.516298,1,0
0.481016,0.491637,0.516054,1,0
0.479429,0.493224,0.516176,1,0
0.479917,0.493346,0.516909,1,0
0.480527,0.493957,0.517397,1,0
0.48065,0.494323,0.51813,1,0
0.480894,0.495544,0.517886,1,0
0.481992,0.49591,0.518984,1,0
0.483091,0.497375,0.517153,1,0
0.482847,0.494445,0.52167,1,0
0.485167,0.496154,0.519717,1,0
0.48712,0.496521,0.518862,1,0
0.489073,0.494079,0.523868,1,0
0.489806,0.499084,0.521548,1,0
0.49066,0.498352,0.525088,1,0
0.49237,0.494811,0.529484,1,0
0.493713,0.494201,0.528263,1,0
0.495666,0.487853,0.531803,1,0
0.496032,0.485289,0.534367,1,0
0.49884,0.482115,0.536198,1,0
0.505311,0.482359,0.534733,1,0
0.500671,0.483702,0.537175,1,0
0.501526,0.478574,0.539983,1,0
0.504456,0.477842,0.541326,1,0
0.505189,0.480772,0.541326,1,0
0.502747,0.478452,0.539495,1,0
0.501038,0.472714,0.537663,1,0
0.500671,0.472348,0.534733,1,0
0.498962,0.471981,0.532292,1,0
0.497741,0.473569,0.530949,1,0
0.497131,0.475766,0.530582,1,0
0.496032,0.477475,0.528263,1,0
0.493713,0.475278,0.527286,1,0
0.492492,0.472592,0.528385,1,0
0.492126,0.476377,0.527286,1,0
0.490538,0.475156,0.527652,1,0
0.488951,0.477842,0.527896,1,0
0.489562,0.478452,0.527286,1,0
0.487364,0.476132,0.527774,1,0
0.486876,0.477842,0.525088,1,0
0.487486,0.477353,0.523868,1,0
0.486387,0.481138,0.52106,1,0
0.485411,0.484068,0.519473,1,0
0.485045,0.484556,0.520205,1,0
0.485411,0.489318,0.519106,1,0
0.48419,0.492858,0.518862,1,0
0.485289,0.493591,0.519839,1,0
0.485533,0.495788,0.52167,1,0
0.487242,0.498962,0.52167,1,0
0.485777,0.498352,0.522525,1,0
0.485411,0.499084,0.522647,1,0
0.4848,0.500549,0.520327,1,0
0.484678,0.500427,0.520571,1,0
0.484678,0.500794,0.51874,1,0
0.484556,0.500305,0.519351,1,0
0.48773,0.502259,0.52106,1,0
0.488341,0.502381,0.520083,1,0
0.48712,0.501038,0.523379,1,0
0.491515,0.505799,0.521792,1,0
0.490905,0.505311,0.525088,1,0
0.493835,0.507142,0.526554,1,0
0.495422,0.507264,0.528385,1,0
0.494811,0.505433,0.531437,1,0
0.497253,0.503846,0.533757,1,0
0.498596,0.502869,0.536931,1,0
0.499206,0.500549,0.536931,1,0
0.499451,0.496276,0.538884,1,0
0.500794,0.493957,0.540349,1,0
0.500794,0.492126,0.541448,1,0
0.500183,0.488829,0.543279,1,0
0.502991,0.490416,0.541326,1,0
0.499206,0.491515,0.539739,1,0
0.499084,0.48773,0.539495,1,0
0.499695,0.489928,0.538762,1,0
0.49884,0.491759,0.540471,1,0
0.498962,0.488585,0.542303,1,0
0.497619,0.485655,0.54218,1,0
0.495788,0.487975,0.541082,1,0
0.496154,0.486265,0.540593,1,0
0.494689,0.482359,0.537663,1,0
0.493346,0.484556,0.536076,1,0
0.493346,0.487608,0.534123,1,0
0.49237,0.482359,0.532047,1,0
0.490416,0.484922,0.52985,1,0
0.48944,0.486876,0.528873,1,0
0.488707,0.487608,0.526187,1,0
0.487608,0.486021,0.527042,1,0
0.487242,0.48773,0.526309,1,0
0.486143,0.488951,0.524722,1,0
0.485899,0.490538,0.523501,1,0
0.484678,0.491881,0.521182,1,0
0.484434,0.492736,0.520083,1,0
0.483213,0.494445,0.518618,1,0
0.483091,0.495544,0.518984,1,0
0.48187,0.497009,0.518374,1,0
0.48126,0.498474,0.517763,1,0
0.481992,0.500305,0.520816,1,0
0.482481,0.502747,0.520327,1,0
0.482969,0.503357,0.521182,1,0
0.483091,0.504944,0.519473,1,0
0.48126,0.504456,0.518008,1,0
0.48358,0.504212,0.51813,1,0
0.48419,0.504456,0.519961,1,0
0.4848,0.504822,0.518374,1,0
0.4848,0.503846,0.520938,1,0
0.488829,0.506776,0.523135,1,0
0.488219,0.507508,0.522036,1,0
0.489806,0.504578,0.527408,1,0
0.493346,0.508851,0.528629,1,0
0.494445,0.506898,0.530338,1,0
0.49591,0.505799,0.533757,1,0
0.498108,0.505433,0.534855,1,0
0.500671,0.503601,0.534977,1,0
0.499206,0.502381,0.537175,1,0
0.501282,0.501282,0.540227,1,0
0.503357,0.499817,0.54218,1,0
0.501404,0.498962,0.542791,1,0
0.502259,0.494323,0.545599,1,0
0.502259,0.492248,0.5445,1,0
0.500794,0.488219,0.543645,1,0
0.498352,0.488951,0.544012,1,0
0.498352,0.488219,0.544012,1,0
0.497131,0.483091,0.544866,1,0
0.497864,0.48419,0.544378,1,0
0.497619,0.482603,0.54218,1,0
0.496521,0.479184,0.539373,1,0
0.495056,0.4848,0.535954,1,0
0.492736,0.486998,0.531559,1,0
0.492248,0.486021,0.531437,1,0
0.491881,0.48651,0.530582,1,0
0.49066,0.48773,0.52753,1,0
0.49005,0.489928,0.526676,1,0
0.488707,0.49005,0.524722,1,0
0.487853,0.491881,0.52399,1,0
0.487242,0.493468,0.523623,1,0
0.486632,0.494933,0.523135,1,0
0.485167,0.496032,0.522525,1,0
0.48419,0.498352,0.520938,1,0
0.484556,0.498718,0.519961,1,0
0.484312,0.500427,0.520693,1,0
0.485777,0.50177,0.520693,1,0
0.484068,0.502136,0.519961,1,0
0.485533,0.503968,0.519473,1,0
0.484434,0.507142,0.51874,1,0
0.486265,0.50763,0.518008,1,0
0.485533,0.508119,0.518008,1,0
0.48651,0.508485,0.520571,1,0
0.490172,0.510072,0.519595,1,0
0.489318,0.50702,0.52167,1,0
0.49298,0.508363,0.523746,1,0
0.491637,0.508729,0.523746,1,0
0.490783,0.504944,0.527896,1,0
0.496643,0.509584,0.529728,1,0
0.495544,0.507752,0.533268,1,0
0.498108,0.506654,0.537541,1,0
0.499817,0.505189,0.540227,1,0
0.499817,0.50177,0.542058,1,0
0.499084,0.501892,0.544012,1,0
0.503601,0.500427,0.544134,1,0
0.500671,0.496521,0.544988,1,1
0.500794,0.494323,0.544744,1,0
0.501404,0.494933,0.543523,1,0
0.500916,0.494567,0.542058,1,0
0.499573,0.49237,0.541448,1,0
0.500183,0.492614,0.540227,1,0
0.49884,0.49066,0.540227,1,0
0.49884,0.488097,0.540471,1,0
0.49884,0.488707,0.540105,1,0
0.49591,0.488097,0.538518,1,0
0.496154,0.484556,0.53864,1,0
0.495666,0.486265,0.537053,1,0
0.494201,0.484678,0.534855,1,0
0.493346,0.484556,0.533634,1,0
0.491393,0.485777,0.530704,1,0
0.490783,0.487242,0.530094,1,0
0.489073,0.487608,0.528629,1,0
0.488585,0.487608,0.527896,1,0
0.488219,0.490294,0.525821,1,0
0.48712,0.490538,0.524112,1,0
0.487242,0.492492,0.522891,1,0
0.485411,0.494323,0.520693,1,0
0.485899,0.498962,0.517275,1,0
0.484678,0.499329,0.516787,1,0
0.484434,0.502625,0.51642,1,0
0.483213,0.505921,0.516176,1,0
0.483091,0.506165,0.517763,1,0
0.483213,0.506165,0.517397,1,0
0.482603,0.504334,0.517886,1,0
0.483091,0.506409,0.518862,1,0
0.482359,0.507997,0.518008,1,0
0.483335,0.506776,0.521426,1,0
0.484068,0.507752,0.519717,1,0
0.486876,0.50763,0.524722,1,0
0.488341,0.508851,0.523257,1,0
0.487853,0.506776,0.526798,1,0
0.490783,0.506898,0.526554,1,0
0.493957,0.50702,0.529972,1,0
0.491393,0.509584,0.530094,1,0
0.491759,0.505555,0.533146,1,0
0.496643,0.504822,0.534855,1,0
0.499573,0.505677,0.533634,1,0
0.498474,0.50409,0.538884,1,0
0.499573,0.503235,0.540471,1,0
0.503357,0.502259,0.541082,1,0
0.501282,0.501038,0.543401,1,0
0.502991,0.500183,0.543279,1,0
0.504334,0.497986,0.542425,1,1
0.502503,0.495788,0.541936,1,0
0.501892,0.495788,0.540593,1,0
0.501404,0.493957,0.540593,1,0
0.500305,0.490294,0.541326,1,0
0.498108,0.49237,0.540593,1,0
0.497131,0.491027,0.541082,1,0
0.496276,0.488219,0.54096,1,0
0.4953,0.487242,0.539861,1,0
0.494201,0.488951,0.539128,1,0
0.493713,0.487242,0.536565,1,0
0.493102,0.48651,0.534855,1,0
0.492248,0.488829,0.532536,1,0
0.490783,0.490538,0.530094,1,0
0.489318,0.491393,0.527652,1,0
0.488463,0.49237,0.52692,1,0
0.487608,0.493102,0.524966,1,0
0.487364,0.4953,0.524966,1,0
0.487486,0.497741,0.524112,1,0
0.486998,0.498474,0.521914,1,0
0.485411,0.498718,0.520693,1,0
0.485777,0.500549,0.518496,1,0
0.4848,0.501892,0.517397,1,0
0.485777,0.503357,0.518008,1,0
0.484434,0.504578,0.51813,1,0
0.484068,0.503968,0.518618,1,0
0.485411,0.505311,0.519839,1,0
0.48651,0.506654,0.519961,1,0
0.485655,0.505067,0.520693,1,0
0.486143,0.504822,0.523013,1,0
0.48712,0.506654,0.523379,1,0
0.489806,0.506898,0.526065,1,0
0.490416,0.508607,0.525699,1,0
0.49237,0.505921,0.531071,1,0
0.495422,0.507386,0.531925,1,0
0.493713,0.506409,0.533024,1,0
0.494689,0.505189,0.534733,1,0
0.499329,0.506532,0.53339,1,0
0.497986,0.503235,0.534733,1,0
0.49823,0.500916,0.536076,1,0
0.501282,0.501648,0.536198,1,0
0.502259,0.500549,0.537663,1,0
0.502136,0.498108,0.539861,1,0
0.502625,0.497864,0.540227,1,0
0.500916,0.4953,0.542058,1,0
0.501892,0.495422,0.542791,1,0
0.502014,0.494201,0.542547,1,0
0.500549,0.491393,0.54218,1,1
0.500183,0.489318,0.540838,1,0
0.499817,0.489928,0.539739,1,0
0.499329,0.486387,0.53864,1,0
0.498108,0.488951,0.537053,1,0
0.495178,0.488585,0.537419,1,0
0.495544,0.490172,0.537541,1,0
0.494201,0.490172,0.535222,1,0
0.493102,0.48944,0.533879,1,0
0.491759,0.487242,0.533512,1,0
0.492126,0.489806,0.532169,1,0
0.489928,0.490416,0.529117,1,0
0.488951,0.493346,0.52692,1,0
0.488341,0.494689,0.524966,1,0
0.486754,0.495666,0.523868,1,0
0.486265,0.496521,0.524234,1,0
0.486387,0.498474,0.52399,1,0
0.484556,0.497741,0.522891,1,0
0.4848,0.499084,0.522525,1,0
0.484068,0.499817,0.521548,1,0
0.48419,0.500427,0.521304,1,0
0.483091,0.50116,0.522403,1,0
0.483457,0.503724,0.522647,1,0
0.483335,0.504456,0.523257,1,0
0.48419,0.504212,0.522647,1,0
0.481504,0.502869,0.520938,1,0
0.483702,0.502625,0.520938,1,0
0.484678,0.5047,0.519106,1,0
0.483702,0.502747,0.521914,1,0
0.48651,0.505433,0.523868,1,0
0.486021,0.506287,0.522525,1,0
0.486632,0.504578,0.525455,1,0
0.488829,0.507997,0.526065,1,0
0.488219,0.506409,0.526309,1,0
0.490905,0.506287,0.52753,1,0
0.492736,0.505799,0.528751,1,0
0.492003,0.505433,0.529239,1,0
0.492492,0.504822,0.532292,1,0
0.496521,0.505799,0.533879,1,0
0.496887,0.503968,0.534611,1,0
0.497009,0.500183,0.537297,1,0
0.500183,0.501892,0.537663,1,0
0.500183,0.500427,0.538518,1,0
0.499939,0.496398,0.540715,1,0
0.503235,0.497131,0.539373,1,0
0.500549,0.498596,0.53925,1,0
0.499329,0.496887,0.539861,1,1
0.50116,0.494201,0.539617,1,0
0.500061,0.494811,0.539373,1,0
0.499451,0.492126,0.539617,1,0
0.500061,0.490538,0.53925,1,0
0.500061,0.492003,0.538762,1,0
0.500183,0.491637,0.537907,1,0
0.497375,0.490294,0.537907,1,0
0.496887,0.492003,0.537419,1,0
0.49591,0.488463,0.53864,1,0
0.495544,0.488707,0.53864,1,0
0.494201,0.489195,0.537297,1,0
0.493591,0.488585,0.534611,1,0
0.492248,0.488829,0.53278,1,0
0.491881,0.489562,0.531681,1,0
0.490905,0.490294,0.530582,1,0
0.489318,0.492248,0.527896,1,0
0.488341,0.492614,0.526676,1,0
0.488097,0.492858,0.527042,1,0
0.48712,0.494811,0.526554,1,0
0.486998,0.495056,0.525211,1,0
0.486021,0.496154,0.5246,1,0
0.485167,0.496765,0.523379,1,0
0.484068,0.497741,0.522281,1,0
0.483702,0.499084,0.52106,1,0
0.483335,0.500183,0.520938,1,0
0.484434,0.502503,0.520693,1,0
0.484068,0.503724,0.520449,1,0
0.482969,0.503724,0.519717,1,0
0.484434,0.504334,0.520083,1,0
0.483335,0.504944,0.518618,1,0
0.484434,0.504456,0.52106,1,0
0.485289,0.507752,0.520938,1,0
0.485167,0.506043,0.523379,1,0
0.48651,0.504578,0.523501,1,0
0.490538,0.504212,0.524356,1,0
0.490416,0.503968,0.527286,1,0
0.491271,0.506287,0.52692,1,0
0.493468,0.505677,0.528873,1,0
0.495544,0.50702,0.529117,1,0
0.493835,0.503479,0.531193,1,0
0.496765,0.502991,0.535222,1,0
0.499817,0.503968,0.535588,1,0
0.496643,0.502503,0.538274,1,0
0.502869,0.499573,0.540349,1,0
0.500671,0.50116,0.541936,1,0
0.499939,0.499939,0.542547,1,1
0.501038,0.494933,0.54218,1,0
0.500671,0.493102,0.54157,1,0
0.499817,0.492248,0.540715,1,0
0.499817,0.48944,0.54157,1,0
0.499817,0.487364,0.541936,1,0
0.500305,0.487242,0.540838,1,0
0.499939,0.485777,0.539495,1,0
0.497619,0.486876,0.538762,1,0
0.496765,0.487608,0.538396,1,0
0.496276,0.486754,0.538274,1,0
0.495788,0.484678,0.538274,1,0
0.494323,0.486143,0.537175,1,0
0.493102,0.487242,0.534489,1,0
0.491881,0.486632,0.531681,1,0
0.491149,0.487242,0.530338,1,0
0.489806,0.488829,0.527896,1,0
0.489073,0.491759,0.525333,1,0
0.487853,0.493713,0.523868,1,0
0.487242,0.4953,0.522891,1,0
0.487242,0.497619,0.523013,1,0
0.485533,0.49823,0.522036,1,0
0.485289,0.498474,0.522281,1,0
0.484434,0.500671,0.521792,1,0
0.48358,0.500305,0.520083,1,0
0.484434,0.501648,0.521792,1,0
0.484922,0.503724,0.522403,1,0
0.4848,0.503846,0.521304,1,0
0.484922,0.504456,0.520449,1,0
0.484434,0.502991,0.520449,1,0
0.485899,0.503113,0.523135,1,0
0.48773,0.506287,0.522769,1,0
0.488707,0.506287,0.524966,1,0
0.491027,0.507264,0.526187,1,0
0.489928,0.507508,0.525577,1,0
0.492736,0.507508,0.528873,1,0
0.493835,0.509462,0.529728,1,0
0.49298,0.506898,0.528751,1,0
0.496032,0.504822,0.531193,1,0
0.496154,0.505067,0.53278,1,0
0.497009,0.50409,0.533024,1,0
0.497253,0.502014,0.535222,1,0
0.499573,0.500916,0.537297,1,0
0.500427,0.500183,0.539373,1,0
0.500061,0.498474,0.540227,1,0
0.501282,0.496643,0.54096,1,0
0.500549,0.496032,0.54096,1,1
0.500183,0.4953,0.540105,1,0
0.500183,0.49237,0.539495,1,0
0.501526,0.492614,0.539861,1,0
0.500183,0.493591,0.539983,1,0
0.50116,0.492492,0.540349,1,0
0.498474,0.489073,0.540593,1,0
0.498596,0.489073,0.54096,1,0
0.498474,0.489073,0.540593,1,0
0.497375,0.486632,0.539373,1,0
0.495544,0.486387,0.536198,1,0
0.494201,0.488585,0.534855,1,0
0.493224,0.488951,0.533146,1,0
0.491759,0.488341,0.531071,1,0
0.491515,0.489806,0.530582,1,0
0.489928,0.490416,0.527774,1,0
0.489073,0.493468,0.526554,1,0
0.488707,0.495422,0.5246,1,0
0.486876,0.495422,0.523013,1,0
0.484922,0.496521,0.523379,1,0
0.484434,0.498962,0.523013,1,0
0.483946,0.499206,0.522281,1,0
0.484068,0.499451,0.522281,1,0
0.483702,0.500549,0.520327,1,0
0.484434,0.501282,0.52106,1,0
0.485899,0.502381,0.520449,1,0
0.485045,0.502503,0.519839,1,0
0.486998,0.504334,0.519228,1,0
0.485289,0.505189,0.520083,1,0
0.486387,0.507752,0.523013,1,0
0.487853,0.510927,0.522647,1,0
0.487486,0.507874,0.524844,1,0
0.489195,0.508119,0.525088,1,0
0.489318,0.506776,0.524356,1,0
0.492126,0.506409,0.527164,1,0
0.494933,0.507752,0.524844,1,0
0.493346,0.504212,0.527042,1,0
0.496521,0.503601,0.528751,1,0
0.495056,0.503113,0.533512,1,0
0.49884,0.505067,0.536809,1,0
0.500183,0.503724,0.540227,1,0
0.500183,0.500916,0.540227,1,0
0.500061,0.498962,0.541448,1,0
0.499939,0.497741,0.541936,1,0
0.503479,0.494323,0.541082,1,0
0.500549,0.493102,0.541448,1,1
0.500427,0.493957,0.54157,1,0
0.502381,0.494079,0.539861,1,0
0.500427,0.492248,0.539495,1,0
0.500061,0.490538,0.539128,1,0
0.499939,0.49066,0.538762,1,0
0.498962,0.490416,0.538884,1,0
0.498474,0.48944,0.539617,1,0
0.49884,0.489928,0.539495,1,0
0.497497,0.490905,0.53864,1,0
0.49591,0.48773,0.537419,1,0
0.494811,0.490416,0.536565,1,0
0.492248,0.490416,0.534733,1,0
0.49237,0.489806,0.533024,1,0
0.491515,0.489562,0.531071,1,0
0.490905,0.489806,0.528629,1,0
0.490172,0.490294,0.52692,1,0
0.490294,0.493957,0.524478,1,0
0.486265,0.493468,0.523746,1,0
0.485655,0.495666,0.523623,1,0
0.4848,0.497741,0.523623,1,0
0.483824,0.497741,0.523501,1,0
0.483457,0.497864,0.523257,1,0
0.48358,0.49884,0.522403,1,0
0.48358,0.499329,0.521304,1,0
0.483457,0.499695,0.521304,1,0
0.485045,0.500916,0.520938,1,0
0.483946,0.501282,0.520083,1,0
0.485289,0.502869,0.521914,1,0
0.48419,0.506165,0.520816,1,0
0.485045,0.507142,0.522769,1,0
0.486632,0.507874,0.522036,1,0
0.486143,0.505555,0.522525,1,0
0.487242,0.5047,0.525577,1,0
0.490538,0.507874,0.524722,1,0
0.489073,0.507142,0.52753,1,0
0.491027,0.508119,0.529117,1,0
0.492126,0.508119,0.528507,1,0
0.492126,0.506898,0.530216,1,0
0.493713,0.506898,0.532658,1,0
0.493713,0.507142,0.533146,1,0
0.496154,0.505555,0.534855,1,0
0.496398,0.504334,0.536076,1,0
0.497864,0.501038,0.536687,1,0
0.500916,0.501404,0.537419,1,0
0.498474,0.50116,0.53864,1,0
0.499451,0.499695,0.539128,1,1
0.502625,0.499329,0.53803,1,0
0.500794,0.497741,0.539006,1,0
0.499939,0.497009,0.540105,1,0
0.50116,0.497009,0.539617,1,0
0.500183,0.494567,0.540349,1,0
0.500061,0.493102,0.54157,1,0
0.500794,0.493591,0.54096,1,0
0.49884,0.491393,0.541082,1,0
0.496887,0.489928,0.539495,1,0
0.497253,0.48944,0.538396,1,0
0.494933,0.487364,0.535832,1,0
0.494201,0.487608,0.534611,1,0
0.493224,0.488829,0.532902,1,0
0.491759,0.488585,0.531681,2,0
0.49066,0.488829,0.52985,2,0
0.489562,0.492248,0.53046,2,0
0.488585,0.493468,0.528385,2,0
0.48712,0.494445,0.526431,2,0
0.486387,0.495178,0.525577,2,0
0.486387,0.496276,0.52399,2,0
0.486143,0.497741,0.524112,2,0
0.486754,0.498962,0.523135,2,0
0.487364,0.499573,0.52106,2,0
0.48773,0.501892,0.520938,2,0
0.484556,0.503357,0.521182,2,0
0.48651,0.505921,0.521182,2,0
0.486998,0.508973,0.522525,2,0
0.48773,0.509462,0.521304,2,0
0.486998,0.508973,0.52106,2,0
0.486387,0.508485,0.521548,2,0
0.487608,0.510805,0.523013,2,0
0.486998,0.508485,0.522403,2,0
0.48944,0.507264,0.524966,2,0
0.490416,0.509584,0.527652,2,0
0.490538,0.508119,0.526065,2,0
0.491637,0.504944,0.527652,2,0
0.494933,0.506898,0.529361,2,0
0.493346,0.505067,0.530338,2,0
0.496154,0.507142,0.533512,2,0
0.494567,0.504578,0.536198,2,0
0.499206,0.502381,0.539495,2,0
0.500427,0.502014,0.540105,2,0
0.499817,0.500305,0.541692,2,0
0.502625,0.499084,0.540715,2,0
0.500549,0.497131,0.540715,2,0
0.500061,0.496887,0.540715,2,0
0.502014,0.496765,0.540349,2,0
0.500183,0.494933,0.539983,2,0
0.500671,0.49298,0.539983,2,0
0.500061,0.492614,0.539739,2,0
0.499817,0.491759,0.539495,2,0
0.49823,0.487853,0.539617,2,0
0.497619,0.48944,0.538884,2,0
0.494811,0.488097,0.537053,2,0
0.494933,0.488951,0.534733,2,0
0.494201,0.488829,0.534367,2,0
0.492614,0.488219,0.533512,2,0
0.491393,0.489806,0.531193,2,0
0.491759,0.489806,0.529972,2,0
0.488341,0.491393,0.528873,2,0
0.48773,0.49237,0.527652,2,0
0.487608,0.494445,0.527164,2,0
0.48773,0.495178,0.525455,2,0
0.487486,0.496521,0.525455,2,0
0.487608,0.497741,0.524478,2,0
0.486632,0.500183,0.523746,2,0
0.486754,0.502259,0.523379,2,0
0.484678,0.502381,0.521914,2,0
0.486265,0.504212,0.521914,2,0
0.484678,0.505799,0.521426,2,0
0.486021,0.505799,0.522158,2,0
0.485655,0.505921,0.523257,2,0
0.486265,0.505189,0.521182,2,0
0.486998,0.503601,0.522647,2,0
0.486998,0.506165,0.523135,2,0
0.485167,0.505799,0.522403,2,0
0.486143,0.506165,0.525333,2,0
0.487975,0.506776,0.525699,2,0
0.489195,0.505311,0.528995,2,0
0.491271,0.507386,0.528629,2,0
0.490905,0.505189,0.528385,2,0
0.49237,0.504456,0.530216,2,0
0.494201,0.503724,0.530582,2,0
0.496276,0.503357,0.531681,2,0
0.494567,0.501038,0.531681,2,0
0.493346,0.497375,0.533757,2,0
0.498474,0.498108,0.5351,2,0
0.498108,0.501282,0.535344,2,0
0.497864,0.497375,0.535588,2,0
0.501892,0.492736,0.533268,2,0
0.504212,0.494323,0.529361,2,0
0.501282,0.48651,0.527652,2,0
0.503235,0.485533,0.528263,2,0
0.506898,0.49005,0.524844,2,0
0.508363,0.483213,0.526065,2,0
0.504334,0.48419,0.532658,2,0
0.505311,0.487364,0.530827,2,0
0.502747,0.4848,0.536687,2,0
0.502625,0.48712,0.538152,2,0
0.505189,0.49005,0.53864,2,0
0.505677,0.489073,0.538884,2,0
0.506898,0.489928,0.538518,2,0
0.50702,0.491271,0.537175,2,0
0.508729,0.490294,0.535954,2,0
0.513368,0.489318,0.53339,2,0
0.519839,0.486754,0.52985,2,0
0.525577,0.483335,0.531193,2,0
0.5351,0.487242,0.522403,2,0
0.537907,0.484434,0.522647,2,0
0.538152,0.483335,0.521426,2,0
0.536565,0.483457,0.515932,2,0
0.533268,0.484434,0.50995,2,0
0.530704,0.48419,0.509095,2,0
0.529117,0.486021,0.50409,2,0
0.525333,0.486754,0.505433,2,0
0.52399,0.488951,0.503724,2,0
0.523623,0.485167,0.505311,2,0
0.524722,0.482359,0.50702,2,0
0.524722,0.479917,0.508119,2,0
0.527408,0.476499,0.513002,2,0
0.530704,0.472226,0.517886,2,0
0.530827,0.4754,0.519595,2,0
0.52985,0.474423,0.524966,2,0
0.529484,0.477353,0.522647,2,0
0.528507,0.482725,0.520571,2,0
0.528629,0.483213,0.518008,2,0
0.53046,0.480527,0.514711,2,0
0.532292,0.48065,0.514589,2,0
0.53278,0.485045,0.511781,2,0
0.530704,0.485167,0.512636,2,0
0.528629,0.48126,0.511903,2,0
0.528019,0.481382,0.512147,2,0
0.528507,0.484556,0.51227,2,0
0.528141,0.482603,0.51349,2,0
0.525455,0.48187,0.513613,2,0
0.519839,0.489928,0.514833,2,0
0.517031,0.482603,0.512025,2,0
0.511903,0.490172,0.499939,2,0
0.513124,0.489684,0.498352,2,0
0.550726,0.495056,0.57905,2,0
0.523501,0.49884,0.529606,2,0
0.518252,0.483457,0.508851,2,0
0.520205,0.48187,0.517397,2,0
0.519351,0.477231,0.52399,2,0
0.519351,0.484068,0.517519,2,0
0.520693,0.479429,0.518618,2,0
0.519961,0.483946,0.522891,2,0
0.519228,0.484068,0.521914,2,0
0.518252,0.48187,0.521792,2,0
0.516787,0.480039,0.521182,2,0
0.517275,0.479795,0.521548,2,0
0.517275,0.480894,0.520571,2,0
0.516909,0.479917,0.522525,2,0
0.515688,0.479429,0.523379,2,0
0.514955,0.479551,0.522403,2,0
0.515322,0.480405,0.521548,2,0
0.516054,0.47894,0.520327,2,0
0.516787,0.477842,0.518862,2,0
0.51642,0.476865,0.518374,2,0
0.516054,0.476254,0.517886,2,0
0.51581,0.476132,0.518008,2,0
0.515688,0.476499,0.518862,2,0
0.515566,0.477597,0.519595,2,0
0.515566,0.477475,0.518984,2,0
0.515688,0.476865,0.519228,2,0
0.51581,0.476743,0.519228,2,0
0.51581,0.477597,0.519106,2,0
0.515932,0.477964,0.518862,2,0
0.515932,0.476987,0.518984,2,0
0.515566,0.476743,0.51874,2,0
0.515688,0.477109,0.518984,2,0
0.51581,0.477109,0.518862,2,0
0.515566,0.477231,0.51874,2,0
0.515688,0.477109,0.518618,2,0
0.515932,0.477109,0.518862,2,0
0.515932,0.477109,0.518984,2,0
0.515932,0.477597,0.518984,2,0
0.51581,0.477719,0.518984,2,0
0.516298,0.477597,0.519351,2,0
0.516054,0.477964,0.519106,2,0
0.516298,0.477353,0.519473,2,0
0.516054,0.476743,0.520083,2,0
0.516298,0.477109,0.520083,2,0
0.51581,0.478208,0.519351,2,0
0.516176,0.475888,0.518984,2,0
0.51642,0.472348,0.521426,2,0
0.516176,0.470883,0.522403,2,0
0.513979,0.471127,0.523868,2,0
0.510927,0.475278,0.522403,2,0
0.511049,0.473324,0.523379,2,0
0.510316,0.4754,0.522769,2,0
0.510438,0.476377,0.521548,2,0
0.510438,0.477353,0.523501,2,0
0.508851,0.47833,0.525088,2,0
0.508119,0.481382,0.524966,2,0
0.506165,0.481138,0.526065,2,0
0.503601,0.480894,0.529484,2,0
0.502259,0.484068,0.528995,2,0
0.501038,0.485289,0.529484,2,0
0.499206,0.485655,0.530827,2,0
0.497375,0.487364,0.52985,2,0
0.496398,0.49005,0.528019,2,0
0.49823,0.488219,0.527408,2,0
0.496398,0.483091,0.528507,2,0
0.494567,0.484556,0.527896,2,0
0.495788,0.487975,0.525821,2,0
0.496521,0.487975,0.525821,2,0
0.498962,0.486998,0.528629,2,0
0.500427,0.488097,0.52753,2,0
0.502381,0.486265,0.529484,2,0
0.503235,0.486387,0.531681,2,0
0.504212,0.487486,0.53046,2,0
0.503968,0.488341,0.529728,2,0
0.503724,0.490172,0.530582,2,0
0.505311,0.491637,0.52985,2,0
0.506165,0.492614,0.53046,2,0
0.508119,0.49298,0.532169,2,0
0.508729,0.493591,0.532536,2,0
0.509095,0.493835,0.532536,2,0
0.509584,0.49298,0.531803,2,0
0.509706,0.493713,0.531559,2,0
0.508607,0.493224,0.530704,2,0
0.507874,0.492614,0.531071,2,0
0.506776,0.493591,0.531681,2,0
0.506654,0.493835,0.532292,2,0
0.505799,0.493835,0.532292,2,0
0.506287,0.493591,0.532292,2,0
0.507142,0.49237,0.531559,2,0
0.506898,0.492003,0.532414,2,0
0.506165,0.490905,0.533512,2,0
0.506043,0.491881,0.531925,2,0
0.505311,0.492126,0.533757,2,0
0.505921,0.492492,0.533268,2,0
0.505921,0.493102,0.532047,2,0
0.505921,0.492614,0.532169,2,0
0.506409,0.493591,0.532902,2,0
0.506165,0.493102,0.531925,2,0
0.506532,0.493713,0.532414,2,0
0.506532,0.493713,0.531803,2,0
0.506409,0.493102,0.531315,2,0
0.506287,0.493713,0.531681,2,0
0.506532,0.493346,0.531193,2,0
0.505311,0.49298,0.531925,2,0
0.505555,0.493835,0.532292,2,0
0.506776,0.495788,0.530338,2,0
0.511659,0.491759,0.537785,2,0
0.508119,0.492126,0.536687,2,0
0.506654,0.495056,0.532658,2,0
0.507997,0.496643,0.531315,2,0
0.51056,0.492614,0.532902,2,0
0.511659,0.492126,0.536442,2,0
0.510927,0.489562,0.538274,2,0
0.508485,0.487975,0.53864,2,0
0.506776,0.488585,0.535954,2,0
0.507264,0.489806,0.53278,2,0
0.50702,0.491149,0.529972,2,0
0.504578,0.488341,0.529361,2,0
0.504578,0.4848,0.535222,2,0
0.503479,0.492003,0.537907,2,0
0.501282,0.494201,0.545233,2,0
0.503601,0.495422,0.546698,2,0
0.502625,0.4953,0.544622,2,0
0.501648,0.497375,0.542547,2,0
0.499451,0.496154,0.540349,2,0
0.497986,0.493591,0.541204,2,0
0.495178,0.496765,0.537053,2,0
0.493835,0.496765,0.532414,2,0
0.491881,0.497131,0.527042,2,0
0.489195,0.496398,0.52106,2,0
0.488341,0.500183,0.516298,2,0
0.488463,0.501892,0.511659,2,0
0.488951,0.500305,0.508241,2,0
0.491149,0.503601,0.503357,2,0
0.493713,0.504822,0.500671,2,0
0.492126,0.503113,0.499573,2,0
0.491027,0.500549,0.500916,2,0
0.491515,0.503846,0.502747,2,0
0.48944,0.500916,0.50702,2,0
0.492248,0.497375,0.514467,2,0
0.487608,0.493835,0.524722,2,0
0.482115,0.486143,0.544622,2,0
0.483946,0.478452,0.5644,2,0
0.481382,0.474667,0.575143,2,0
0.482481,0.472958,0.578806,2,0
0.485533,0.477719,0.570993,2,0
0.488951,0.485899,0.55915,2,0
0.490294,0.488829,0.548773,2,0
0.49237,0.491637,0.540105,2,0
0.495544,0.497009,0.531925,2,0
0.497741,0.497986,0.524722,2,0
0.496032,0.501038,0.519228,2,0
0.494689,0.507264,0.516298,2,0
0.49298,0.51056,0.514711,2,0
0.491637,0.510194,0.513979,2,0
0.492003,0.50934,0.51288,2,0
0.490416,0.506898,0.512514,2,0
0.486876,0.505555,0.513735,2,0
0.49005,0.506776,0.515444,2,0
0.493346,0.50934,0.512636,2,0
0.490905,0.505799,0.510316,2,0
0.491393,0.50702,0.509706,2,0
0.492858,0.506043,0.511903,2,0
0.494811,0.501038,0.518374,2,0
0.497253,0.499206,0.524966,2,0
0.495056,0.49823,0.531681,2,0
0.498596,0.491637,0.54743,2,0
0.505311,0.503113,0.553779,2,0
0.497986,0.50177,0.569283,2,0
0.50177,0.499451,0.578928,2,0
0.50116,0.499206,0.577585,2,0
0.501038,0.493957,0.56965,2,0
0.499573,0.492003,0.559639,2,0
0.49823,0.491515,0.549506,2,0
0.497619,0.491027,0.542425,2,0
0.494201,0.492614,0.531193,2,0
0.494323,0.494689,0.523868,2,0
0.493346,0.494445,0.51874,2,0
0.492492,0.494689,0.512025,2,0
0.492858,0.499451,0.506043,2,0
0.494445,0.500305,0.502991,2,0
0.494689,0.502869,0.499206,2,0
0.492858,0.50409,0.496398,2,0
0.490416,0.50116,0.498596,2,0
0.488707,0.498962,0.501892,2,0
0.492736,0.498596,0.509095,2,0
0.490783,0.497864,0.516054,2,0
0.491759,0.491149,0.524112,2,0
0.490416,0.495544,0.533512,2,0
0.486265,0.490905,0.543035,2,0
0.489562,0.483946,0.553046,2,0
0.48419,0.48065,0.556587,2,0
0.483335,0.476987,0.56208,2,0
0.488341,0.475766,0.562569,2,0
0.489806,0.477109,0.560005,2,0
0.491027,0.48187,0.554999,2,0
0.491271,0.486998,0.548895,2,0
0.493346,0.489195,0.543523,2,0
0.495056,0.489928,0.538396,2,0
0.496765,0.489684,0.534001,2,0
0.497864,0.495666,0.528263,2,0
0.497375,0.500305,0.522403,2,0
0.497009,0.502136,0.518862,2,0
0.496521,0.505311,0.515322,2,0
0.494567,0.510194,0.511659,2,0
0.494689,0.507264,0.510316,2,0
0.494933,0.506409,0.508851,2,0
0.494201,0.507997,0.508729,2,0
0.493102,0.510438,0.508729,2,0
0.494689,0.509584,0.511781,2,0
0.49237,0.506287,0.513857,2,0
0.49237,0.50409,0.522036,2,0
0.49237,0.505433,0.526309,2,0
0.492736,0.498962,0.534123,2,0
0.4953,0.499817,0.539373,2,0
0.493713,0.499329,0.547064,2,0
0.495666,0.499573,0.556342,2,0
0.499451,0.499206,0.561714,2,0
0.497497,0.498718,0.564766,2,0
0.49591,0.495788,0.564766,2,0
0.497131,0.492736,0.561592,2,0
0.496398,0.493468,0.554389,2,0
0.496521,0.493591,0.547308,2,0
0.495178,0.491637,0.540105,2,0
0.494933,0.490783,0.535344,2,0
0.491759,0.496154,0.528263,2,0
0.490538,0.497741,0.522891,2,0
0.491759,0.49884,0.517641,2,0
0.491515,0.499206,0.512392,2,0
0.491515,0.497741,0.508363,2,0
0.492003,0.499939,0.503846,2,0
0.49237,0.501526,0.50177,2,0
0.49066,0.501038,0.501282,2,0
0.49066,0.502014,0.503357,2,0
0.490172,0.503846,0.505067,2,0
0.491027,0.502991,0.510682,2,0
0.491637,0.500427,0.517153,2,0
0.493835,0.497497,0.523501,2,0
0.490905,0.495178,0.534001,2,0
0.49005,0.492126,0.537907,2,0
0.48712,0.492126,0.551581,2,0
0.484922,0.485777,0.558784,2,0
0.487364,0.48419,0.565377,2,0
0.488463,0.481138,0.559883,2,0
0.49005,0.482237,0.555121,2,0
0.489928,0.487242,0.548651,2,0
0.489195,0.488097,0.544378,2,0
0.49237,0.49005,0.541936,2,0
0.493224,0.492126,0.538152,2,0
0.494323,0.493591,0.5351,2,0
0.494445,0.495422,0.531681,2,0
0.496765,0.499329,0.52692,2,0
0.496521,0.501892,0.523501,2,0
0.495788,0.503724,0.518984,2,0
0.496765,0.507386,0.515078,2,0
0.496276,0.509462,0.510194,2,0
0.494811,0.509828,0.506654,2,0
0.491027,0.509217,0.507508,2,0
0.493591,0.511903,0.510072,2,0
0.493468,0.512514,0.512392,2,0
0.49066,0.505799,0.514223,2,0
0.492126,0.506776,0.518374,2,0
0.491637,0.506654,0.518008,2,0
0.491149,0.499939,0.525333,2,0
0.496887,0.502014,0.527042,2,0
0.496398,0.501648,0.533757,2,0
0.495422,0.500916,0.541692,2,0
0.499206,0.494079,0.549506,2,0
0.500183,0.493957,0.559517,2,0
0.505799,0.501038,0.562569,2,0
0.504212,0.501038,0.565377,2,0
0.506043,0.501648,0.562202,2,0
0.502259,0.500183,0.559517,2,0
0.503235,0.497619,0.55854,2,0
0.502259,0.497009,0.55268,2,0
0.500427,0.495178,0.544744,2,0
0.496521,0.490416,0.538762,2,0
0.493835,0.491759,0.531315,2,0
0.492614,0.495056,0.524112,2,0
0.492614,0.496154,0.519717,2,0
0.492736,0.495788,0.514467,2,0
0.490905,0.494689,0.508973,2,0
0.491759,0.497131,0.505555,2,0
0.490783,0.498962,0.501526,2,0
0.491515,0.501404,0.499695,2,0
0.488219,0.500916,0.500061,2,0
0.487608,0.503113,0.50177,2,0
0.49005,0.504212,0.504822,2,0
0.489562,0.500061,0.511537,2,0
0.491881,0.499817,0.517275,2,1
0.491759,0.497619,0.523379,2,0
0.488951,0.48651,0.535954,2,0
0.494079,0.488341,0.541936,2,0
0.485411,0.490783,0.546942,2,0
0.483824,0.486143,0.557563,2,0
0.485533,0.484312,0.558662,2,0
0.486632,0.481382,0.563179,2,0
0.490783,0.482847,0.558906,2,0
0.492248,0.485289,0.553412,2,0
0.493591,0.487853,0.548529,2,0
0.494811,0.490905,0.542913,2,0
0.494201,0.492248,0.537419,2,0
0.494689,0.494689,0.534367,2,0
0.496276,0.496276,0.528751,2,0
0.496276,0.497131,0.524966,2,0
0.497253,0.503724,0.521304,2,0
0.495178,0.505555,0.518618,2,0
0.495788,0.505677,0.516543,2,0
0.495056,0.508729,0.511537,2,0
0.494079,0.50995,0.507752,2,0
0.49237,0.509828,0.506776,2,0
0.492614,0.510438,0.507508,2,0
0.493468,0.511293,0.508973,2,0
0.491881,0.505067,0.511293,2,0
0.494445,0.502625,0.518374,2,0
0.493224,0.503724,0.523379,2,0
0.494811,0.500916,0.528385,2,0
0.49237,0.49591,0.538518,2,0
0.49591,0.496887,0.542791,2,0
0.494933,0.499939,0.556953,2,0
0.498352,0.502503,0.563667,2,0
0.500305,0.504334,0.564644,2,0
0.500061,0.502625,0.563179,2,0
0.500305,0.503357,0.559639,2,0
0.499084,0.500427,0.555244,2,0
0.497253,0.496643,0.550116,2,0
0.496887,0.496032,0.544744,2,0
0.493591,0.494689,0.537541,2,0
0.49298,0.490905,0.531803,2,0
0.49237,0.493957,0.525943,2,0
0.491393,0.496643,0.518862,2,0
0.491027,0.495788,0.51349,2,0
0.489195,0.496154,0.509095,2,0
0.492736,0.499451,0.505555,2,0
0.492736,0.500427,0.502503,2,0
0.489318,0.499817,0.501648,2,0
0.488951,0.499084,0.502869,2,0
0.48944,0.500427,0.504334,2,1
0.488829,0.498718,0.511049,2,0
0.491881,0.498474,0.515078,2,0
0.488829,0.494445,0.523501,2,0
0.492858,0.496521,0.532292,2,0
0.491515,0.496032,0.537175,2,0
0.491149,0.491637,0.545843,2,0
0.48419,0.488219,0.555854,2,0
0.488707,0.480161,0.563423,2,0
0.488097,0.482115,0.562325,2,0
0.491149,0.487608,0.556098,2,0
0.490416,0.489928,0.550482,2,0
0.493102,0.491637,0.545599,2,0
0.494811,0.492858,0.538152,2,0
0.496765,0.493713,0.53339,2,0
0.495666,0.495544,0.52985,2,0
0.495544,0.49884,0.526187,2,0
0.494689,0.502014,0.523135,2,0
0.495544,0.502625,0.520816,2,0
0.495788,0.503479,0.518252,2,0
0.496521,0.504822,0.515078,2,0
0.494689,0.506287,0.510805,2,0
0.491759,0.505189,0.508363,2,0
0.494079,0.507264,0.508119,2,0
0.492614,0.509828,0.509462,2,0
0.493835,0.508485,0.511415,2,0
0.492492,0.503968,0.520816,2,0
0.494079,0.50763,0.522769,2,0
0.496032,0.504456,0.533146,2,0
0.496032,0.503601,0.536198,2,0
0.497375,0.498718,0.541692,2,0
0.49823,0.497864,0.550482,2,0
0.49884,0.505311,0.553656,2,0
0.501038,0.502991,0.558784,2,0
0.503724,0.501282,0.559517,2,0
0.501038,0.501404,0.55915,2,0
0.50177,0.502869,0.557197,2,0
0.50177,0.500794,0.553656,2,0
0.498962,0.491271,0.548773,2,0
0.495666,0.495544,0.541326,2,0
0.493224,0.495788,0.537907,2,0
0.493346,0.497741,0.532902,2,0
0.493713,0.500671,0.524234,2,0
0.494323,0.498962,0.519228,2,0
0.495056,0.497009,0.512758,2,0
0.495178,0.499573,0.507874,2,0
0.494079,0.499451,0.507752,2,0
0.491637,0.500794,0.503968,2,0
0.488341,0.499939,0.505311,2,1
0.487853,0.498596,0.508363,2,0
0.488219,0.496154,0.511659,2,0
0.489195,0.498352,0.515444,2,0
0.492248,0.497375,0.518374,2,0
0.490294,0.495666,0.525699,2,0
0.490783,0.496643,0.528385,2,0
0.490905,0.496521,0.538762,2,0
0.488829,0.4953,0.550971,2,0
0.491515,0.493102,0.553412,2,0
0.491637,0.483702,0.561958,2,0
0.491881,0.484068,0.559883,2,0
0.493224,0.486754,0.556709,2,0
0.494079,0.490538,0.550238,2,0
0.493835,0.492248,0.545965,2,0
0.494689,0.493591,0.541814,2,0
0.494811,0.494201,0.539128,2,0
0.4953,0.493713,0.535588,2,0
0.493835,0.495178,0.532658,2,0
0.493591,0.497375,0.52985,2,0
0.494445,0.500061,0.526065,2,0
0.496032,0.500061,0.523379,2,0
0.49823,0.504212,0.519106,2,0
0.499451,0.507997,0.514223,2,0
0.496765,0.508607,0.50763,2,0
0.494079,0.506287,0.503968,2,0
0.494323,0.506287,0.506654,2,0
0.496032,0.507874,0.508607,2,0
0.497864,0.507874,0.514467,2,0
0.497986,0.504822,0.520938,2,0
0.498962,0.503235,0.528873,2,0
0.49823,0.506043,0.535954,2,0
0.502259,0.506165,0.550116,2,0
0.502625,0.504578,0.561348,2,0
0.503479,0.50177,0.569283,2,0
0.505067,0.503479,0.571237,2,0
0.50116,0.499329,0.568917,2,0
0.500671,0.497131,0.561836,2,0
0.49884,0.495422,0.553046,2,0
0.497009,0.493713,0.542791,2,0
0.495666,0.492736,0.534977,2,0
0.494445,0.494933,0.527164,2,0
0.495422,0.499451,0.520205,2,0
0.494201,0.497864,0.514223,2,0
0.493468,0.499451,0.506287,2,0
0.495178,0.500183,0.502259,2,0
0.495056,0.500183,0.500427,2,0
0.49237,0.498718,0.499451,2,1
0.492003,0.497497,0.501404,2,0
0.491027,0.498108,0.503846,2,0
0.492858,0.495056,0.512392,2,0
0.492736,0.497741,0.51874,2,0
0.491393,0.496032,0.528019,2,0
0.492248,0.492736,0.542913,2,0
0.490294,0.483824,0.559639,2,0
0.492492,0.479062,0.561958,2,0
0.491515,0.477964,0.55915,2,0
0.493591,0.48187,0.557319,2,0
0.49591,0.490783,0.551947,2,0
0.497497,0.49237,0.548163,2,0
0.496643,0.49298,0.545355,2,0
0.496154,0.492614,0.542547,2,0
0.496521,0.492492,0.539861,2,0
0.496032,0.493957,0.537297,2,0
0.497619,0.497619,0.532292,2,0
0.496276,0.497741,0.528995,2,0
0.498352,0.500305,0.526065,2,0
0.497986,0.505799,0.52106,2,0
0.497375,0.506898,0.517641,2,0
0.49591,0.507386,0.515566,2,0
0.49591,0.511415,0.509828,2,0
0.493468,0.509706,0.506898,2,0
0.494079,0.504578,0.508607,2,0
0.496032,0.505921,0.507997,2,0
0.493713,0.505799,0.51288,2,0
0.494567,0.508485,0.514711,2,0
0.496765,0.505189,0.522525,2,0
0.497497,0.503724,0.53046,2,0
0.498352,0.502991,0.538396,2,0
0.501648,0.503235,0.547918,2,0
0.503235,0.506287,0.553168,2,0
0.5047,0.502747,0.561348,2,0
0.50409,0.503724,0.565743,2,0
0.503601,0.503479,0.566353,2,0
0.502381,0.501648,0.564034,2,0
0.500671,0.49823,0.557075,2,0
0.499329,0.495788,0.550482,2,0
0.496398,0.494567,0.542547,2,0
0.494811,0.496276,0.535832,2,0
0.494689,0.498962,0.528873,2,0
0.494079,0.498108,0.523501,2,0
0.493835,0.495056,0.51874,2,0
0.493713,0.500427,0.511781,2,0
0.494689,0.498962,0.507752,2,0
0.49298,0.499206,0.502136,2,0
0.49298,0.499084,0.498718,2,1
0.490905,0.501526,0.498474,2,0
0.490416,0.498718,0.501648,2,0
0.492614,0.501648,0.506532,2,0
0.493713,0.501892,0.51288,2,0
0.492858,0.501648,0.522525,2,0
0.491759,0.495056,0.530827,2,0
0.491637,0.493102,0.54682,2,0
0.492003,0.491393,0.553046,2,0
0.491881,0.482847,0.560615,2,0
0.490538,0.481504,0.559272,2,0
0.489195,0.478086,0.555488,2,0
0.492248,0.482725,0.55622,2,0
0.493224,0.487853,0.554389,2,0
0.494933,0.492492,0.55268,2,0
0.497619,0.490783,0.548773,2,0
0.497619,0.492126,0.544134,2,0
0.497741,0.496032,0.539617,2,0
0.498596,0.498108,0.534367,2,0
0.497864,0.49823,0.529484,2,0
0.498962,0.500305,0.525088,2,0
0.495544,0.503235,0.52167,2,0
0.497131,0.506776,0.518252,2,0
0.496521,0.509706,0.5152,2,0
0.497986,0.509828,0.512392,2,0
0.494811,0.510072,0.507142,2,0
0.494933,0.508241,0.505555,2,0
0.495666,0.508363,0.505921,2,0
0.494689,0.506898,0.508851,2,0
0.49591,0.506654,0.514955,2,0
0.496398,0.500183,0.524112,2,0
0.500061,0.504944,0.533146,2,0
0.502625,0.512636,0.537419,2,0
0.499817,0.497497,0.551215,2,0
0.504822,0.499817,0.555244,2,0
0.503968,0.500671,0.563667,2,0
0.505799,0.499939,0.569283,2,0
0.504334,0.498108,0.568185,2,0
0.503357,0.497619,0.563912,2,0
0.502625,0.497253,0.555488,2,0
0.499817,0.495056,0.547674,2,0
0.498962,0.493346,0.540593,2,0
0.495666,0.494567,0.533268,2,0
0.493713,0.497741,0.525455,2,0
0.493224,0.500183,0.519351,2,0
0.492492,0.496887,0.516298,2,0
0.493713,0.497986,0.511293,2,0
0.493346,0.500671,0.506776,2,0
0.493835,0.499573,0.504456,2,1
0.491881,0.498596,0.50177,2,0
0.49066,0.49884,0.501526,2,0
0.487975,0.496398,0.50409,2,0
0.49066,0.497619,0.509095,2,0
0.491759,0.499817,0.514467,2,0
0.489562,0.499206,0.521426,2,0
0.490172,0.495178,0.532169,2,0
0.491271,0.498108,0.538884,2,0
0.490294,0.483824,0.554267,2,0
0.494811,0.482481,0.556098,2,0
0.491271,0.479917,0.557075,2,0
0.492003,0.481626,0.555976,2,0
0.494323,0.48358,0.553656,2,0
0.493713,0.488341,0.550604,2,0
0.494933,0.489195,0.55036,2,0
0.496398,0.491637,0.548041,2,0
0.497375,0.492126,0.544256,2,0
0.498108,0.493713,0.539006,2,0
0.497375,0.494445,0.535344,2,0
0.498108,0.497986,0.529117,2,0
0.497009,0.499939,0.527042,2,0
0.497009,0.502381,0.522647,2,0
0.496643,0.504578,0.517763,2,0
0.495788,0.504822,0.515932,2,0
0.496276,0.505555,0.511659,2,0
0.494445,0.505433,0.509828,2,0
0.494811,0.507752,0.508729,2,0
0.494689,0.506898,0.508607,2,0
0.494689,0.506409,0.511415,2,0
0.497009,0.506532,0.514589,2,0
0.493957,0.504822,0.521182,2,0
0.497986,0.50409,0.524356,2,0
0.500671,0.497009,0.53864,2,0
0.498596,0.497986,0.544866,2,0
0.501648,0.497253,0.553779,2,0
0.503357,0.498474,0.556953,2,0
0.503479,0.490905,0.562325,2,0
0.507508,0.493468,0.564888,2,0
0.507874,0.500549,0.560127,2,0
0.50763,0.49884,0.554633,2,0
0.503846,0.495422,0.550604,2,0
0.503601,0.497619,0.547674,2,0
0.500794,0.498596,0.543157,2,0
0.499329,0.496276,0.539617,2,0
0.496398,0.495056,0.532047,2,0
0.492492,0.49884,0.526798,2,0
0.493713,0.500671,0.525088,2,0
0.494323,0.502747,0.519961,2,1
0.493346,0.498596,0.515078,2,0
0.49298,0.499939,0.507752,2,0
0.49237,0.500183,0.502503,2,0
0.491027,0.499206,0.500671,2,0
0.489195,0.497986,0.501282,2,0
0.490294,0.499451,0.502991,2,0
0.490416,0.501282,0.506898,2,0
0.491271,0.504578,0.512392,2,0
0.49066,0.500305,0.520693,2,0
0.491393,0.496643,0.530827,2,0
0.494445,0.496643,0.536931,2,0
0.491515,0.495056,0.547064,2,0
0.495544,0.496032,0.548041,2,0
0.4953,0.489684,0.544988,2,0
0.490905,0.488829,0.547674,2,0
0.492736,0.48944,0.547674,2,0
0.492736,0.487486,0.550971,2,0
0.493224,0.486998,0.553046,2,0
0.496276,0.485533,0.551581,2,0
0.496765,0.484434,0.549139,2,0
0.496398,0.48773,0.544378,2,0
0.495056,0.49005,0.541326,2,0
0.494933,0.492492,0.539983,2,0
0.494689,0.49591,0.538518,2,0
0.49591,0.49591,0.536931,2,0
0.496032,0.49823,0.533146,2,0
0.497986,0.500305,0.528019,2,0
0.499817,0.503846,0.522769,2,0
0.497619,0.504944,0.517031,2,0
0.497741,0.504822,0.513246,2,0
0.496276,0.507264,0.506165,2,0
0.493835,0.506654,0.505311,2,0
0.494201,0.508363,0.506654,2,0
0.494811,0.509828,0.508119,2,0
0.496154,0.507752,0.512758,2,0
0.4953,0.504456,0.51813,2,0
0.496887,0.504578,0.523013,2,0
0.498352,0.503968,0.531437,2,0
0.499329,0.500061,0.538762,2,0
0.501038,0.498718,0.547308,2,0
0.504944,0.501282,0.55622,2,0
0.504212,0.500183,0.560982,2,0
0.505067,0.497619,0.564522,2,0
0.506776,0.50116,0.562202,2,0
0.504212,0.500549,0.557929,2,0
0.503968,0.497497,0.551947,2,0
0.500427,0.496765,0.547918,2,0
0.500305,0.496521,0.54389,2,0
0.497986,0.494445,0.537663,2,1
0.496154,0.494933,0.532902,2,0
0.493224,0.497009,0.528873,2,0
0.492248,0.498108,0.524966,2,0
0.493835,0.500427,0.521548,2,0
0.494689,0.50116,0.515932,2,0
0.494689,0.498596,0.511293,2,0
0.493957,0.499817,0.505555,2,0
0.491637,0.500671,0.502259,2,0
0.488951,0.500061,0.503724,2,0
0.489073,0.499817,0.507508,2,0
0.49066,0.499573,0.514467,2,0
0.491637,0.499084,0.518252,2,0
0.491637,0.500061,0.523623,2,0
0.492126,0.499206,0.52753,2,0
0.493835,0.498108,0.53864,2,0
0.495788,0.499329,0.54096,3,0
0.498474,0.496398,0.548407,3,0
0.49823,0.494079,0.551093,3,0
0.499206,0.491393,0.550971,3,0
0.500305,0.492614,0.548407,3,0
0.500061,0.49298,0.544622,3,0
0.499451,0.494811,0.541204,3,0
0.500794,0.496521,0.537419,3,0
0.499939,0.496643,0.533268,3,0
0.500183,0.49591,0.531559,3,0
0.499573,0.496154,0.53046,3,0
0.49884,0.496154,0.53046,3,0
0.499573,0.496643,0.530582,3,0
0.499084,0.494201,0.531437,3,0
0.499084,0.493468,0.532536,3,0
0.498596,0.493957,0.532169,3,0
0.499206,0.493957,0.530949,3,0
0.499451,0.489806,0.530827,3,0
0.499451,0.49005,0.531071,3,0
0.500305,0.489928,0.530216,3,0
0.499817,0.489684,0.527774,3,0
0.499695,0.486387,0.531193,3,0
0.49884,0.487486,0.531315,3,0
0.499206,0.48773,0.527774,3,0
0.499573,0.48419,0.530827,3,0
0.498474,0.483702,0.530827,3,0
0.499206,0.483457,0.528873,3,0
0.500183,0.4848,0.528263,3,0
0.500794,0.485777,0.528263,3,0
0.50177,0.486998,0.526187,3,0
0.503357,0.486021,0.525577,3,0
0.504578,0.48651,0.523746,3,0
0.505677,0.485167,0.523013,3,0
0.506532,0.483824,0.519839,3,0
0.507508,0.48419,0.517763,3,0
0.511659,0.480405,0.515566,3,0
0.517886,0.460628,0.519961,3,0
0.516665,0.457697,0.522525,3,0
0.516054,0.463069,0.522158,3,0
0.513857,0.465755,0.521914,3,0
0.511415,0.468685,0.521304,3,0
0.511049,0.468929,0.519595,3,0
0.511049,0.468929,0.518862,3,0
0.511049,0.468197,0.518984,3,0
0.510927,0.469173,0.517397,3,0
0.51056,0.468807,0.517519,3,0
0.510316,0.47015,0.516665,3,0
0.509462,0.470883,0.515322,3,0
0.508851,0.468563,0.515444,3,0
0.508241,0.467464,0.515444,3,0
0.506776,0.468563,0.5152,3,0
0.506532,0.468685,0.514467,3,0
0.5047,0.467342,0.514589,3,0
0.501526,0.469051,0.514833,3,0
0.500549,0.470761,0.513246,3,0
0.498718,0.467708,0.515566,3,0
0.496887,0.471249,0.513857,3,0
0.494811,0.47247,0.513002,3,0
0.493713,0.470028,0.514589,3,0
0.492492,0.470883,0.512514,3,0
0.490416,0.471493,0.513124,3,0
0.490905,0.472348,0.5152,3,0
0.491881,0.476377,0.513002,3,0
0.491149,0.477719,0.517519,3,0
0.495666,0.48651,0.518984,3,0
0.497864,0.489684,0.522158,3,0
0.502747,0.493713,0.526065,3,0
0.509095,0.492126,0.529606,3,0
0.513368,0.489073,0.533512,3,0
0.5152,0.493468,0.530338,3,0
0.516054,0.492003,0.532536,3,0
0.517397,0.492003,0.532414,3,0
0.517763,0.491881,0.534123,3,0
0.5152,0.493102,0.533757,3,0
0.513735,0.494811,0.532047,3,0
0.512392,0.495422,0.530338,3,0
0.51056,0.4953,0.531315,3,0
0.509095,0.495422,0.532536,3,0
0.508363,0.495178,0.532414,3,0
0.508851,0.493102,0.532292,3,0
0.508363,0.492858,0.532292,3,0
0.507874,0.492614,0.532658,3,0
0.507874,0.493346,0.532047,3,0
0.507874,0.493591,0.532169,3,0
0.50763,0.493346,0.531437,3,0
0.507508,0.492736,0.531193,3,0
0.506776,0.493835,0.531315,3,0
0.507264,0.493468,0.531315,3,0
0.506898,0.494079,0.530094,3,0
0.50702,0.493713,0.527408,3,0
0.513246,0.496032,0.535954,3,0
0.511171,0.490538,0.540593,3,0
0.507264,0.492492,0.533757,3,0
0.507997,0.497619,0.532536,3,0
0.508119,0.49884,0.53339,3,0
0.508485,0.496398,0.531925,3,0
0.508363,0.493224,0.530582,3,0
0.510438,0.4953,0.532414,3,0
0.511781,0.497131,0.53278,3,0
0.51288,0.494079,0.537663,3,0
0.51227,0.490172,0.542425,3,0
0.512147,0.492248,0.544256,3,0
0.511537,0.491393,0.546331,3,0
0.508485,0.490294,0.545843,3,0
0.506898,0.48773,0.545233,3,0
0.503235,0.485899,0.54218,3,0
0.497741,0.485411,0.53803,3,0
0.492614,0.487975,0.53339,3,0
0.49066,0.489318,0.529484,3,0
0.489806,0.487975,0.525211,3,0
0.488219,0.488341,0.521548,3,0
0.485533,0.489684,0.518252,3,0
0.485411,0.49298,0.513002,3,0
0.4848,0.496154,0.509095,3,0
0.484678,0.493835,0.507264,3,0
0.485167,0.492492,0.505067,3,0
0.485899,0.492003,0.504456,3,0
0.486143,0.492003,0.506409,3,0
0.4848,0.491881,0.50763,3,0
0.4848,0.49237,0.509217,3,0
0.483457,0.493224,0.51581,3,0
0.486021,0.492492,0.513613,3,0
0.486998,0.487975,0.524234,3,0
0.490416,0.493713,0.524234,3,0
0.492614,0.491149,0.526187,3,0
0.494567,0.491149,0.533268,3,0
0.496398,0.491759,0.53278,3,0
0.497009,0.484556,0.540593,3,0
0.501038,0.486876,0.541204,3,0
0.502014,0.486387,0.538274,3,0
0.50177,0.483213,0.538884,3,0
0.502381,0.483946,0.539861,3,0
0.503846,0.486021,0.537297,3,0
0.504944,0.48419,0.539983,3,0
0.505677,0.485533,0.541936,3,0
0.508607,0.484556,0.545355,3,0
0.510682,0.487364,0.546209,3,0
0.510682,0.487975,0.547064,3,0
0.511171,0.489806,0.546209,3,0
0.50934,0.49005,0.54389,3,0
0.507508,0.489318,0.542425,3,0
0.506043,0.487364,0.540715,3,0
0.502503,0.486387,0.539373,3,0
0.502014,0.486754,0.536687,3,0
0.500794,0.485899,0.53571,3,0
0.498596,0.486754,0.532658,3,0
0.496521,0.488463,0.530949,3,0
0.495788,0.490783,0.529117,3,0
0.493468,0.491393,0.527408,3,0
0.49237,0.489928,0.527408,3,0
0.489684,0.492858,0.523868,3,0
0.488219,0.495178,0.522647,3,0
0.48651,0.496398,0.519595,3,0
0.485411,0.497375,0.517031,3,0
0.484678,0.496887,0.514589,3,0
0.484434,0.4953,0.512514,3,0
0.483824,0.496765,0.508363,3,0
0.483824,0.496032,0.507264,3,0
0.481748,0.49237,0.507752,3,0
0.481016,0.494567,0.510072,3,0
0.481138,0.497741,0.512147,3,0
0.480894,0.494567,0.514223,3,0
0.481626,0.492614,0.519228,3,0
0.480894,0.496398,0.518496,3,0
0.483213,0.494689,0.521792,3,0
0.486387,0.496032,0.523379,3,0
0.485411,0.495544,0.521548,3,0
0.486754,0.491149,0.526554,3,0
0.487242,0.49298,0.525699,3,0
0.492126,0.493591,0.530582,3,0
0.493224,0.494933,0.532414,3,0
0.494811,0.493591,0.530949,3,0
0.496032,0.490905,0.53571,3,0
0.498474,0.491393,0.536076,3,0
0.499695,0.486632,0.541448,3,0
0.500794,0.488829,0.542791,3,0
0.502625,0.489318,0.542669,3,0
0.502381,0.487608,0.544378,3,0
0.503601,0.488097,0.544988,3,0
0.503846,0.488829,0.545599,3,0
0.505067,0.489562,0.542669,3,0
0.503968,0.488951,0.540593,3,0
0.503479,0.488097,0.539983,3,0
0.503357,0.487975,0.539495,3,0
0.502503,0.49005,0.539006,3,0
0.501648,0.487975,0.539373,3,0
0.50116,0.488707,0.53864,3,0
0.499451,0.489073,0.538274,3,0
0.499206,0.489806,0.538274,3,0
0.496398,0.488951,0.536809,3,0
0.496398,0.488341,0.535588,3,0
0.494445,0.489928,0.533024,3,0
0.493224,0.489928,0.531559,3,0
0.492492,0.489562,0.530827,3,0
0.490294,0.490538,0.530216,3,0
0.487853,0.493713,0.527408,3,0
0.488707,0.493713,0.527286,3,0
0.486876,0.495788,0.525333,3,0
0.486021,0.494811,0.524722,3,0
0.485777,0.496154,0.522281,3,0
0.483213,0.496887,0.519473,3,0
0.484556,0.498352,0.517031,3,0
0.484312,0.497741,0.513979,3,0
0.483702,0.493835,0.512392,3,0
0.48419,0.494689,0.510316,3,0
0.483091,0.496032,0.509095,3,0
0.48126,0.494811,0.510072,3,0
0.48187,0.494323,0.512392,3,0
0.48187,0.497253,0.513002,3,0
0.481138,0.496398,0.51288,3,0
0.480039,0.493346,0.516298,3,0
0.484434,0.493835,0.51642,3,0
0.482359,0.493468,0.520083,3,0
0.486021,0.496032,0.522647,3,0
0.484434,0.494689,0.523135,3,0
0.486021,0.490172,0.528995,3,0
0.491515,0.496398,0.530338,3,0
0.48944,0.494933,0.530338,3,0
0.487608,0.488341,0.535466,3,0
0.494567,0.494323,0.535466,3,0
0.49298,0.491149,0.53925,3,0
0.49591,0.487975,0.540593,3,0
0.496398,0.485533,0.542303,3,0
0.497253,0.486143,0.543279,3,0
0.499329,0.489318,0.547064,3,0
0.499451,0.490416,0.548163,3,0
0.501038,0.488585,0.548651,3,0
0.500305,0.489195,0.546087,3,0
0.499939,0.488097,0.544866,3,0
0.499329,0.487608,0.541692,3,0
0.496887,0.487975,0.540838,3,0
0.497131,0.488219,0.539128,3,0
0.495788,0.484678,0.539006,3,0
0.49591,0.486754,0.536931,3,0
0.493591,0.488951,0.534001,3,0
0.492614,0.490172,0.531803,3,0
0.490416,0.491881,0.529117,3,0
0.490783,0.492614,0.526554,3,0
0.489195,0.493102,0.526065,3,0
0.488097,0.49298,0.524966,3,0
0.486876,0.493102,0.523623,3,0
0.486265,0.494811,0.523501,3,0
0.484434,0.497497,0.521426,3,0
0.483702,0.498596,0.52106,3,0
0.483091,0.500183,0.519473,3,0
0.482969,0.500549,0.51874,3,0
0.482237,0.499084,0.517275,3,0
0.480527,0.496154,0.516909,3,0
0.481626,0.496643,0.515078,3,0
0.479429,0.495666,0.513979,3,0
0.479795,0.495788,0.51288,3,0
0.479062,0.494689,0.512025,3,0
0.480039,0.495056,0.513002,3,0
0.480405,0.497497,0.512025,3,0
0.478818,0.495422,0.514711,3,0
0.482603,0.496643,0.515078,3,0
0.479307,0.494811,0.516054,3,0
0.48126,0.493713,0.519595,3,0
0.479795,0.496765,0.518374,3,0
0.48126,0.491149,0.52399,3,0
0.48419,0.493468,0.522891,3,0
0.484434,0.494079,0.52753,3,0
0.485777,0.494445,0.52753,3,0
0.485777,0.49237,0.530949,3,0
0.488341,0.496032,0.532047,3,0
0.491759,0.494689,0.529728,3,0
0.490416,0.488707,0.533634,3,0
0.493835,0.488707,0.534367,3,0
0.494933,0.488951,0.536809,3,0
0.493468,0.488585,0.540838,3,0
0.496887,0.488829,0.539373,3,0
0.499451,0.492003,0.541204,3,0
0.500183,0.488585,0.542547,3,0
0.500549,0.488707,0.54389,3,1
0.501892,0.490294,0.54157,3,0
0.501892,0.491393,0.53925,3,0
0.500671,0.490905,0.539495,3,0
0.50116,0.490783,0.540471,3,0
0.500794,0.490294,0.540838,3,0
0.500061,0.489318,0.544256,3,0
0.499939,0.487975,0.545599,3,0
0.49884,0.484556,0.544866,3,0
0.497131,0.486021,0.54157,3,0
0.4953,0.486632,0.53864,3,0
0.494079,0.486754,0.535588,3,0
0.494079,0.486876,0.533879,3,0
0.492003,0.489318,0.529484,3,0
0.490172,0.491271,0.526798,3,0
0.488463,0.497741,0.523257,3,0
0.485899,0.495056,0.522158,3,0
0.486876,0.497253,0.520449,3,0
0.485533,0.497864,0.519106,3,0
0.485777,0.497619,0.517641,3,0
0.485533,0.497009,0.51581,3,0
0.48419,0.495544,0.513857,3,0
0.48419,0.497497,0.511171,3,0
0.482481,0.496521,0.509584,3,0
0.481138,0.49591,0.511171,3,0
0.480283,0.499451,0.512025,3,0
0.479795,0.500183,0.51288,3,0
0.479795,0.497497,0.514955,3,0
0.479673,0.498108,0.516787,3,0
0.481382,0.497986,0.517519,3,0
0.482481,0.498352,0.520938,3,0
0.48419,0.500305,0.521182,3,0
0.484556,0.496521,0.522647,3,0
0.484556,0.495178,0.524722,3,0
0.48651,0.496276,0.527652,3,0
0.489928,0.495788,0.530582,3,0
0.492126,0.496521,0.532414,3,0
0.492003,0.496521,0.534977,3,0
0.492492,0.49591,0.534245,3,0
0.493591,0.493346,0.536565,3,0
0.498352,0.494201,0.534001,3,0
0.495788,0.491881,0.536931,3,0
0.496521,0.491271,0.538152,3,0
0.498962,0.491271,0.536565,3,0
0.498962,0.48944,0.539495,3,0
0.500794,0.490172,0.540838,3,0
0.500549,0.488829,0.541448,3,0
0.501892,0.489928,0.540838,3,0
0.501892,0.490172,0.541204,3,1
0.502503,0.489928,0.540227,3,0
0.501404,0.490172,0.540349,3,0
0.501648,0.490538,0.539861,3,0
0.500549,0.491271,0.539739,3,0
0.501526,0.490538,0.541326,3,0
0.500549,0.492126,0.539617,3,0
0.498962,0.49066,0.539495,3,0
0.499084,0.490905,0.54096,3,0
0.497986,0.490538,0.539128,3,0
0.497131,0.488585,0.537785,3,0
0.495422,0.489073,0.536076,3,0
0.492858,0.491149,0.532902,3,0
0.492858,0.490416,0.532047,3,0
0.491393,0.492492,0.52985,3,0
0.489318,0.49298,0.527164,3,0
0.488097,0.493346,0.526676,3,0
0.488341,0.495422,0.525577,3,0
0.48712,0.497131,0.523379,3,0
0.485899,0.4953,0.521426,3,0
0.484922,0.494567,0.519228,3,0
0.483946,0.495422,0.516176,3,0
0.482969,0.495056,0.515322,3,0
0.482237,0.496398,0.513124,3,0
0.480527,0.494445,0.51227,3,0
0.480283,0.494323,0.512392,3,0
0.479917,0.496032,0.512392,3,0
0.479429,0.494933,0.513857,3,0
0.478574,0.494079,0.514589,3,0
0.480161,0.496643,0.513979,3,0
0.481626,0.497375,0.5152,3,0
0.480772,0.495178,0.514345,3,0
0.482481,0.493591,0.519228,3,0
0.482481,0.498108,0.520571,3,0
0.48065,0.494567,0.523379,3,0
0.485289,0.496154,0.527286,3,0
0.487364,0.500549,0.524844,3,0
0.482359,0.494933,0.52692,3,0
0.485167,0.497253,0.525821,3,0
0.483824,0.494201,0.529972,3,0
0.488097,0.495178,0.529972,3,0
0.487608,0.488463,0.531559,3,0
0.491515,0.488463,0.53278,3,0
0.493346,0.488219,0.530094,3,0
0.492003,0.486143,0.53278,3,0
0.495056,0.491027,0.534245,3,0
0.494445,0.490538,0.535954,3,0
0.4953,0.488951,0.537297,3,0
0.497253,0.491759,0.53925,3,1
0.49823,0.49005,0.538884,3,0
0.498474,0.486998,0.539739,3,0
0.500305,0.488463,0.541204,3,0
0.501404,0.490538,0.541692,3,0
0.501038,0.49005,0.543035,3,0
0.502259,0.491027,0.543279,3,0
0.50116,0.49237,0.542303,3,0
0.499939,0.491393,0.541692,3,0
0.499329,0.488707,0.540715,3,0
0.499329,0.491149,0.540227,3,0
0.497131,0.491515,0.539128,3,0
0.495788,0.490905,0.538762,3,0
0.497253,0.493346,0.537663,3,0
0.496276,0.493835,0.535588,3,0
0.494811,0.494079,0.534489,3,0
0.493713,0.491881,0.534245,3,0
0.493713,0.492248,0.533268,3,0
0.492492,0.493713,0.531559,3,0
0.490172,0.493346,0.531315,3,0
0.489195,0.490416,0.530704,3,0
0.488707,0.496398,0.528995,3,0
0.486998,0.496643,0.52692,3,0
0.485289,0.497619,0.523501,3,0
0.484068,0.496521,0.520938,3,0
0.484068,0.497619,0.518496,3,0
0.482237,0.499451,0.51642,3,0
0.481016,0.500183,0.513979,3,0
0.480527,0.496643,0.51227,3,0
0.48187,0.500183,0.511049,3,0
0.479673,0.500305,0.508851,3,0
0.478086,0.498962,0.508607,3,0
0.480405,0.500794,0.509706,3,0
0.48065,0.499817,0.51056,3,0
0.479795,0.497619,0.513979,3,0
0.480527,0.500183,0.514223,3,0
0.479673,0.496276,0.514467,3,0
0.484312,0.496276,0.519228,3,0
0.481626,0.502014,0.517397,3,0
0.483824,0.496154,0.521304,3,0
0.484556,0.498718,0.523379,3,0
0.484312,0.495422,0.523013,3,0
0.48651,0.494811,0.527896,3,0
0.483946,0.495544,0.528263,3,0
0.484678,0.488097,0.529239,3,0
0.491881,0.491271,0.536076,3,0
0.492736,0.494323,0.534977,3,0
0.491027,0.484678,0.536198,3,0
0.49237,0.487242,0.537175,3,1
0.494933,0.490905,0.536931,3,0
0.496521,0.489928,0.540105,3,0
0.499451,0.489928,0.541204,3,0
0.500061,0.488097,0.544378,3,0
0.502869,0.486998,0.544744,3,0
0.502747,0.487608,0.545355,3,0
0.502747,0.488829,0.5445,3,0
0.502625,0.488707,0.541692,3,0
0.501892,0.488341,0.538884,3,0
0.501282,0.490172,0.538762,3,0
0.501038,0.490294,0.537175,3,0
0.500061,0.488829,0.535222,3,0
0.499206,0.489684,0.53632,3,0
0.497619,0.49066,0.536809,3,0
0.496154,0.491515,0.537541,3,0
0.495788,0.492614,0.537175,3,0
0.493102,0.491393,0.536076,3,0
0.49237,0.490783,0.535222,3,0
0.492248,0.492248,0.534123,3,0
0.490783,0.492614,0.532169,3,0
0.488341,0.491515,0.529606,3,0
0.488341,0.493102,0.528507,3,0
0.486876,0.494323,0.526187,3,0
0.485045,0.49298,0.524722,3,0
0.485533,0.492248,0.525333,3,0
0.483213,0.496398,0.521426,3,0
0.482725,0.494567,0.522525,3,0
0.484434,0.498474,0.52106,3,0
0.48065,0.497619,0.517519,3,0
0.480161,0.492248,0.517886,3,0
0.479673,0.497009,0.512514,3,0
0.47833,0.493957,0.511293,3,0
0.479307,0.495178,0.51056,3,0
0.477964,0.497619,0.508485,3,0
0.478696,0.496765,0.507874,3,0
0.477597,0.493957,0.507752,3,0
0.481016,0.497253,0.508973,3,0
0.479673,0.49591,0.50995,3,0
0.481382,0.492736,0.511049,3,0
0.479307,0.496398,0.514833,3,0
0.48065,0.496765,0.513124,3,0
0.485655,0.49298,0.518862,3,0
0.484068,0.494933,0.518862,3,0
0.484922,0.493102,0.523501,3,0
0.48651,0.494933,0.526309,3,0
0.48712,0.491271,0.528019,3,0
0.488219,0.488585,0.533879,3,0
0.489806,0.486021,0.534489,3,0
0.492736,0.484922,0.539128,3,1
0.494201,0.486876,0.539739,3,0
0.493835,0.484312,0.536076,3,0
0.494079,0.484678,0.537663,3,0
0.497375,0.486876,0.536687,3,0
0.498474,0.485777,0.539617,3,0
0.500427,0.48773,0.542058,3,0
0.500549,0.488585,0.542791,3,0
0.501526,0.488707,0.543157,3,0
0.501526,0.489195,0.542547,3,0
0.501282,0.489806,0.540715,3,0
0.500305,0.488097,0.539617,3,0
0.500305,0.489073,0.539006,3,0
0.499451,0.49066,0.538884,3,0
0.498352,0.488097,0.539983,3,0
0.497619,0.489684,0.539617,3,0
0.497375,0.489195,0.540715,3,0
0.497619,0.4848,0.540227,3,0
0.497864,0.488829,0.537419,3,0
0.495056,0.489806,0.535466,3,0
0.493957,0.48773,0.533024,3,0
0.49237,0.48944,0.52985,3,0
0.491515,0.492003,0.527042,3,0
0.490172,0.49237,0.525943,3,0
0.487975,0.491393,0.5246,3,0
0.487486,0.493713,0.523135,3,0
0.485899,0.495178,0.523379,3,0
0.484068,0.497253,0.520571,3,0
0.482725,0.496643,0.519106,3,0
0.482481,0.496398,0.519228,3,0
0.48126,0.498108,0.517275,3,0
0.481016,0.497131,0.51642,3,0
0.481016,0.497253,0.515688,3,0
0.481016,0.49884,0.513002,3,0
0.479673,0.49591,0.511171,3,0
0.478818,0.4953,0.508851,3,0
0.481138,0.496887,0.507874,3,0
0.479795,0.497131,0.508851,3,0
0.479062,0.492736,0.512758,3,0
0.483946,0.496032,0.515688,3,0
0.481748,0.496154,0.516665,3,0
0.485289,0.495544,0.520327,3,0
0.481138,0.495666,0.520327,3,0
0.484068,0.492126,0.524112,3,0
0.486387,0.4953,0.525577,3,0
0.487975,0.491759,0.529606,3,0
0.487853,0.493835,0.530216,3,0
0.488097,0.48944,0.531559,3,1
0.492003,0.487975,0.535222,3,0
0.491759,0.49066,0.534611,3,0
0.49237,0.483824,0.536565,3,0
0.496032,0.485045,0.536931,3,0
0.496398,0.488341,0.535588,3,0
0.495666,0.485655,0.536565,3,0
0.497864,0.485289,0.537663,3,0
0.497986,0.487364,0.538274,3,0
0.498962,0.486754,0.539128,3,0
0.500061,0.486143,0.539861,3,0
0.501526,0.486998,0.540593,3,0
0.500671,0.488707,0.540838,3,0
0.501404,0.48773,0.542425,3,0
0.501404,0.489318,0.541326,3,0
0.501038,0.489073,0.541936,3,0
0.500427,0.488707,0.541082,3,0
0.499939,0.488341,0.539495,3,0
0.499206,0.48773,0.538396,3,0
0.496887,0.486265,0.537785,3,0
0.496887,0.487975,0.536809,3,0
0.496032,0.488585,0.534367,3,0
0.494567,0.486265,0.53339,3,0
0.492492,0.486021,0.531193,3,0
0.491759,0.489195,0.530827,3,0
0.491149,0.493713,0.528141,3,0
0.487853,0.491393,0.525455,3,0
0.487486,0.489562,0.526309,3,0
0.485655,0.494445,0.523868,3,0
0.484556,0.494933,0.522158,3,0
0.48419,0.495178,0.520816,3,0
0.482237,0.49591,0.51874,3,0
0.481626,0.496154,0.519717,3,0
0.480772,0.497497,0.517763,3,0
0.481138,0.496398,0.515932,3,0
0.480405,0.497253,0.513857,3,0
0.478696,0.495788,0.511415,3,0
0.479307,0.496154,0.509828,3,0
0.479307,0.496643,0.509095,3,0
0.479795,0.49591,0.510438,3,0
0.481016,0.496276,0.511415,3,0
0.478818,0.493346,0.511537,3,0
0.48187,0.496154,0.514711,3,0
0.481138,0.496032,0.514589,3,0
0.481382,0.491759,0.51581,3,0
0.486387,0.496032,0.519839,3,0
0.4848,0.497009,0.520327,3,0
0.486998,0.493835,0.525699,3,0
0.488341,0.497864,0.526676,3,0
0.488219,0.490905,0.526798,3,1
0.489318,0.488463,0.532902,3,0
0.490172,0.491637,0.536076,3,0
0.492492,0.490783,0.537541,3,0
0.492736,0.48773,0.537297,3,0
0.494323,0.487975,0.539006,3,0
0.497497,0.487608,0.537663,3,0
0.496765,0.484434,0.53864,3,0
0.497986,0.485899,0.539983,3,0
0.498962,0.486876,0.541204,3,0
0.500061,0.486876,0.541692,3,0
0.500183,0.485777,0.540715,3,0
0.500549,0.485899,0.54096,3,0
0.500671,0.487853,0.540593,3,0
0.500427,0.488097,0.539983,3,0
0.500061,0.488585,0.539861,3,0
0.499939,0.487364,0.539617,3,0
0.499817,0.48712,0.539495,3,0
0.499939,0.488707,0.538274,3,0
0.497497,0.486143,0.536565,3,0
0.496154,0.484556,0.536076,3,0
0.49591,0.48712,0.534611,3,0
0.494567,0.488951,0.533024,3,0
0.493346,0.48773,0.531681,3,0
0.492614,0.487242,0.531315,3,0
0.491027,0.491149,0.528263,3,0
0.489195,0.492003,0.528141,3,0
0.48773,0.49237,0.525211,3,0
0.486021,0.491637,0.524966,3,0
0.48419,0.493713,0.523623,3,0
0.483702,0.495056,0.522403,3,0
0.481992,0.496521,0.522036,3,0
0.479917,0.497009,0.519961,3,0
0.480527,0.496887,0.518618,3,0
0.480039,0.497619,0.515688,3,0
0.480527,0.497253,0.513857,3,0
0.480039,0.497497,0.509706,3,0
0.478574,0.494689,0.50995,3,0
0.479429,0.496643,0.508607,3,0
0.479673,0.495056,0.508729,3,0
0.480039,0.495178,0.510438,3,0
0.48065,0.495056,0.511049,3,0
0.48419,0.497253,0.513002,3,0
0.482237,0.498962,0.51227,3,0
0.481748,0.494567,0.515566,3,0
0.483946,0.499329,0.518374,3,0
0.484312,0.493224,0.520449,3,0
0.485655,0.494079,0.524722,3,0
0.483702,0.48773,0.528995,3,1
0.491149,0.491515,0.534245,3,0
0.486021,0.490416,0.534733,3,0
0.491637,0.483702,0.535832,3,0
0.496521,0.488219,0.537053,3,0
0.496032,0.488585,0.534245,3,0
0.49591,0.484556,0.534611,3,0
0.496643,0.486632,0.538152,3,0
0.498474,0.486632,0.540471,3,0
0.499695,0.487608,0.540593,3,0
0.499573,0.488097,0.541082,3,0
0.499939,0.487975,0.54096,3,0
0.500183,0.488097,0.540593,3,0
0.499939,0.48712,0.539128,3,0
0.500427,0.486387,0.537785,3,0
0.500794,0.48651,0.535832,3,0
0.501404,0.486632,0.532902,4,0
0.500671,0.486754,0.529484,4,0
0.500427,0.487364,0.526309,4,0
0.499817,0.488951,0.521304,4,0
0.497131,0.487608,0.51874,4,0
0.499817,0.488829,0.516787,4,0
0.499084,0.488463,0.51581,4,0
0.494811,0.483702,0.515688,4,0
0.49591,0.485289,0.5152,4,0
0.492858,0.484312,0.516054,4,0
0.493713,0.478574,0.516176,4,0
0.49591,0.479673,0.517275,4,0
0.494811,0.480283,0.519717,4,0
0.499206,0.477475,0.519961,4,0
0.502136,0.474179,0.524966,4,0
0.503846,0.47833,0.524966,4,0
0.510438,0.476499,0.527286,4,0
0.517519,0.469784,0.530949,4,0
0.529361,0.482725,0.529239,4,0
0.526676,0.46075,0.5445,4,0
0.518496,0.467708,0.534855,4,0
0.515566,0.474301,0.523379,4,0
0.516298,0.475644,0.517641,4,0
0.517031,0.478818,0.514101,4,0
0.513979,0.477109,0.510438,4,0
0.513368,0.468319,0.51227,4,0
0.513368,0.467586,0.513857,4,0
0.514101,0.475888,0.514711,4,0
0.515322,0.480894,0.515566,4,0
0.516909,0.479429,0.517275,4,0
0.51813,0.477597,0.518496,4,0
0.518984,0.477109,0.518862,4,0
0.518496,0.478086,0.519839,4,0
0.51813,0.479673,0.520449,4,0
0.517153,0.480283,0.521304,4,0
0.516054,0.480039,0.522525,4,0
0.51581,0.479795,0.522891,4,0
0.515566,0.480283,0.522647,4,0
0.515566,0.48126,0.522158,4,0
0.515322,0.480283,0.522036,4,0
0.51581,0.479551,0.52167,4,0
0.516909,0.479795,0.520816,4,0
0.518008,0.477719,0.519839,4,0
0.51813,0.477719,0.517886,4,0
0.517397,0.479307,0.518496,4,0
0.515932,0.478818,0.519961,4,0
0.514467,0.476987,0.520693,4,0
0.514589,0.47833,0.520327,4,0
0.514711,0.479062,0.520205,4,0
0.514711,0.47833,0.519961,4,0
0.514589,0.47833,0.519595,4,0
0.514833,0.477353,0.519106,4,0
0.514955,0.476865,0.519106,4,0
0.515322,0.476621,0.518374,4,0
0.514955,0.476499,0.517763,4,0
0.514589,0.475766,0.517886,4,0
0.513979,0.475156,0.517641,4,0
0.513124,0.475278,0.517397,4,0
0.513246,0.474667,0.517275,4,0
0.513368,0.474423,0.516909,4,0
0.513368,0.474179,0.516298,4,0
0.514345,0.473324,0.516054,4,0
0.513246,0.474057,0.515932,4,0
0.513368,0.474667,0.517031,4,0
0.513979,0.473691,0.517886,4,0
0.512636,0.472958,0.517519,4,0
0.512025,0.471127,0.517641,4,0
0.514589,0.467953,0.519351,4,0
0.514833,0.461238,0.520693,4,0
0.511537,0.46197,0.52167,4,0
0.508363,0.462581,0.522036,4,0
0.505677,0.468197,0.52753,4,0
0.500183,0.47894,0.524234,4,0
0.498718,0.48187,0.527774,4,0
0.496521,0.48651,0.525699,4,0
0.492492,0.48358,0.523623,4,0
0.491149,0.484922,0.523257,4,0
0.49237,0.482359,0.520816,4,0
0.493591,0.484312,0.518618,4,0
0.495422,0.483702,0.518984,4,0
0.49823,0.478574,0.521914,4,0
0.499817,0.483213,0.522281,4,0
0.502503,0.483457,0.524966,4,0
0.505433,0.482725,0.527042,4,0
0.505921,0.485777,0.528141,4,0
0.505921,0.486387,0.52985,4,0
0.505067,0.488097,0.528995,4,0
0.507264,0.488707,0.530216,4,0
0.506898,0.489073,0.530216,4,0
0.506043,0.488463,0.530216,4,0
0.504578,0.490294,0.530338,4,0
0.504944,0.490905,0.530216,4,0
0.505555,0.491515,0.530949,4,0
0.506287,0.491515,0.531071,4,0
0.505799,0.48773,0.531437,4,0
0.505921,0.487975,0.531559,4,0
0.505433,0.488341,0.531437,4,0
0.505189,0.488219,0.531681,4,0
0.504456,0.486632,0.533146,4,0
0.505189,0.488585,0.531803,4,0
0.504456,0.488829,0.531437,4,0
0.504212,0.489562,0.530827,4,0
0.504212,0.490416,0.52985,4,0
0.505677,0.491027,0.530338,4,0
0.506409,0.490538,0.532292,4,0
0.506409,0.491393,0.533757,4,0
0.505555,0.490905,0.53339,4,0
0.504822,0.489684,0.531925,4,0
0.50409,0.489928,0.531803,4,0
0.50409,0.490905,0.531559,4,0
0.503968,0.490416,0.531681,4,0
0.50409,0.490172,0.531559,4,0
0.503724,0.489684,0.531559,4,0
0.504334,0.489073,0.531559,4,0
0.504822,0.49005,0.531803,4,0
0.504212,0.490294,0.532292,4,0
0.504212,0.490172,0.531681,4,0
0.504334,0.48944,0.531559,4,0
0.503846,0.489684,0.531437,4,0
0.503846,0.48944,0.531559,4,0
0.50409,0.490172,0.531559,4,0
0.504822,0.490416,0.531193,4,0
0.504334,0.490416,0.531559,4,0
0.504334,0.490538,0.531681,4,0
0.504822,0.491271,0.531803,4,0
0.503846,0.49005,0.531681,4,0
0.503479,0.48944,0.531681,4,0
0.504334,0.490294,0.531437,4,0
0.503846,0.490172,0.532536,4,0
0.503724,0.489562,0.532292,4,0
0.506532,0.492003,0.531803,4,0
0.504822,0.492736,0.532414,4,0
0.506043,0.491515,0.531437,4,0
0.505799,0.491515,0.531559,4,0
0.506287,0.493468,0.532169,4,0
0.508119,0.492858,0.533512,4,0
0.507386,0.489684,0.53046,4,0
0.508241,0.48651,0.528873,4,0
0.511537,0.486998,0.524356,4,0
0.511171,0.485777,0.52753,4,0
0.507386,0.485289,0.529484,4,0
0.506165,0.484678,0.529606,4,0
0.507264,0.482969,0.530582,4,0
0.505799,0.482603,0.530338,4,0
0.504212,0.483213,0.529728,4,0
0.5047,0.482237,0.529484,4,0
0.503724,0.481382,0.530338,4,0
0.502259,0.483946,0.527896,4,0
0.500305,0.479795,0.526065,4,0
0.494567,0.476499,0.526187,4,0
0.490783,0.48065,0.526554,4,0
0.487608,0.481992,0.525455,4,0
0.483091,0.484068,0.524356,4,0
0.482359,0.485533,0.525211,4,0
0.482481,0.4848,0.525088,4,0
0.481138,0.483457,0.525821,4,0
0.481016,0.483824,0.524966,4,0
0.48187,0.483824,0.524478,4,0
0.483457,0.486021,0.522891,4,0
0.482969,0.485899,0.523501,4,0
0.483457,0.48651,0.524234,4,0
0.48358,0.487242,0.525943,4,0
0.48187,0.490294,0.526554,4,0
0.480527,0.492492,0.527286,4,0
0.480527,0.494689,0.526065,4,0
0.477109,0.493957,0.527164,4,0
0.476254,0.49237,0.527896,4,0
0.480405,0.492126,0.5246,4,0
0.478818,0.491027,0.526554,4,0
0.480405,0.491271,0.527652,4,0
0.482603,0.4953,0.524234,4,0
0.485533,0.493591,0.525088,4,0
0.487608,0.489562,0.527774,4,0
0.4848,0.491393,0.527164,4,0
0.48419,0.495178,0.525088,4,0
0.485777,0.497131,0.524478,4,0
0.489562,0.495788,0.525455,4,0
0.487608,0.493957,0.526309,4,0
0.489195,0.49298,0.531071,4,0
0.490538,0.497864,0.527408,4,0
0.497375,0.494445,0.530338,4,0
0.505677,0.493468,0.533024,4,0
0.511049,0.491881,0.534489,4,0
0.51227,0.491881,0.532169,4,0
0.510805,0.487853,0.532658,4,0
0.50702,0.488219,0.532536,4,0
0.505555,0.493468,0.532292,4,0
0.505311,0.496643,0.531681,4,0
0.503846,0.495544,0.532658,4,0
0.505677,0.496032,0.533757,4,0
0.505799,0.494201,0.535222,4,0
0.505433,0.491149,0.53339,4,0
0.50702,0.49237,0.532169,4,0
0.505189,0.492003,0.533024,4,0
0.506409,0.491637,0.531803,4,0
0.50116,0.493713,0.532169,4,0
0.502381,0.492126,0.530827,4,0
0.496154,0.491759,0.530216,4,0
0.49005,0.49237,0.527652,4,0
0.490416,0.490416,0.524478,4,0
0.485411,0.491759,0.521914,4,0
0.482725,0.494811,0.519106,4,0
0.480039,0.492126,0.520693,4,0
0.477353,0.49237,0.523257,4,0
0.475766,0.4953,0.520083,4,0
0.472348,0.491515,0.522403,4,0
0.470761,0.489562,0.524722,4,0
0.470761,0.491393,0.529117,4,0
0.469784,0.488707,0.530949,4,0
0.468441,0.490294,0.530827,4,0
0.469296,0.491881,0.530582,4,0
0.470394,0.492736,0.528263,4,0
0.471493,0.493835,0.526065,4,0
0.472958,0.49237,0.528629,4,0
0.473691,0.493835,0.525211,4,0
0.476743,0.496887,0.52167,4,0
0.479307,0.494689,0.526187,4,0
0.48065,0.494811,0.523623,4,0
0.48419,0.500427,0.5246,4,0
0.484068,0.49066,0.528019,4,0
0.486632,0.493835,0.526554,4,0
0.491027,0.501404,0.526431,4,0
0.494567,0.493713,0.526309,4,0
0.494933,0.496398,0.525333,4,0
0.501282,0.494811,0.52753,4,0
0.504944,0.492736,0.528263,4,0
0.510805,0.493713,0.531681,4,0
0.510072,0.49884,0.527652,4,0
0.510316,0.494201,0.534001,4,0
0.507386,0.493102,0.532292,4,0
0.504822,0.491881,0.534245,4,0
0.504578,0.495422,0.534855,4,0
0.505555,0.495788,0.536198,4,0
0.505189,0.496643,0.536931,4,0
0.503846,0.496398,0.536442,4,0
0.506165,0.493468,0.533757,4,0
0.505799,0.493835,0.532169,4,0
0.503357,0.492248,0.533146,4,0
0.508241,0.494201,0.531315,4,0
0.500671,0.495422,0.530827,4,0
0.500183,0.490783,0.530949,4,0
0.502136,0.496765,0.529606,4,0
0.4953,0.494933,0.530338,4,0
0.491515,0.491393,0.527896,4,0
0.493346,0.494445,0.528019,4,0
0.488219,0.493713,0.528141,4,0
0.484312,0.494933,0.524478,4,0
0.486265,0.494567,0.528141,4,0
0.482603,0.494811,0.525333,4,0
0.479184,0.4953,0.520816,4,0
0.476377,0.494445,0.526431,4,0
0.472958,0.497131,0.525455,4,0
0.473324,0.497619,0.524478,4,0
0.474179,0.489928,0.526431,4,0
0.471493,0.490294,0.530094,4,0
0.470516,0.491881,0.528873,4,0
0.471249,0.491515,0.528507,4,0
0.473569,0.492126,0.528141,4,0
0.474301,0.491881,0.528507,4,0
0.476499,0.492614,0.526065,4,0
0.476865,0.492492,0.528995,4,0
0.476987,0.491637,0.528263,4,0
0.477353,0.492492,0.5246,4,0
0.477964,0.492614,0.524966,4,0
0.477719,0.494811,0.525577,4,0
0.481992,0.49298,0.523746,4,0
0.482237,0.494079,0.524966,4,0
0.486754,0.494079,0.528507,4,0
0.48712,0.492126,0.526187,4,0
0.48712,0.492492,0.528019,4,0
0.486876,0.498596,0.526554,4,0
0.488585,0.494079,0.528141,4,0
0.491759,0.49591,0.524966,4,0
0.492858,0.495056,0.528995,4,0
0.496521,0.49237,0.529606,4,0
0.499573,0.497741,0.530338,4,0
0.510927,0.497131,0.531925,4,0
0.50995,0.495422,0.533024,4,0
0.508363,0.493224,0.532902,4,0
0.504944,0.491149,0.531559,4,0
0.503235,0.494323,0.531803,4,0
0.502136,0.496398,0.531559,4,0
0.50177,0.497253,0.533634,4,0
0.500916,0.496154,0.533634,4,0
0.502625,0.49298,0.534733,4,0
0.507264,0.492003,0.533634,4,0
0.505555,0.49237,0.532169,4,0
0.508119,0.493957,0.530582,4,0
0.50409,0.495056,0.530582,4,0
0.502991,0.493957,0.52753,4,0
0.494811,0.491271,0.52985,4,0
0.493957,0.494201,0.527286,4,0
0.48773,0.494689,0.528507,4,0
0.485289,0.493346,0.527652,4,0
0.484434,0.4953,0.528995,4,0
0.478452,0.496643,0.524356,4,0
0.479184,0.497864,0.527042,4,0
0.477597,0.497619,0.529117,4,0
0.476377,0.498718,0.525821,4,0
0.47601,0.49298,0.524478,4,0
0.474301,0.492126,0.527042,4,0
0.474667,0.494567,0.527774,4,0
0.476132,0.49237,0.527164,4,0
0.474179,0.49237,0.527896,4,0
0.472714,0.49298,0.528507,4,0
0.473935,0.494323,0.52692,4,0
0.474789,0.494079,0.528019,4,0
0.475766,0.491149,0.528507,4,0
0.476499,0.491271,0.527896,4,0
0.476499,0.492126,0.528629,4,0
0.47601,0.493957,0.525943,4,0
0.476377,0.498108,0.522891,4,0
0.479673,0.498352,0.526065,4,0
0.479917,0.492003,0.525821,4,0
0.480527,0.493957,0.527286,4,0
0.483702,0.496521,0.527408,4,0
0.486265,0.493835,0.527652,4,0
0.48944,0.494567,0.526554,4,0
0.492614,0.497864,0.528263,4,0
0.493591,0.492858,0.527652,4,0
0.495178,0.496154,0.527652,4,0
0.500916,0.496276,0.531071,4,0
0.509462,0.495788,0.532902,4,0
0.514467,0.497497,0.531559,4,1
0.511293,0.49237,0.533146,4,0
0.508363,0.490294,0.531315,4,0
0.504822,0.489928,0.530216,4,0
0.505433,0.497131,0.533268,4,0
0.502991,0.499451,0.530827,4,0
0.502625,0.497986,0.533757,4,0
0.50409,0.497741,0.534123,4,0
0.503479,0.494079,0.533879,4,0
0.50763,0.493957,0.531803,4,0
0.504212,0.492492,0.531681,4,0
0.506532,0.491149,0.532902,4,0
0.503479,0.4953,0.52985,4,0
0.501404,0.491271,0.530949,4,0
0.503479,0.491149,0.529606,4,0
0.497253,0.495056,0.527164,4,0
0.492248,0.492126,0.531681,4,0
0.492858,0.497253,0.52753,4,0
0.484434,0.494933,0.527774,4,0
0.481748,0.500916,0.525333,4,0
0.4754,0.503113,0.524478,4,0
0.475034,0.495666,0.525333,4,0
0.474667,0.498962,0.528751,4,0
0.473446,0.496276,0.530582,4,0
0.475278,0.493224,0.528263,4,0
0.474545,0.491271,0.527286,4,0
0.475034,0.491393,0.530704,4,0
0.475278,0.494445,0.529728,4,0
0.475888,0.494201,0.52753,4,0
0.475034,0.494933,0.528751,4,0
0.474789,0.496398,0.530949,4,0
0.474789,0.496521,0.527286,4,0
0.473324,0.499573,0.523257,4,0
0.473569,0.498352,0.527652,4,0
0.476377,0.494079,0.527408,4,0
0.477353,0.498962,0.522036,4,0
0.480039,0.498718,0.526431,4,0
0.482969,0.494689,0.528751,4,0
0.48773,0.494933,0.526431,4,0
0.489806,0.494201,0.527408,4,0
0.492126,0.495666,0.530704,4,0
0.494079,0.492614,0.531315,4,0
0.495178,0.492126,0.529606,4,0
0.496154,0.492126,0.531437,4,0
0.497375,0.495788,0.530582,4,0
0.495422,0.497497,0.528507,4,0
0.497741,0.495666,0.532414,4,0
0.507264,0.496765,0.534977,4,0
0.508485,0.496521,0.532169,4,1
0.508851,0.494689,0.532047,4,0
0.506898,0.492126,0.528995,4,0
0.506043,0.495788,0.529484,4,0
0.50409,0.49884,0.531803,4,0
0.5047,0.49823,0.533268,4,0
0.502259,0.497375,0.53339,4,0
0.503113,0.494079,0.535222,4,0
0.506898,0.492492,0.533879,4,0
0.50177,0.491759,0.53278,4,0
0.50409,0.493957,0.531803,4,0
0.503113,0.495666,0.530216,4,0
0.49884,0.493468,0.531071,4,0
0.499451,0.4953,0.529972,4,0
0.495422,0.495178,0.528141,4,0
0.491881,0.494079,0.52753,4,0
0.491271,0.494323,0.526676,4,0
0.483457,0.495666,0.530216,4,0
0.485533,0.496154,0.52753,4,0
0.480161,0.497741,0.523135,4,0
0.477475,0.493713,0.527896,4,0
0.475888,0.496154,0.528507,4,0
0.476743,0.49884,0.527164,4,0
0.475766,0.496398,0.529972,4,0
0.474301,0.494445,0.529361,4,0
0.473691,0.494445,0.52985,4,0
0.472714,0.492858,0.530216,4,0
0.471981,0.494567,0.528141,4,0
0.473324,0.493224,0.528995,4,0
0.476499,0.491393,0.530827,4,0
0.476254,0.494445,0.525821,4,0
0.477353,0.491515,0.528141,4,0
0.477231,0.496276,0.527042,4,0
0.476865,0.496276,0.525211,4,0
0.478696,0.492736,0.524112,4,0
0.481138,0.498474,0.526554,4,0
0.484922,0.495178,0.529606,4,0
0.48712,0.491393,0.526309,4,0
0.489806,0.497253,0.528263,4,0
0.494323,0.492614,0.529484,4,0
0.494689,0.495056,0.530216,4,0
0.501892,0.492492,0.532658,4,0
0.500671,0.49066,0.53278,4,0
0.497619,0.497375,0.531437,4,0
0.497253,0.495666,0.532292,4,0
0.501526,0.494811,0.531925,4,0
0.503113,0.495666,0.530216,4,0
0.505799,0.496276,0.532902,4,0
0.507508,0.496398,0.532414,4,0
0.508729,0.494445,0.530949,4,1
0.506776,0.493346,0.531315,4,0
0.505189,0.494079,0.531071,4,0
0.504334,0.497009,0.532047,4,0
0.504334,0.497497,0.532902,4,0
0.503846,0.495056,0.534001,4,0
0.504334,0.493346,0.534611,4,0
0.504456,0.494445,0.533634,4,0
0.509095,0.494323,0.532169,4,0
0.502381,0.494079,0.532169,4,0
0.505555,0.493468,0.534611,4,0
0.50763,0.495544,0.529606,4,0
0.498596,0.495788,0.530094,4,0
0.501282,0.49298,0.531193,4,0
0.494689,0.495178,0.52753,4,0
0.488219,0.491881,0.528507,4,0
0.48712,0.493713,0.527652,4,0
0.483702,0.49884,0.527408,4,0
0.479062,0.496521,0.52692,4,0
0.477842,0.496154,0.5246,4,0
0.476621,0.497497,0.526554,4,0
0.474301,0.500305,0.524844,4,0
0.472958,0.496887,0.525088,4,0
0.473446,0.495788,0.52692,4,0
0.472958,0.49823,0.527286,4,0
0.472714,0.496521,0.528263,4,0
0.473324,0.495788,0.526676,4,0
0.474179,0.493468,0.528263,4,0
0.475766,0.491759,0.530094,4,0
0.476377,0.491637,0.528019,4,0
0.474179,0.494567,0.52692,4,0
0.475522,0.494933,0.529117,4,0
0.476865,0.494811,0.527164,4,0
0.477231,0.497253,0.522891,4,0
0.47833,0.500061,0.524966,4,0
0.480161,0.496643,0.526065,4,0
0.483213,0.497009,0.525577,4,0
0.488097,0.493224,0.527896,4,0
0.488585,0.491759,0.526798,4,0
0.489684,0.49591,0.527408,4,0
0.4953,0.495544,0.529606,4,0
0.494933,0.493102,0.530949,4,0
0.498474,0.497131,0.530338,4,0
0.50116,0.500427,0.52985,4,0
0.512392,0.493224,0.535222,4,0
0.513735,0.494201,0.530216,4,0
0.512147,0.494079,0.531925,4,0
0.509462,0.494079,0.530704,4,0
0.506898,0.493957,0.531925,4,1
0.505311,0.496154,0.532047,4,0
0.504334,0.498474,0.532902,4,0
0.505555,0.496154,0.533146,4,0
0.504578,0.494201,0.533512,4,0
0.505677,0.492248,0.534855,4,0
0.506287,0.492492,0.533146,4,0
0.5047,0.492003,0.534245,4,0
0.509462,0.492614,0.533024,4,0
0.507874,0.493224,0.529484,4,0
0.503724,0.492248,0.533634,4,0
0.508729,0.492736,0.532902,4,0
0.502991,0.49591,0.528263,4,0
0.499206,0.490172,0.531437,4,0
0.497131,0.492858,0.530094,4,0
0.491515,0.494933,0.528751,4,0
0.487975,0.496032,0.527408,4,0
0.486387,0.496887,0.527652,4,0
0.482115,0.497741,0.528385,4,0
0.479795,0.497741,0.525821,4,0
0.477842,0.495422,0.524966,4,0
0.4754,0.497131,0.528629,4,0
0.475522,0.49884,0.525821,4,0
0.475034,0.496398,0.525088,4,0
0.473324,0.495422,0.527042,4,0
0.472226,0.495056,0.529361,4,0
0.472958,0.496032,0.526554,4,0
0.473813,0.496276,0.528751,4,0
0.475034,0.494201,0.531071,4,0
0.474789,0.494933,0.528995,4,0
0.47601,0.496398,0.52985,4,0
0.476499,0.496276,0.528873,4,0
0.477719,0.494689,0.52692,4,0
0.478696,0.49823,0.524356,4,0
0.480161,0.500183,0.526309,4,0
0.483457,0.495422,0.528019,4,0
0.485777,0.496154,0.526431,4,0
0.488097,0.496887,0.527652,4,0
0.489806,0.493957,0.528751,4,0
0.490538,0.496032,0.528751,4,0
0.494201,0.4953,0.52985,4,0
0.496398,0.489195,0.531193,4,0
0.492736,0.493468,0.529728,4,0
0.500183,0.495666,0.53339,4,0
0.504944,0.495056,0.531193,4,0
0.508485,0.496643,0.530704,4,0
0.507997,0.4953,0.531803,4,0
0.507752,0.496521,0.530827,4,0
0.506776,0.496032,0.531437,4,1
0.506532,0.494323,0.532902,4,0
0.504822,0.496032,0.532658,4,0
0.503724,0.497375,0.532902,4,0
0.503846,0.498962,0.53339,4,0
0.504212,0.498718,0.534123,4,0
0.5047,0.496398,0.534367,4,0
0.504822,0.494811,0.534489,4,0
0.505799,0.493468,0.534123,4,0
0.509462,0.493713,0.533512,4,0
0.506898,0.492858,0.531681,4,0
0.507142,0.494933,0.532047,4,0
0.50409,0.4953,0.531559,4,0
0.499573,0.495422,0.529484,4,0
0.497131,0.494079,0.530582,4,0
0.4953,0.493468,0.529117,4,0
0.489562,0.493957,0.529117,4,0
0.485411,0.494323,0.526676,4,0
0.488219,0.4953,0.525943,4,0
0.48187,0.496398,0.525088,4,0
0.479795,0.496154,0.525821,4,0
0.478452,0.499939,0.526431,4,0
0.476621,0.499695,0.525455,4,0
0.476743,0.500305,0.525088,4,0
0.475156,0.498718,0.529972,4,0
0.472836,0.499206,0.528751,4,0
0.472348,0.495666,0.531437,4,0
0.47247,0.498108,0.531193,4,0
0.473324,0.498474,0.530582,4,0
0.475888,0.495788,0.531315,4,0
0.476621,0.497986,0.528141,4,0
0.475522,0.499817,0.525211,4,0
0.475888,0.496398,0.52753,4,0
0.476621,0.498596,0.523868,4,0
0.476987,0.498962,0.523257,4,0
0.480039,0.498596,0.524844,4,0
0.48358,0.496887,0.527408,4,0
0.485411,0.497131,0.527042,4,0
0.488219,0.492614,0.530338,4,0
0.489318,0.492126,0.530094,4,0
0.491027,0.49823,0.529972,4,0
0.495178,0.497619,0.529972,4,0
0.4953,0.491881,0.531071,4,0
0.496398,0.496398,0.530949,4,0
0.498718,0.495788,0.531803,4,0
0.503357,0.494323,0.53278,4,0
0.504578,0.496643,0.531681,4,0
0.505189,0.498962,0.532658,4,0
0.50763,0.500305,0.529239,4,0
0.507997,0.500305,0.530582,4,1
0.506165,0.499329,0.531925,4,0
0.5047,0.500061,0.532902,4,0
0.5047,0.499817,0.533757,4,0
0.505311,0.499695,0.533879,4,0
0.505311,0.497131,0.534245,4,0
0.505311,0.497253,0.5351,4,0
0.506776,0.496887,0.534123,4,0
0.50702,0.495422,0.535344,4,0
0.510805,0.495544,0.533512,4,0
0.507997,0.497497,0.531071,4,0
0.506532,0.493224,0.532902,4,0
0.507752,0.496643,0.529484,4,0
0.498352,0.497009,0.531071,4,0
0.497253,0.493224,0.533024,4,0
0.495666,0.497253,0.531193,4,0
0.486632,0.493957,0.529484,4,0
0.488219,0.492858,0.528995,4,0
0.485777,0.494323,0.528629,4,0
0.483702,0.493102,0.528385,4,0
0.480161,0.497375,0.525699,4,0
0.477109,0.500794,0.522647,4,0
0.475522,0.501038,0.523746,4,0
0.473324,0.501404,0.528629,4,0
0.473813,0.500794,0.528507,4,0
0.474057,0.495788,0.528873,4,0
0.474545,0.497497,0.531437,4,0
0.474545,0.49884,0.529728,4,0
0.476743,0.494933,0.530216,4,0
0.477964,0.496276,0.530338,4,0
0.478574,0.497375,0.528873,4,0
0.477597,0.496887,0.525455,4,0
0.478574,0.497131,0.529484,4,0
0.480405,0.495666,0.529484,4,0
0.48126,0.497741,0.527408,4,0
0.482725,0.495544,0.528385,4,0
0.4848,0.496887,0.527774,4,0
0.487242,0.497864,0.528629,4,0
0.488951,0.492614,0.529972,4,0
0.491393,0.497009,0.524722,4,0
0.494323,0.499939,0.528019,4,0
0.496398,0.49237,0.534001,4,0
0.4953,0.497741,0.530094,4,0
0.497986,0.498108,0.533512,4,0
0.497864,0.498718,0.533879,4,0
0.498596,0.502381,0.532047,4,0
0.501404,0.501282,0.534611,4,0
0.505067,0.499817,0.53278,4,0
0.507508,0.498718,0.53278,4,1
0.505677,0.494689,0.532536,4,0
0.508607,0.49298,0.53339,4,0
0.506409,0.492492,0.531437,4,0
0.504334,0.495056,0.532169,4,0
0.504334,0.498596,0.531071,4,0
0.503235,0.498108,0.533146,4,0
0.503601,0.496643,0.534001,4,0
0.505067,0.495178,0.533024,4,0
0.505311,0.494933,0.532292,4,0
0.504456,0.494323,0.532047,4,0
0.506165,0.495666,0.532169,4,0
0.505799,0.496276,0.531315,4,0
0.502381,0.491515,0.532169,4,0
0.502991,0.492736,0.530094,4,0
0.494689,0.496643,0.531315,4,0
0.493957,0.497009,0.530949,4,0
0.489195,0.496643,0.53046,4,0
0.488707,0.4953,0.530949,4,0
0.485289,0.496887,0.530094,4,0
0.486754,0.496765,0.529484,4,0
0.485045,0.49591,0.527896,4,0
0.482725,0.495666,0.53046,4,0
0.482237,0.498352,0.528629,4,0
0.481382,0.496276,0.527164,4,0
0.477719,0.494445,0.527896,4,0
0.476499,0.496521,0.527774,4,0
0.4754,0.498352,0.526554,4,0
0.47308,0.496765,0.529728,4,0
0.472226,0.499573,0.528751,4,0
0.473691,0.499695,0.530338,4,0
0.476865,0.494811,0.533024,4,0
0.477964,0.498718,0.530704,4,0
0.478696,0.496276,0.531559,4,0
0.479184,0.493835,0.533146,4,0
0.478818,0.497741,0.52985,4,0
0.480772,0.498718,0.529239,4,0
0.481504,0.494811,0.533757,4,0
0.482237,0.498474,0.527896,4,0
0.484922,0.500671,0.525943,4,0
0.489073,0.497131,0.530704,4,0
0.489806,0.497131,0.526676,4,0
0.492614,0.497009,0.528629,4,0
0.494811,0.495666,0.528263,4,0
0.492492,0.497986,0.528629,4,0
0.497253,0.497986,0.530949,4,0
0.49823,0.497986,0.529972,4,0
0.499206,0.497253,0.529606,4,0
0.497741,0.494933,0.532292,4,0
0.501892,0.497864,0.530216,4,1
0.500427,0.49591,0.528141,4,0
0.506043,0.493591,0.534367,4,0
0.505433,0.496521,0.531193,4,0
0.505921,0.497864,0.533268,4,0
0.504944,0.498718,0.533757,4,0
0.5047,0.499206,0.534123,4,0
0.504334,0.497497,0.534489,4,0
0.505067,0.497009,0.534245,4,0
0.504456,0.497253,0.534001,4,0
0.504944,0.496398,0.533879,4,0
0.5047,0.49591,0.533268,4,0
0.505311,0.496643,0.531315,4,0
0.503601,0.495666,0.53278,4,0
0.503968,0.495056,0.532047,4,0
0.500916,0.496276,0.532169,4,0
0.501892,0.496643,0.531803,1,0
0.497986,0.4953,0.532292,1,0
0.495178,0.492858,0.53339,1,0
0.492858,0.496521,0.526431,1,0
0.487364,0.495056,0.528141,1,0
0.489195,0.496521,0.527042,1,0
0.484922,0.497009,0.5246,1,0
0.482847,0.494445,0.52399,1,0
0.485045,0.496887,0.524356,1,0
0.482359,0.497864,0.523135,1,0
0.480039,0.495544,0.52167,1,0
0.480283,0.496276,0.519473,1,0
0.482847,0.497009,0.523746,1,0
0.484556,0.492736,0.523135,1,0
0.487608,0.488829,0.524234,1,0
0.489928,0.489562,0.526554,1,0
0.492492,0.482969,0.527042,1,0
0.497864,0.48358,0.527896,1,0
0.500671,0.49005,0.525699,1,0
0.507874,0.466488,0.532169,1,0
0.512025,0.473813,0.533879,1,0
0.515078,0.48358,0.527286,1,0
0.516298,0.477109,0.527408,1,0
0.51813,0.467953,0.530216,1,0
0.518008,0.468319,0.529361,1,0
0.51642,0.475156,0.530704,1,0
0.515444,0.482115,0.524234,1,0
0.513979,0.479917,0.520938,1,0
0.513124,0.476499,0.519228,1,0
0.512147,0.477475,0.51874,1,0
0.511293,0.475644,0.520205,1,0
0.51227,0.476621,0.522525,1,0
0.514101,0.480527,0.524844,1,0
0.515932,0.487975,0.527896,1,0
0.515688,0.486387,0.530094,1,0
0.516176,0.485045,0.526187,1,0
0.517397,0.48773,0.525088,1,0
0.518618,0.48712,0.525088,1,0
0.518984,0.484556,0.525577,1,0
0.518252,0.484312,0.525211,1,0
0.516298,0.485777,0.525821,1,0
0.515688,0.486754,0.527774,1,0
0.516176,0.48773,0.526798,1,0
0.517519,0.486387,0.525333,1,0
0.518374,0.48651,0.525333,1,0
0.517397,0.487486,0.525699,1,0
0.516298,0.486021,0.527408,1,0
0.51581,0.486632,0.527286,1,0
0.515932,0.488219,0.527286,1,0
0.516298,0.487364,0.527286,1,0
0.51642,0.487486,0.526798,1,0
0.516543,0.48712,0.526187,1,0
0.516787,0.485289,0.526431,1,0
0.517153,0.485167,0.526065,1,0
0.517397,0.486021,0.525699,1,0
0.517641,0.485899,0.525333,1,0
0.517886,0.486265,0.525577,1,0
0.517763,0.486143,0.525821,1,0
0.517397,0.486876,0.526187,1,0
0.517275,0.48712,0.526187,1,0
0.517031,0.486998,0.526187,1,0
0.517153,0.486387,0.526187,1,0
0.517275,0.48651,0.525943,1,0
0.517641,0.485899,0.525333,1,0
0.517153,0.485411,0.525455,1,0
0.516787,0.486021,0.525699,1,0
0.516787,0.485777,0.526187,1,0
0.516787,0.485655,0.526187,1,0
0.516787,0.485655,0.525211,1,0
0.517275,0.4848,0.525088,1,0
0.517031,0.485045,0.525333,1,0
0.51642,0.485289,0.525699,1,0
0.51642,0.485045,0.525577,1,0
0.516787,0.485899,0.525943,1,0
0.516909,0.486632,0.525943,1,0
0.516543,0.485777,0.525699,1,0
0.51642,0.485533,0.525699,1,0
0.517031,0.485411,0.525699,1,0
0.516176,0.484434,0.526431,1,0
0.514589,0.4848,0.526676,1,0
0.513979,0.485777,0.525943,1,0
0.515444,0.485533,0.526187,1,0
0.517153,0.485167,0.525088,1,0
0.518374,0.487608,0.522158,1,0
0.519473,0.485655,0.52106,1,0
0.517031,0.484068,0.526554,1,0
0.515444,0.485289,0.531071,1,0
0.514955,0.486998,0.531071,1,0
0.515566,0.489073,0.529484,1,0
0.51642,0.488463,0.526065,1,0
0.518252,0.486143,0.523379,1,0
0.519473,0.482237,0.519961,1,0
0.520327,0.480039,0.518618,1,0
0.520938,0.482481,0.518374,1,0
0.520327,0.482481,0.518496,1,0
0.516909,0.477964,0.526187,1,0
0.514589,0.481992,0.531071,1,0
0.513368,0.487486,0.529606,1,0
0.51349,0.488341,0.526554,1,0
0.514833,0.486387,0.524966,1,0
0.516298,0.484434,0.52399,1,0
0.517153,0.483946,0.522525,1,0
0.517519,0.482359,0.522403,1,0
0.516543,0.481138,0.524722,1,0
0.514833,0.484068,0.527652,1,0
0.513857,0.486387,0.528751,1,0
0.514467,0.4848,0.525943,1,0
0.515444,0.484434,0.524356,1,0
0.51581,0.483457,0.523379,1,0
0.515688,0.481626,0.523623,1,0
0.514345,0.480894,0.525821,1,0
0.513002,0.482115,0.526431,1,0
0.513613,0.483213,0.525699,1,0
0.514101,0.482847,0.525088,1,0
0.513857,0.482847,0.523868,1,0
0.51349,0.479917,0.523379,1,0
0.513613,0.478818,0.523257,1,0
0.513613,0.480772,0.523623,1,0
0.513735,0.481382,0.524234,1,0
0.513613,0.481138,0.525333,1,0
0.513002,0.482969,0.526065,1,0
0.513246,0.48358,0.526065,1,0
0.513246,0.482115,0.524112,1,0
0.51349,0.480405,0.523746,1,0
0.513246,0.479917,0.524478,1,0
0.513002,0.481016,0.525333,1,0
0.513246,0.48187,0.524722,1,0
0.513124,0.48126,0.523746,1,0
0.512758,0.479917,0.523257,1,0
0.512514,0.479917,0.524478,1,0
0.511903,0.481992,0.525821,1,0
0.511537,0.481504,0.524844,1,0
0.512392,0.480039,0.5246,1,0
0.514589,0.48065,0.523623,1,0
0.517519,0.480405,0.520449,1,0
0.517153,0.47894,0.521304,1,0
0.5152,0.47894,0.522036,1,0
0.51349,0.479551,0.522403,1,0
0.513857,0.480527,0.523013,1,0
0.515078,0.480527,0.523379,1,0
0.515566,0.480039,0.522403,1,0
0.51581,0.479673,0.522525,1,0
0.5152,0.480527,0.521792,1,0
0.514345,0.479307,0.522403,1,0
0.514345,0.479551,0.522647,1,0
0.514589,0.480039,0.523013,1,0
0.514955,0.480405,0.523135,1,0
0.515566,0.480161,0.522769,1,0
0.515688,0.480405,0.521914,1,0
0.515444,0.479551,0.522281,1,0
0.514467,0.479184,0.522036,1,0
0.513857,0.478696,0.521548,1,0
0.51349,0.478452,0.521548,1,0
0.513613,0.478818,0.521792,1,0
0.514101,0.478818,0.522403,1,0
0.513857,0.479184,0.522281,1,0
0.513979,0.479673,0.522158,1,0
0.513979,0.479429,0.522036,1,0
0.514223,0.478452,0.521914,1,0
0.514223,0.478696,0.522036,1,0
0.514345,0.479062,0.522036,1,0
0.513979,0.47894,0.522036,1,0
0.513124,0.478452,0.522403,1,0
0.512147,0.479062,0.522891,1,0
0.511781,0.478574,0.523013,1,0
0.511903,0.478696,0.523013,1,0
0.512392,0.478818,0.522403,1,0
0.512758,0.47833,0.522403,1,0
0.512758,0.478208,0.522525,1,0
0.512758,0.478452,0.522281,1,0
0.512636,0.478574,0.522525,1,0
0.51227,0.47894,0.522036,1,0
0.512636,0.478086,0.522158,1,0
0.512758,0.477964,0.522281,1,0
0.512758,0.47894,0.522403,1,0
0.513124,0.478818,0.522036,1,0
0.513246,0.478086,0.522525,1,0
0.51288,0.478696,0.522281,1,0
0.512758,0.478696,0.522158,1,0
0.512636,0.478086,0.522525,1,0
0.512636,0.478818,0.522036,1,0
0.513002,0.478818,0.522036,1,0
0.513124,0.478208,0.522158,1,0
0.513124,0.478574,0.522403,1,0
0.513246,0.478574,0.522281,1,0
0.513124,0.478574,0.522158,1,0
0.51288,0.47833,0.522281,1,0
0.51288,0.47833,0.522281,1,0
0.513002,0.478452,0.522403,1,0
0.513002,0.478452,0.522158,1,0
0.51288,0.478452,0.522281,1,0
0.513002,0.47833,0.522281,1,0
0.513002,0.478452,0.522158,1,0
0.513124,0.478452,0.521914,1,0
0.51288,0.478452,0.522036,1,0
0.513246,0.478818,0.522036,1,0
0.513368,0.478452,0.522036,1,0
0.513124,0.47833,0.522036,1,0
0.513002,0.478208,0.522403,1,0
0.513246,0.478818,0.522158,1,0
0.51349,0.478208,0.521792,1,0
0.513246,0.478086,0.522036,1,0
0.513246,0.478452,0.522036,1,0
0.513124,0.478574,0.521792,1,0
0.513368,0.478086,0.521548,1,0
0.513368,0.47833,0.521914,1,0
0.513124,0.478452,0.522281,1,0
0.513613,0.478452,0.52167,1,0
0.513735,0.478452,0.522036,1,0
0.513002,0.478208,0.522158,1,0
0.51288,0.47833,0.522403,1,0
0.513368,0.479062,0.522158,1,0
0.51349,0.478452,0.521914,1,0
0.513368,0.478086,0.521914,1,0
0.513368,0.478452,0.522036,1,0
0.51349,0.478086,0.521792,1,0
0.513613,0.47833,0.521792,1,0
0.513613,0.47833,0.521792,1,0
0.51349,0.478452,0.521792,1,0
0.513735,0.478574,0.522036,1,0
0.513368,0.478574,0.521792,1,0
0.513368,0.478452,0.521914,1,0
0.513246,0.478208,0.521792,1,0
0.513246,0.478574,0.52167,1,0
0.51349,0.478452,0.521792,1,0
0.513613,0.47833,0.521914,1,0
0.51349,0.478208,0.521792,1,0
0.513735,0.478452,0.521914,1,0
0.513857,0.478452,0.522036,1,0
0.513368,0.478574,0.521914,1,0
0.51349,0.478452,0.52167,1,0
0.51349,0.478452,0.521914,1,0
0.51349,0.47833,0.521914,1,0
0.51349,0.47833,0.52167,1,0
0.513368,0.478452,0.521792,1,0
0.513613,0.478086,0.521548,1,0
0.513613,0.478452,0.52167,1,0
0.513613,0.478208,0.52167,1,0