0.498596,0.496887,0.543523,1,0
0.498352,0.500794,0.542425,1,0
0.499206,0.50177,0.54157,1,0
0.498718,0.502625,0.541082,1,0
0.498718,0.504334,0.539128,1,0
0.498596,0.506165,0.536198,1,0
0.496521,0.508241,0.53339,1,0
0.49591,0.510072,0.531559,1,0
0.495178,0.512636,0.529728,1,0
0.49298,0.513002,0.528141,1,0
0.49298,0.51056,0.52692,1,0
0.491637,0.510438,0.524844,1,0
0.491759,0.511415,0.523746,1,0
0.49005,0.513124,0.521792,1,0
0.488951,0.511537,0.52106,1,0
0.487486,0.512636,0.52106,1,1
0.485655,0.513735,0.519228,1,0
0.4848,0.511537,0.519351,1,0
0.484068,0.509462,0.519106,1,0
0.483824,0.507142,0.520205,1,0
0.482725,0.507752,0.520571,1,0
0.481626,0.508851,0.520327,1,0
0.481138,0.506898,0.520449,1,0
0.481504,0.506287,0.519717,1,0
0.480039,0.505799,0.518496,1,0
0.480772,0.502381,0.517397,1,0
0.480405,0.500549,0.516665,1,0
0.480405,0.498718,0.517397,1,0
0.483091,0.49823,0.518252,1,0
0.483946,0.497131,0.519717,1,0
0.483824,0.496887,0.521792,1,0
0.485045,0.496032,0.523135,1,0
0.48651,0.494323,0.5246,1,0
0.487608,0.493224,0.527286,1,0
0.487975,0.492126,0.527774,1,0
0.490538,0.492003,0.53046,1,0
0.491637,0.492003,0.532536,1,0
0.490538,0.48773,0.532536,1,0
0.49237,0.491393,0.537785,1,0
0.494079,0.491637,0.537907,1,0
0.494201,0.492126,0.541814,1,0
0.494445,0.493468,0.543157,1,0
0.496154,0.493957,0.543401,1,0
0.496887,0.495178,0.545599,1,0
0.496643,0.492492,0.544012,1,0
0.498474,0.496154,0.546087,1,0
0.499329,0.496887,0.543523,1,0
0.497864,0.498718,0.546087,1,0
0.497986,0.502991,0.545233,1,0
0.496643,0.50177,0.544256,1,0
0.496887,0.501526,0.542547,1,0
0.496765,0.502014,0.540105,1,0
0.495422,0.502259,0.53864,1,0
0.495422,0.503601,0.536442,1,0
0.493346,0.507752,0.533268,1,0
0.493102,0.50763,0.531803,1,0
0.492614,0.506043,0.531071,1,0
0.492858,0.509828,0.529239,1,0
0.491271,0.512758,0.528019,1,0
0.491637,0.511171,0.52753,1,0
0.49066,0.512758,0.525821,1,0
0.489684,0.514345,0.524356,1,0
0.489318,0.514467,0.523135,1,0
0.490172,0.51227,0.521914,1,1
0.488341,0.514101,0.520571,1,0
0.486021,0.513246,0.519961,1,0
0.484434,0.511903,0.520449,1,0
0.484312,0.508973,0.520205,1,0
0.483213,0.507874,0.519351,1,0
0.481504,0.506409,0.518984,1,0
0.480405,0.504944,0.518496,1,0
0.480283,0.504578,0.518008,1,0
0.479673,0.503968,0.517519,1,0
0.480405,0.503357,0.517397,1,0
0.479917,0.500916,0.516909,1,0
0.481504,0.500183,0.517397,1,0
0.48065,0.499573,0.516054,1,0
0.480283,0.497131,0.516787,1,0
0.48419,0.496276,0.517153,1,0
0.480527,0.493102,0.517886,1,0
0.481626,0.492858,0.520327,1,0
0.485411,0.492248,0.520938,1,0
0.483335,0.490905,0.52399,1,0
0.484556,0.490294,0.525577,1,0
0.488341,0.49066,0.528263,1,0
0.486754,0.48773,0.529728,1,0
0.489195,0.487364,0.533634,1,0
0.493346,0.491027,0.53278,1,0
0.489928,0.48651,0.537541,1,0
0.491515,0.485777,0.538884,1,0
0.49298,0.483824,0.539861,1,0
0.494811,0.486387,0.544012,1,0
0.494689,0.489318,0.543768,1,0
0.496521,0.49066,0.546453,1,0
0.49884,0.494323,0.546087,1,0
0.498108,0.497619,0.54682,1,0
0.500183,0.499817,0.546453,1,0
0.500183,0.503601,0.545843,1,0
0.500305,0.50409,0.5445,1,0
0.500183,0.502991,0.542303,1,0
0.499695,0.505921,0.539861,1,0
0.498718,0.506654,0.538518,1,0
0.497864,0.504944,0.536198,1,0
0.498108,0.507386,0.53571,1,0
0.496887,0.50995,0.532536,1,0
0.495178,0.508851,0.53046,1,0
0.49298,0.508973,0.528995,1,0
0.491881,0.511415,0.525943,1,0
0.489684,0.509462,0.524478,1,0
0.489073,0.509217,0.523379,1,0
0.488097,0.509828,0.520816,1,0
0.485655,0.510682,0.519717,1,1
0.485411,0.509828,0.520938,1,0
0.484678,0.511293,0.519595,1,0
0.483946,0.508729,0.519351,1,0
0.482725,0.506898,0.519839,1,0
0.481138,0.507142,0.518618,1,0
0.481016,0.505311,0.518496,1,0
0.48126,0.505555,0.518618,1,0
0.479307,0.505677,0.517153,1,0
0.479551,0.504944,0.516787,1,0
0.479795,0.504944,0.51642,1,0
0.479184,0.503357,0.515322,1,0
0.479307,0.502503,0.516054,1,0
0.481138,0.500794,0.518618,1,0
0.483213,0.499695,0.520938,1,0
0.483091,0.497741,0.522525,1,0
0.486021,0.495788,0.523746,1,0
0.486143,0.496643,0.524478,1,0
0.486021,0.494079,0.526065,1,0
0.487242,0.49591,0.527042,1,0
0.487486,0.494933,0.527286,1,0
0.490294,0.495666,0.531681,1,0
0.49066,0.494933,0.532902,1,0
0.491515,0.494323,0.536442,1,0
0.494079,0.493591,0.536198,1,0
0.494567,0.494323,0.537419,1,0
0.494445,0.494689,0.538884,1,0
0.496765,0.499329,0.541448,1,0
0.496398,0.499451,0.540227,1,0
0.496521,0.492126,0.543279,1,0
0.498718,0.495056,0.544134,1,0
0.500427,0.494201,0.54389,1,0
0.500183,0.496276,0.544988,1,0
0.501282,0.497741,0.544256,1,0
0.501404,0.499817,0.543645,1,0
0.501038,0.501526,0.542791,1,0
0.499817,0.502625,0.54096,1,0
0.498352,0.502869,0.540105,1,0
0.498596,0.504578,0.540593,1,0
0.498596,0.505067,0.539006,1,0
0.498352,0.504334,0.538518,1,0
0.498352,0.505555,0.536076,1,0
0.497131,0.506409,0.53339,1,0
0.495422,0.507874,0.531681,1,0
0.494445,0.509095,0.529606,1,0
0.492614,0.509584,0.527652,1,0
0.49237,0.509217,0.52692,1,0
0.491637,0.510194,0.524844,1,1
0.489806,0.511537,0.522525,1,0
0.488341,0.511171,0.521914,1,0
0.486754,0.509584,0.521792,1,0
0.484922,0.510438,0.520816,1,0
0.485045,0.509095,0.521304,1,0
0.48358,0.506654,0.520083,1,0
0.481626,0.506287,0.519961,1,0
0.481382,0.506898,0.518984,1,0
0.48065,0.504456,0.51874,1,0
0.480161,0.503357,0.519473,1,0
0.479795,0.5047,0.518618,1,0
0.480283,0.503968,0.51813,1,0
0.482237,0.501404,0.518252,1,0
0.481992,0.499573,0.515444,1,0
0.480894,0.500305,0.517031,1,0
0.483702,0.499084,0.518374,1,0
0.486998,0.496887,0.518984,1,0
0.482969,0.497619,0.520693,1,0
0.486265,0.496276,0.523868,1,0
0.484922,0.496643,0.525088,1,0
0.485289,0.490538,0.524966,1,0
0.485899,0.491271,0.529239,1,0
0.489684,0.487486,0.529117,1,0
0.490538,0.487486,0.531315,1,0
0.489318,0.488585,0.531681,1,0
0.491637,0.490538,0.535832,1,0
0.493346,0.49005,0.540715,1,0
0.496276,0.492248,0.541936,1,0
0.498352,0.493346,0.544012,1,0
0.500183,0.496643,0.545843,1,0
0.500061,0.496398,0.543401,1,0
0.50177,0.495056,0.54511,1,0
0.502991,0.496887,0.544134,1,0
0.502747,0.498352,0.543768,1,0
0.503479,0.499695,0.542791,1,0
0.502625,0.499206,0.541936,1,0
0.501282,0.500305,0.541448,1,0
0.501404,0.501648,0.540349,1,0
0.499817,0.502625,0.539006,1,0
0.499695,0.502136,0.537663,1,0
0.49823,0.502625,0.536809,1,0
0.497619,0.503968,0.535222,1,0
0.497009,0.505555,0.534977,1,0
0.496032,0.505677,0.534245,1,0
0.495544,0.505921,0.533879,1,0
0.495422,0.509706,0.532169,1,0
0.493591,0.50995,0.53046,1,1
0.492736,0.510927,0.529606,1,0
0.491393,0.509706,0.527164,1,0
0.49066,0.50995,0.525211,1,0
0.488829,0.511415,0.523868,1,0
0.488463,0.511171,0.523135,1,0
0.486998,0.510194,0.522036,1,0
0.485411,0.508607,0.521182,1,0
0.485655,0.508607,0.519839,1,0
0.483946,0.50763,0.518618,1,0
0.482847,0.505067,0.518374,1,0
0.482481,0.505921,0.517397,1,0
0.481504,0.5047,0.517641,1,0
0.48187,0.504212,0.518618,1,0
0.481016,0.5047,0.516665,1,0
0.481504,0.502381,0.516787,1,0
0.480772,0.499817,0.518008,1,0
0.481016,0.499206,0.518008,1,0
0.483946,0.497619,0.518984,1,0
0.482481,0.4953,0.520449,1,0
0.484434,0.495422,0.522647,1,0
0.4848,0.495422,0.523746,1,0
0.484434,0.492614,0.524966,1,0
0.486876,0.494201,0.527652,1,0
0.485899,0.492248,0.528019,1,0
0.486632,0.488707,0.530338,1,0
0.49066,0.490905,0.532414,1,0
0.488463,0.489806,0.5351,1,0
0.491759,0.489928,0.537297,1,0
0.493713,0.49066,0.537907,1,0
0.493102,0.489684,0.537785,1,0
0.496887,0.493102,0.54157,1,0
0.497375,0.491759,0.54096,1,0
0.499206,0.494445,0.543401,1,0
0.499329,0.496154,0.541814,1,0
0.499939,0.497009,0.544866,1,0
0.501038,0.498108,0.5445,1,0
0.500305,0.500183,0.544744,1,0
0.500671,0.500305,0.544134,1,0
0.499939,0.500794,0.542913,1,0
0.499329,0.50409,0.541448,1,0
0.499329,0.505189,0.539373,1,0
0.498108,0.503235,0.53803,1,0
0.496521,0.506409,0.534489,1,0
0.495788,0.508119,0.532902,1,0
0.494201,0.50702,0.531559,1,0
0.493468,0.509217,0.53046,1,0
0.492248,0.511659,0.528629,1,0
0.491393,0.511049,0.52692,1,1
0.491149,0.511049,0.526431,1,0
0.490172,0.511903,0.523868,1,0
0.488951,0.510805,0.523135,1,0
0.487608,0.509706,0.522525,1,0
0.485655,0.508851,0.521304,1,0
0.485167,0.508729,0.521304,1,0
0.48419,0.507997,0.52106,1,0
0.483457,0.506409,0.520571,1,0
0.482603,0.505433,0.520693,1,0
0.482603,0.505067,0.519961,1,0
0.48126,0.5047,0.519839,1,0
0.481748,0.5047,0.519228,1,0
0.481992,0.503968,0.518374,1,0
0.481016,0.503235,0.518374,1,0
0.482725,0.501892,0.51813,1,0
0.484678,0.500305,0.517397,1,0
0.482481,0.497009,0.517397,1,0
0.485045,0.496643,0.519106,1,0
0.48419,0.496398,0.520693,1,0
0.487242,0.493957,0.523501,1,0
0.486998,0.494689,0.524844,1,0
0.485533,0.489318,0.526676,1,0
0.489318,0.492003,0.529606,1,0
0.48944,0.490905,0.531559,1,0
0.487975,0.48358,0.534611,1,0
0.491393,0.48773,0.539006,1,0
0.49237,0.486998,0.538396,1,0
0.493957,0.485411,0.539373,1,0
0.494323,0.487242,0.539495,1,0
0.495788,0.489684,0.54218,1,0
0.497864,0.491027,0.543401,1,0
0.500061,0.493224,0.543523,1,0
0.500183,0.49591,0.5445,1,0
0.501404,0.497741,0.543279,1,0
0.501038,0.500549,0.542547,1,0
0.500183,0.502014,0.541814,1,0
0.500427,0.503113,0.541082,1,0
0.499573,0.503113,0.539861,1,0
0.498596,0.5047,0.539006,1,0
0.498474,0.506287,0.537907,1,0
0.497131,0.505067,0.537053,1,0
0.496154,0.506898,0.534977,1,0
0.495666,0.507264,0.533268,1,0
0.494933,0.508363,0.531925,1,0
0.493468,0.509217,0.530704,1,0
0.493224,0.51056,0.528751,1,0
0.492248,0.510805,0.527652,1,1
0.491271,0.51056,0.525821,1,0
0.489928,0.510316,0.524112,1,0
0.488829,0.511171,0.523501,1,0
0.487975,0.510438,0.521914,1,0
0.486387,0.509095,0.52106,1,0
0.485411,0.508363,0.520816,1,0
0.484678,0.508363,0.519839,1,0
0.483091,0.506165,0.519717,1,0
0.482969,0.505189,0.520205,1,0
0.482725,0.505189,0.519961,1,0
0.482603,0.503601,0.520205,1,0
0.481504,0.503479,0.520327,1,0
0.483457,0.503113,0.519961,1,0
0.482359,0.500061,0.518252,1,0
0.483457,0.497497,0.518618,1,0
0.484556,0.498474,0.51874,1,0
0.483213,0.496398,0.520083,1,0
0.486387,0.495666,0.52167,1,0
0.487608,0.495056,0.52167,1,0
0.488707,0.48944,0.525455,1,0
0.485655,0.489562,0.527042,1,0
0.487608,0.490294,0.528751,1,0
0.485777,0.492126,0.530949,1,0
0.486998,0.487975,0.532902,1,0
0.491515,0.489684,0.535344,1,0
0.491393,0.489806,0.53571,1,0
0.492003,0.488585,0.539739,1,0
0.495788,0.48773,0.538762,1,0
0.496521,0.488585,0.542913,1,0
0.499573,0.490294,0.541692,1,0
0.499206,0.492736,0.542913,1,0
0.500671,0.494567,0.546453,1,0
0.497864,0.492614,0.543645,1,0
0.497864,0.495056,0.544866,1,0
0.496765,0.496398,0.543523,1,0
0.496398,0.497864,0.545477,1,0
0.498596,0.500183,0.545599,1,0
0.499573,0.499817,0.543279,1,0
0.499695,0.504822,0.540471,1,0
0.497741,0.507752,0.536931,1,0
0.497497,0.508973,0.533757,1,0
0.494933,0.509584,0.530827,1,0
0.495056,0.510927,0.528995,1,0
0.492126,0.511293,0.526187,1,0
0.49237,0.51227,0.525088,1,0
0.489928,0.510682,0.523746,1,0
0.490538,0.511903,0.523135,1,0
0.489318,0.512514,0.522281,1,1
0.486387,0.510072,0.521426,1,0
0.486265,0.510438,0.52167,1,0
0.485411,0.510438,0.522036,1,0
0.48419,0.507997,0.522036,1,0
0.485411,0.50763,0.522281,1,0
0.483457,0.50763,0.521182,1,0
0.481382,0.506287,0.520205,1,0
0.481016,0.504944,0.520205,1,0
0.480039,0.502625,0.519106,1,0
0.48065,0.501282,0.519228,1,0
0.480405,0.499695,0.518618,1,0
0.479917,0.498718,0.51813,1,0
0.480527,0.499451,0.519473,1,0
0.481626,0.497864,0.51874,1,0
0.481992,0.495788,0.51813,1,0
0.480894,0.4953,0.518862,2,0
0.484434,0.495544,0.520205,2,0
0.485167,0.495666,0.521182,2,0
0.485533,0.494079,0.521548,2,0
0.489928,0.491515,0.522647,2,0
0.489806,0.490172,0.523135,2,0
0.488829,0.486265,0.524966,2,0
0.495422,0.482237,0.526676,2,0
0.491271,0.483457,0.527652,2,0
0.492003,0.479307,0.527652,2,0
0.491881,0.480772,0.53278,2,0
0.489562,0.481504,0.533512,2,0
0.49591,0.479307,0.53571,2,0
0.49823,0.479673,0.542058,2,0
0.503113,0.480772,0.540105,2,0
0.505555,0.486143,0.542791,2,0
0.508973,0.495788,0.541692,2,0
0.512514,0.497131,0.534733,2,0
0.514345,0.496154,0.536931,2,0
0.516298,0.496643,0.535466,2,0
0.517641,0.500183,0.530704,2,0
0.518862,0.497986,0.535588,2,0
0.519473,0.497864,0.535832,2,0
0.519961,0.497741,0.530827,2,0
0.520205,0.490172,0.531437,2,0
0.521182,0.485411,0.531315,2,0
0.523379,0.483091,0.527164,2,0
0.525333,0.482603,0.523868,2,0
0.526554,0.483091,0.521182,2,0
0.530216,0.484312,0.51874,2,0
0.539006,0.487608,0.510805,2,0
0.544744,0.48651,0.505311,2,0
0.550116,0.484678,0.499329,2,0
0.55036,0.481748,0.494689,2,0
0.544866,0.477231,0.493468,2,0
0.534977,0.473324,0.496154,2,0
0.52692,0.471615,0.50116,2,0
0.527896,0.471493,0.503724,2,0
0.526309,0.473569,0.507874,2,0
0.525333,0.473813,0.509584,2,0
0.528019,0.467831,0.515932,2,0
0.52753,0.468441,0.514589,2,0
0.53046,0.470639,0.519595,2,0
0.537419,0.473569,0.518984,2,0
0.541936,0.48126,0.515932,2,0
0.54157,0.494323,0.51581,2,0
0.542791,0.499573,0.519961,2,0
0.537419,0.512514,0.515688,2,0
0.539861,0.516665,0.514101,2,0
0.536442,0.51288,0.512147,2,0
0.534611,0.507264,0.508363,2,0
0.52985,0.503479,0.503601,2,0
0.523379,0.501038,0.500916,2,0
0.52167,0.496398,0.501648,2,0
0.522036,0.495544,0.500305,2,0
0.522158,0.492858,0.492126,2,0
0.521304,0.48419,0.49066,2,0
0.521426,0.477109,0.491393,2,0
0.534489,0.462581,0.502136,2,0
0.544744,0.455378,0.502014,2,0
0.539983,0.470883,0.496154,2,0
0.537907,0.46954,0.513124,2,0
0.536931,0.462093,0.518862,2,0
0.541448,0.462337,0.517641,2,0
0.546698,0.474301,0.514711,2,0
0.547186,0.489684,0.511537,2,0
0.541204,0.496398,0.511415,2,0
0.532536,0.498474,0.510682,2,0
0.526065,0.497009,0.50934,2,0
0.520327,0.492736,0.511293,2,0
0.516543,0.4953,0.51056,2,0
0.513857,0.495178,0.511171,2,0
0.514711,0.489684,0.513613,2,0
0.51874,0.48358,0.51581,2,0
0.524234,0.472958,0.520693,2,0
0.527286,0.469051,0.524722,2,0
0.521182,0.469173,0.525699,2,0
0.518008,0.473446,0.518862,2,0
0.515688,0.475034,0.515322,2,0
0.514833,0.475644,0.51288,2,0
0.515078,0.474301,0.511781,2,0
0.515932,0.472592,0.512758,2,0
0.516787,0.472836,0.513979,2,0
0.516298,0.474911,0.513368,2,0
0.515566,0.473569,0.514223,2,0
0.515444,0.471371,0.515444,2,0
0.514467,0.470272,0.516298,2,0
0.511293,0.471371,0.518618,2,0
0.51056,0.473935,0.51813,2,0
0.50995,0.472714,0.518374,2,0
0.50995,0.472592,0.518496,2,0
0.509217,0.475888,0.517397,2,0
0.508607,0.47308,0.519228,2,0
0.507997,0.473446,0.519351,2,0
0.50702,0.475644,0.519228,2,0
0.506654,0.474423,0.520449,2,0
0.506287,0.474423,0.521182,2,0
0.505189,0.478086,0.521548,2,0
0.505067,0.478818,0.522647,2,0
0.505311,0.478086,0.522891,2,0
0.505433,0.476987,0.523135,2,0
0.504334,0.47894,0.523135,2,0
0.503846,0.477964,0.522647,2,0
0.503968,0.477475,0.523379,2,0
0.502503,0.477109,0.523135,2,0
0.501526,0.478452,0.523257,2,0
0.501038,0.479673,0.523501,2,0
0.500549,0.480772,0.524112,2,0
0.500305,0.48065,0.523746,2,0
0.500061,0.479795,0.52399,2,0
0.500427,0.479795,0.5246,2,0
0.500671,0.481138,0.523501,2,0
0.500671,0.479062,0.523623,2,0
0.501648,0.477842,0.525088,2,0
0.50177,0.479062,0.524844,2,0
0.50116,0.482969,0.523746,2,0
0.500183,0.481748,0.522525,2,0
0.500549,0.478574,0.522525,2,0
0.500427,0.477109,0.522891,2,0
0.500061,0.478574,0.522403,2,0
0.500916,0.480161,0.522403,2,0
0.502381,0.477842,0.525211,2,0
0.503479,0.478086,0.527896,2,0
0.502259,0.482359,0.525333,2,0
0.499939,0.477719,0.523868,2,0
0.497009,0.468929,0.525088,2,0
0.49591,0.473691,0.522525,2,0
0.496521,0.475156,0.523135,2,0
0.49591,0.478452,0.523257,2,0
0.496643,0.476377,0.524112,2,0
0.497375,0.476377,0.523013,2,0
0.497497,0.476987,0.522403,2,0
0.497741,0.477353,0.522158,2,0
0.497497,0.476621,0.522525,2,0
0.497497,0.476499,0.523013,2,0
0.497131,0.477231,0.522525,2,0
0.49591,0.477109,0.521914,2,0
0.495422,0.476377,0.520327,2,0
0.495056,0.476254,0.520083,2,0
0.492736,0.477231,0.5246,2,0
0.49591,0.477109,0.526187,2,0
0.497131,0.478696,0.526431,2,0
0.500061,0.479795,0.526065,2,0
0.499573,0.482481,0.527286,2,0
0.499695,0.484312,0.53046,2,0
0.496887,0.481504,0.531681,2,0
0.497864,0.480894,0.534977,2,0
0.498108,0.480283,0.534367,2,0
0.496765,0.480039,0.53278,2,0
0.493346,0.4848,0.529484,2,0
0.493224,0.483457,0.532536,2,0
0.492492,0.48126,0.534611,2,0
0.49237,0.486754,0.532169,2,0
0.492736,0.490783,0.52692,2,0
0.493346,0.491393,0.523746,2,0
0.495544,0.488585,0.525943,2,0
0.498108,0.487608,0.526676,2,0
0.500061,0.48419,0.527042,2,0
0.500183,0.486876,0.525211,2,0
0.500794,0.486998,0.524722,2,0
0.501404,0.488951,0.525455,2,0
0.502014,0.489806,0.526187,2,0
0.503113,0.48944,0.527164,2,0
0.503846,0.48773,0.529361,2,0
0.503968,0.486387,0.530582,2,0
0.502503,0.488463,0.531071,2,0
0.500916,0.490905,0.532047,2,0
0.501282,0.492492,0.531071,2,0
0.501648,0.485411,0.534733,2,0
0.501038,0.489806,0.539983,2,0
0.497864,0.489928,0.537053,2,0
0.499084,0.490172,0.532292,2,0
0.501038,0.489806,0.532536,2,0
0.502503,0.49066,0.532169,2,0
0.501892,0.49005,0.532536,2,0
0.500305,0.489562,0.531803,2,0
0.500061,0.490294,0.532169,2,0
0.500061,0.489684,0.532047,2,0
0.500061,0.489318,0.532169,2,0
0.50177,0.491149,0.531681,2,0
0.501404,0.490294,0.530338,2,0
0.503479,0.48944,0.531925,2,0
0.506043,0.491637,0.534367,2,0
0.50702,0.492126,0.535344,2,0
0.50763,0.491881,0.537907,2,0
0.50763,0.493346,0.537907,2,0
0.505677,0.494689,0.537053,2,0
0.505189,0.494445,0.533879,2,0
0.505189,0.49298,0.532414,2,0
0.50409,0.490294,0.528873,2,0
0.502991,0.488097,0.525455,2,0
0.50177,0.487608,0.524478,2,0
0.502259,0.487853,0.524112,2,0
0.503113,0.486876,0.523746,2,0
0.502136,0.484556,0.526676,2,0
0.500671,0.48419,0.530338,2,0
0.499573,0.490294,0.533268,2,0
0.496398,0.4953,0.545599,2,0
0.500183,0.500671,0.550971,2,0
0.496398,0.510927,0.551337,2,0
0.486265,0.504334,0.560737,2,0
0.49066,0.476865,0.562691,2,0
0.497009,0.451593,0.555366,2,0
0.501892,0.433769,0.533146,2,0
0.503357,0.443658,0.517153,2,0
0.505189,0.45904,0.506043,2,0
0.507264,0.474789,0.500061,2,0
0.507997,0.490294,0.496521,2,0
0.506532,0.500183,0.494323,2,0
0.503724,0.509095,0.493591,2,0
0.503113,0.510927,0.496643,2,0
0.50409,0.513368,0.508119,2,0
0.505555,0.521304,0.522769,2,0
0.50995,0.530704,0.536931,2,0
0.507508,0.53278,0.55036,2,0
0.50409,0.520327,0.561226,2,0
0.496032,0.507997,0.568917,2,0
0.499817,0.489318,0.579172,2,0
0.497864,0.451349,0.575754,2,0
0.488829,0.453791,0.547064,2,0
0.485655,0.46075,0.526676,2,0
0.488829,0.468563,0.5152,2,0
0.491393,0.480039,0.506287,2,0
0.494323,0.489562,0.50116,2,0
0.496765,0.498718,0.498352,2,0
0.497986,0.5047,0.497131,2,0
0.496765,0.51227,0.499206,2,0
0.496887,0.514223,0.505433,2,0
0.498962,0.516909,0.517153,2,0
0.501282,0.523257,0.528507,2,0
0.504822,0.521304,0.54157,2,0
0.505677,0.521914,0.549872,2,0
0.505677,0.514101,0.557319,2,0
0.503724,0.504822,0.562325,2,0
0.501282,0.49237,0.564278,2,0
0.500183,0.487364,0.557929,2,0
0.496154,0.478696,0.547064,2,0
0.49237,0.485045,0.53339,2,0
0.490294,0.48773,0.526554,2,0
0.489318,0.492248,0.52167,2,0
0.490294,0.492736,0.517153,2,0
0.491637,0.494567,0.513002,2,0
0.491393,0.496276,0.511537,2,0
0.491149,0.499939,0.510072,2,0
0.490905,0.500916,0.513735,2,0
0.491881,0.502991,0.518008,2,0
0.493468,0.500671,0.526554,2,0
0.495056,0.505799,0.534733,2,0
0.495422,0.510194,0.537907,2,0
0.496765,0.499573,0.544012,2,0
0.498596,0.495544,0.541936,2,0
0.499451,0.489928,0.540105,2,0
0.499695,0.489073,0.536931,2,0
0.498596,0.491515,0.531681,2,0
0.496765,0.491393,0.531071,2,0
0.4953,0.491637,0.529484,2,0
0.493346,0.491027,0.530338,2,0
0.492736,0.48944,0.530949,2,0
0.494201,0.485533,0.531437,2,0
0.494811,0.484068,0.532414,2,0
0.495788,0.484678,0.532414,2,0
0.496154,0.485045,0.532169,2,0
0.496765,0.4848,0.531925,2,0
0.497497,0.484434,0.531681,2,0
0.498108,0.486876,0.530949,2,0
0.498108,0.487242,0.530338,2,0
0.498352,0.487608,0.530827,2,0
0.498596,0.488097,0.531559,2,0
0.499573,0.487486,0.532414,2,0
0.500183,0.48712,0.534001,2,0
0.500427,0.486632,0.534977,2,0
0.501282,0.487853,0.534611,2,0
0.501404,0.487853,0.533757,2,0
0.501404,0.488341,0.534123,2,0
0.50177,0.489684,0.533512,2,0
0.50116,0.489195,0.532536,2,0
0.499084,0.487242,0.533757,2,0
0.498108,0.488219,0.535222,2,0
0.495544,0.488219,0.535588,2,0
0.495056,0.485533,0.535832,2,0
0.494689,0.484678,0.534611,2,0
0.494689,0.483091,0.533268,2,0
0.495422,0.486021,0.52985,2,0
0.494811,0.489073,0.527042,2,0
0.49237,0.493102,0.52692,2,0
0.491515,0.492248,0.528263,2,0
0.491271,0.491881,0.529117,2,0
0.49066,0.49237,0.52985,2,0
0.490783,0.492614,0.530094,2,0
0.490172,0.492126,0.53046,2,0
0.489562,0.492126,0.530704,2,0
0.48944,0.492736,0.530582,2,0
0.488097,0.494445,0.530216,2,0
0.487364,0.494811,0.53046,2,0
0.487364,0.495056,0.529972,2,0
0.48712,0.495056,0.529972,2,0
0.486876,0.495178,0.529484,2,0
0.486021,0.496398,0.528995,2,0
0.485045,0.495666,0.529606,2,0
0.486143,0.497986,0.530216,2,0
0.48712,0.49884,0.530094,2,0
0.48773,0.499695,0.530338,2,0
0.487486,0.501038,0.529606,2,0
0.487364,0.501526,0.528629,2,0
0.48651,0.50177,0.529117,2,0
0.485289,0.501648,0.530094,2,0
0.484434,0.503113,0.530827,2,0
0.483824,0.501892,0.531437,2,0
0.483824,0.500305,0.530827,2,0
0.483091,0.50409,0.529728,2,0
0.482237,0.501648,0.52753,2,0
0.482481,0.502259,0.524722,2,0
0.481992,0.502259,0.5246,2,0
0.48126,0.50409,0.523868,2,0
0.481138,0.503968,0.525088,2,0
0.48187,0.504456,0.528629,2,0
0.482603,0.505067,0.529361,2,0
0.482359,0.502259,0.530704,2,0
0.48126,0.501892,0.530094,2,0
0.48065,0.501404,0.529606,2,0
0.48126,0.501648,0.528385,2,0
0.481626,0.503479,0.526187,2,0
0.483335,0.504456,0.524356,2,0
0.484678,0.503846,0.523135,2,0
0.485289,0.503968,0.521182,2,0
0.485533,0.503235,0.519717,2,0
0.48712,0.506532,0.515688,2,0
0.49005,0.507264,0.512514,2,0
0.490172,0.505799,0.508607,2,0
0.490416,0.504212,0.505921,2,0
0.49066,0.502747,0.51056,2,0
0.493102,0.503357,0.512758,2,0
0.491637,0.49066,0.522769,2,0
0.49237,0.486998,0.52692,2,0
0.493591,0.479184,0.535466,2,0
0.489684,0.467342,0.551215,2,0
0.48944,0.467342,0.563301,2,0
0.494079,0.467586,0.57026,2,0
0.497497,0.468929,0.565621,2,0
0.49823,0.470516,0.555976,2,0
0.496765,0.476743,0.546453,2,0
0.496765,0.480283,0.540349,2,0
0.497497,0.483702,0.534611,2,0
0.496643,0.48712,0.529606,2,0
0.496643,0.490172,0.525333,2,0
0.496643,0.492858,0.521304,2,0
0.496154,0.498108,0.51581,2,0
0.497131,0.504212,0.512392,2,0
0.497131,0.510316,0.508241,2,0
0.496276,0.514223,0.503235,2,0
0.495178,0.513246,0.500549,2,0
0.494811,0.508119,0.498596,2,0
0.494079,0.500427,0.500183,2,0
0.493835,0.497619,0.506532,2,0
0.497009,0.497741,0.513124,2,0
0.500671,0.491271,0.531559,2,0
0.505677,0.495178,0.54389,2,0
0.506898,0.48712,0.563423,2,0
0.508851,0.479551,0.576731,2,0
0.506409,0.476377,0.579539,2,0
0.502503,0.468685,0.571725,2,0
0.499573,0.471127,0.558784,2,0
0.497131,0.474423,0.54743,2,0
0.495788,0.477353,0.537297,2,0
0.494201,0.481382,0.529606,2,0
0.49237,0.485411,0.523257,2,0
0.491881,0.488951,0.519106,2,0
0.49005,0.490416,0.515932,2,0
0.488585,0.491393,0.513735,2,0
0.486632,0.490294,0.512147,2,0
0.485411,0.494201,0.511781,2,0
0.484556,0.496032,0.512147,2,0
0.483702,0.494079,0.51288,2,0
0.482359,0.495544,0.51349,2,0
0.481016,0.497009,0.514467,2,0
0.481016,0.497619,0.516298,2,0
0.478818,0.497619,0.517275,2,0
0.477597,0.498108,0.516298,2,0
0.477597,0.497497,0.517153,2,0
0.480527,0.498108,0.516543,2,0
0.482969,0.496521,0.515566,2,0
0.482847,0.497253,0.515566,2,0
0.486387,0.499451,0.5152,2,0
0.48712,0.499206,0.514467,2,0
0.489318,0.494323,0.51581,2,0
0.489318,0.492126,0.52106,2,0
0.491149,0.492126,0.526431,2,0
0.491393,0.49005,0.533146,2,0
0.492492,0.485777,0.536809,2,0
0.493102,0.483824,0.542303,2,0
0.493346,0.482725,0.544744,2,0
0.493591,0.477964,0.549994,2,0
0.493102,0.477842,0.549628,2,0
0.492248,0.476621,0.551093,2,0
0.492736,0.476865,0.549261,2,0
0.491881,0.475644,0.547674,2,0
0.491515,0.474179,0.545233,2,0
0.49237,0.474545,0.539861,2,0
0.492858,0.478818,0.537297,2,0
0.493713,0.485655,0.534123,2,0
0.495178,0.491759,0.531803,2,0
0.495422,0.495056,0.528263,2,0
0.496765,0.49823,0.524844,2,0
0.494445,0.502503,0.52106,2,0
0.494811,0.507386,0.517031,2,0
0.493468,0.510438,0.513857,2,0
0.492248,0.511781,0.509217,2,0
0.489684,0.508485,0.508851,2,0
0.488951,0.506776,0.509706,2,0
0.49005,0.506654,0.508973,2,0
0.490905,0.502259,0.510927,2,0
0.490538,0.503968,0.510682,2,0
0.488707,0.498474,0.516054,2,0
0.492492,0.500183,0.516787,2,0
0.491149,0.492126,0.524356,2,0
0.492858,0.486265,0.534367,2,0
0.497864,0.493224,0.537419,2,0
0.499206,0.487242,0.551459,2,0
0.500305,0.485777,0.558052,2,0
0.500427,0.482359,0.561348,2,0
0.500794,0.480405,0.562202,2,0
0.501282,0.481382,0.558906,2,0
0.501648,0.483091,0.552191,2,0
0.500916,0.486265,0.547674,2,0
0.499206,0.488097,0.544256,2,0
0.496643,0.489195,0.540471,2,0
0.495422,0.489195,0.538762,2,0
0.493468,0.491881,0.534733,2,0
0.49237,0.494323,0.52985,2,0
0.492126,0.49237,0.524234,2,0
0.491149,0.49298,0.518862,2,0
0.490783,0.496276,0.512514,2,0
0.49005,0.499939,0.507874,2,0
0.490783,0.502625,0.50409,2,0
0.489684,0.503479,0.500061,2,0
0.486265,0.502381,0.499329,2,0
0.486632,0.499451,0.501404,2,0
0.487364,0.499329,0.504578,2,0
0.489195,0.500671,0.507264,2,0
0.488219,0.499451,0.512147,2,0
0.487242,0.488219,0.517641,2,0
0.487242,0.491027,0.524844,2,0
0.488097,0.492003,0.530216,2,0
0.484434,0.477475,0.540105,2,0
0.483213,0.46954,0.546575,2,0
0.48065,0.465877,0.554633,2,0
0.483457,0.463558,0.563301,2,0
0.48773,0.466488,0.560615,2,0
0.490416,0.469784,0.556342,2,0
0.491759,0.476377,0.548773,2,0
0.493346,0.479795,0.542058,2,0
0.494079,0.484678,0.536687,2,0
0.495178,0.489195,0.531315,2,0
0.496032,0.492003,0.526065,2,0
0.496032,0.496398,0.520816,2,0
0.495666,0.500305,0.517031,2,0
0.496276,0.504822,0.51227,2,0
0.497009,0.510927,0.505067,2,0
0.496276,0.511049,0.500916,2,0
0.49591,0.511659,0.500305,2,0
0.49298,0.513368,0.502381,2,0
0.494567,0.511537,0.505799,2,0
0.494811,0.5047,0.50934,2,0
0.49298,0.493713,0.517397,2,0
0.496521,0.493957,0.523623,2,0
0.4953,0.490416,0.533268,2,0
0.49298,0.479673,0.54511,2,0
0.496154,0.478452,0.552314,2,0
0.4953,0.480283,0.554633,2,0
0.494201,0.475888,0.554511,2,0
0.493102,0.476499,0.549872,2,0
0.49591,0.481748,0.544378,2,0
0.500061,0.486998,0.537419,2,0
0.500305,0.489195,0.533634,2,0
0.500671,0.489928,0.532658,2,0
0.498352,0.491515,0.533268,2,0
0.497131,0.490538,0.53339,2,0
0.496276,0.488585,0.533512,2,0
0.495056,0.483824,0.53278,2,0
0.493591,0.48419,0.529239,2,0
0.492614,0.484922,0.526187,2,0
0.492248,0.485777,0.524112,2,0
0.493224,0.486021,0.523868,2,0
0.494201,0.486387,0.524844,2,0
0.494933,0.487853,0.526187,2,0
0.494445,0.488463,0.52753,2,0
0.493468,0.488341,0.528751,2,0
0.492736,0.488341,0.529361,2,0
0.492126,0.487853,0.529728,2,0
0.492003,0.488341,0.52985,2,0
0.492736,0.487853,0.530704,2,0
0.493346,0.487486,0.531315,2,0
0.495666,0.486632,0.531559,2,0
0.496887,0.486632,0.531681,2,0
0.497741,0.48712,0.532414,2,0
0.497741,0.487853,0.532658,2,0
0.496765,0.488707,0.531803,2,0
0.496154,0.488707,0.531803,2,0
0.4953,0.488585,0.531803,2,0
0.494445,0.489562,0.531803,2,0
0.494933,0.488219,0.531437,2,0
0.494933,0.489073,0.53278,2,0
0.496032,0.488219,0.533024,2,0
0.497497,0.488707,0.534123,2,0
0.499329,0.491637,0.535954,2,0
0.502747,0.496887,0.539006,2,0
0.504334,0.497619,0.547186,2,0
0.50702,0.502259,0.550604,2,0
0.504578,0.506165,0.551337,2,0
0.503113,0.501404,0.550726,2,0
0.500794,0.498596,0.548773,2,0
0.498718,0.493468,0.542058,2,0
0.493835,0.493835,0.536198,2,0
0.49237,0.495666,0.527164,2,0
0.49066,0.497864,0.520083,2,0
0.491515,0.499451,0.514833,2,0
0.489562,0.495422,0.508729,2,0
0.488097,0.498352,0.505799,2,0
0.487608,0.502014,0.503846,2,0
0.487975,0.504944,0.503357,2,0
0.485045,0.506043,0.504944,2,0
0.482603,0.505433,0.508363,2,0
0.482237,0.504578,0.51227,2,0
0.484068,0.502991,0.515932,2,0
0.484922,0.503968,0.516787,2,0
0.488097,0.500549,0.517763,2,0
0.486876,0.494689,0.522036,2,0
0.487853,0.500061,0.522891,2,0
0.49005,0.500794,0.524356,2,0
0.486876,0.491881,0.534001,2,0
0.484556,0.493713,0.53864,2,0
0.48712,0.48358,0.549261,2,0
0.484434,0.481138,0.552436,2,0
0.4848,0.476987,0.554145,2,0
0.485777,0.476132,0.554511,2,0
0.488219,0.47894,0.551459,2,0
0.489195,0.478574,0.549872,2,0
0.490294,0.478452,0.549872,2,0
0.491881,0.486021,0.546575,2,0
0.494323,0.488341,0.543035,2,0
0.494079,0.490416,0.538518,2,0
0.496643,0.493713,0.532047,2,0
0.497619,0.497253,0.525821,2,0
0.497864,0.501038,0.520327,2,0
0.496398,0.504822,0.514833,2,0
0.496643,0.509095,0.51056,2,0
0.495056,0.51056,0.505433,2,0
0.494689,0.506654,0.505433,2,0
0.493591,0.506165,0.506654,2,0
0.493835,0.507752,0.508119,2,0
0.491515,0.50763,0.511903,2,0
0.491393,0.505921,0.51349,2,0
0.491515,0.499206,0.522769,2,0
0.493835,0.498718,0.526187,2,0
0.495788,0.496887,0.536442,2,0
0.496521,0.493102,0.544256,2,0
0.498352,0.494567,0.552802,2,0
0.502991,0.494933,0.561836,2,0
0.502503,0.493224,0.564644,2,0
0.502381,0.493102,0.563301,2,0
0.502136,0.496154,0.558784,2,0
0.502259,0.495544,0.555244,2,0
0.502503,0.49591,0.55036,2,0
0.501038,0.495666,0.545843,2,0
0.498596,0.495056,0.540349,2,0
0.495788,0.4953,0.535832,2,0
0.493591,0.498108,0.531437,2,0
0.490783,0.500183,0.526309,2,0
0.488829,0.495544,0.524844,2,0
0.489073,0.494445,0.520571,2,0
0.488097,0.502503,0.515078,2,0
0.488097,0.499939,0.512758,2,0
0.488097,0.497864,0.507752,2,0
0.486754,0.497009,0.505311,2,0
0.485411,0.500061,0.503846,2,0
0.483091,0.501648,0.504456,2,0
0.482481,0.502381,0.506287,2,0
0.485167,0.501526,0.509584,2,0
0.488341,0.504334,0.512025,2,0
0.486998,0.503113,0.515078,2,0
0.48944,0.502136,0.516909,2,0
0.486998,0.499817,0.521914,2,0
0.485655,0.495666,0.527408,2,0
0.489806,0.490783,0.536931,2,0
0.48773,0.489928,0.540105,2,0
0.488341,0.481992,0.547674,2,0
0.485777,0.481748,0.553901,2,0
0.483824,0.479673,0.560005,2,0
0.48651,0.480283,0.561714,2,0
0.488219,0.481626,0.555488,2,0
0.487975,0.483457,0.55036,2,0
0.48944,0.485899,0.545843,2,0
0.492126,0.487853,0.542303,2,0
0.493468,0.491271,0.536442,2,0
0.495178,0.495422,0.530704,2,0
0.496398,0.497009,0.525943,2,0
0.498352,0.500916,0.519961,2,0
0.498352,0.505555,0.514589,2,0
0.499329,0.508729,0.508973,2,0
0.497741,0.512392,0.50409,2,0
0.494933,0.511293,0.501404,2,0
0.4953,0.50995,0.503113,2,0
0.494445,0.50702,0.50763,2,0
0.495544,0.504578,0.512392,2,0
0.493102,0.501404,0.515688,2,0
0.494933,0.493957,0.527042,2,0
0.498718,0.497497,0.53046,2,0
0.498596,0.4848,0.548407,2,0
0.503235,0.4848,0.557929,2,0
0.50763,0.488585,0.565377,2,0
0.507752,0.490783,0.570626,2,0
0.507508,0.495422,0.569405,2,0
0.507386,0.496276,0.56501,2,0
0.507752,0.496276,0.557807,2,0
0.504944,0.496276,0.552314,2,0
0.50409,0.495788,0.548163,2,0
0.500061,0.4953,0.539861,2,0
0.498108,0.492248,0.536198,2,0
0.494567,0.492248,0.528141,2,0
0.493102,0.497497,0.520205,2,0
0.49298,0.497619,0.513124,2,0
0.493591,0.495788,0.506287,2,0
0.493224,0.496887,0.502991,2,0
0.49237,0.498108,0.500305,2,0
0.489928,0.500183,0.498474,2,0
0.486387,0.499329,0.500305,2,0
0.485167,0.499084,0.503968,2,0
0.484678,0.500183,0.507997,2,0
0.485289,0.500671,0.514467,2,0
0.486632,0.497741,0.518252,2,0
0.486632,0.492248,0.5246,2,0
0.484434,0.491515,0.52985,2,0
0.485533,0.488585,0.53632,2,0
0.482115,0.48419,0.546942,2,0
0.481016,0.477597,0.559761,2,0
0.480161,0.474057,0.568795,2,0
0.484556,0.474423,0.569772,2,0
0.487364,0.477597,0.562691,2,0
0.489318,0.481382,0.553779,2,0
0.49066,0.486265,0.544256,2,0
0.493835,0.488951,0.533634,2,0
0.497619,0.493468,0.525821,2,0
0.500427,0.497131,0.520205,2,0
0.500061,0.501648,0.514467,2,0
0.498474,0.508851,0.508363,2,0
0.497253,0.510438,0.504578,2,0
0.496032,0.511659,0.503846,2,0
0.495788,0.514467,0.502503,2,0
0.494933,0.513735,0.503479,2,0
0.496398,0.509828,0.508607,2,0
0.497497,0.504822,0.511537,2,0
0.494567,0.498962,0.51874,2,0
0.497619,0.491149,0.526065,2,0
0.496398,0.486021,0.53571,2,1
0.497131,0.484922,0.548651,2,0
0.498474,0.484312,0.555854,2,0
0.502259,0.483213,0.562325,2,0
0.504822,0.491759,0.563667,2,0
0.502747,0.497741,0.566475,2,0
0.506165,0.498474,0.561714,2,0
0.504822,0.494079,0.558174,2,0
0.503479,0.491881,0.55329,2,0
0.502869,0.490783,0.54682,2,0
0.500183,0.490538,0.541326,2,0
0.498962,0.490294,0.537175,2,0
0.497253,0.492248,0.529606,2,0
0.493346,0.493346,0.523623,2,0
0.492126,0.495056,0.517763,2,0
0.491515,0.496276,0.51227,2,0
0.490416,0.497375,0.508241,2,0
0.490416,0.497131,0.506409,2,0
0.491149,0.498596,0.503235,2,0
0.489195,0.500305,0.502136,2,0
0.486876,0.500427,0.502503,2,0
0.486021,0.501892,0.50409,2,0
0.486265,0.503724,0.507142,2,0
0.486265,0.49823,0.510438,2,0
0.48944,0.492248,0.520083,2,0
0.485777,0.493835,0.524234,2,0
0.488219,0.485777,0.543035,2,0
0.486143,0.484312,0.549383,2,0
0.48187,0.478208,0.558662,2,0
0.482115,0.472348,0.565377,2,0
0.48358,0.4754,0.565743,2,0
0.487242,0.477109,0.560982,2,0
0.490538,0.481504,0.552436,2,0
0.491881,0.487486,0.5445,2,0
0.493346,0.492003,0.537785,2,0
0.494689,0.496276,0.532169,2,0
0.494933,0.49884,0.527042,2,0
0.49591,0.500549,0.522158,2,0
0.496521,0.504578,0.515566,2,0
0.496276,0.505921,0.511049,2,0
0.496643,0.508241,0.506165,2,0
0.493713,0.508729,0.503846,2,0
0.493468,0.508363,0.503601,2,0
0.494201,0.509828,0.506043,2,0
0.493835,0.509095,0.508363,2,0
0.49237,0.505311,0.513246,2,0
0.492003,0.503968,0.518374,2,0
0.494811,0.502869,0.526431,2,0
0.496521,0.497497,0.537541,2,1
0.495666,0.491881,0.54743,2,0
0.500061,0.496887,0.561958,2,0
0.500794,0.501892,0.569528,2,0
0.498962,0.495178,0.572091,2,0
0.499817,0.497375,0.565987,2,0
0.498718,0.497131,0.556953,2,0
0.499084,0.49591,0.551093,2,0
0.496521,0.495788,0.54218,2,0
0.494201,0.494323,0.537419,2,0
0.493346,0.495788,0.531559,2,0
0.491881,0.49823,0.525943,2,0
0.491759,0.497009,0.523135,2,0
0.491027,0.49591,0.516787,2,0
0.489806,0.500061,0.510927,2,0
0.491149,0.499451,0.507997,2,0
0.49066,0.500427,0.503724,2,0
0.490294,0.499695,0.503724,2,0
0.487608,0.500183,0.503968,2,0
0.485777,0.500061,0.506043,2,0
0.488097,0.502136,0.510682,2,0
0.487975,0.504822,0.513613,2,0
0.487486,0.499451,0.519228,2,0
0.488829,0.496398,0.523501,2,0
0.484922,0.493468,0.530216,2,0
0.484922,0.490416,0.536931,2,0
0.483946,0.488341,0.543157,2,0
0.479673,0.474789,0.552436,2,0
0.481382,0.471615,0.560249,2,0
0.483946,0.47308,0.560371,2,0
0.485411,0.475888,0.556098,2,0
0.487608,0.479307,0.551337,2,0
0.489806,0.48419,0.545599,2,0
0.492126,0.487975,0.539861,2,0
0.494079,0.492614,0.5351,2,0
0.496154,0.494811,0.530582,2,0
0.496887,0.500183,0.524844,2,0
0.497741,0.501648,0.521182,2,0
0.497986,0.508119,0.515566,2,0
0.498108,0.511537,0.510682,2,0
0.494933,0.510072,0.50763,2,0
0.493468,0.508729,0.50702,2,0
0.492248,0.508363,0.507874,2,0
0.492248,0.507508,0.507997,2,0
0.490172,0.502136,0.514101,2,0
0.491393,0.501892,0.517153,2,0
0.489562,0.501404,0.519961,2,0
0.491515,0.494567,0.529606,2,0
0.492492,0.496887,0.536198,2,0
0.493591,0.49298,0.549994,2,1
0.497009,0.495422,0.559028,2,0
0.497741,0.493102,0.564644,2,0
0.502136,0.491759,0.563423,2,0
0.499084,0.497619,0.554755,2,0
0.499206,0.500061,0.553779,2,0
0.497619,0.498474,0.553168,2,0
0.496765,0.495422,0.549261,2,0
0.49591,0.492126,0.54389,2,0
0.492736,0.489073,0.537419,2,0
0.492126,0.49005,0.530094,2,0
0.490538,0.493957,0.522647,2,0
0.48944,0.495666,0.517886,2,0
0.489806,0.495544,0.513613,2,0
0.491149,0.497864,0.509584,2,0
0.490172,0.497497,0.506043,2,0
0.489073,0.499206,0.502503,2,0
0.485655,0.500061,0.503479,2,0
0.483946,0.500916,0.504944,2,0
0.486632,0.502503,0.50702,2,0
0.485899,0.500916,0.510316,2,0
0.487853,0.49884,0.515078,2,0
0.488951,0.497009,0.517641,2,0
0.485655,0.493346,0.523868,2,0
0.489073,0.489073,0.530949,2,0
0.486387,0.487364,0.5351,2,0
0.483091,0.480894,0.546698,2,0
0.483213,0.477353,0.552191,2,0
0.483702,0.470883,0.556098,2,0
0.484922,0.472714,0.557807,2,0
0.485411,0.474911,0.554633,2,0
0.487975,0.477719,0.550238,2,0
0.488463,0.479307,0.545477,2,0
0.489195,0.482115,0.541326,2,0
0.492248,0.486387,0.537541,2,0
0.492858,0.489928,0.53339,2,0
0.496032,0.494689,0.529239,2,0
0.498352,0.497619,0.522158,2,0
0.500305,0.50116,0.516665,2,0
0.499695,0.506287,0.512025,2,0
0.499084,0.510316,0.506654,2,0
0.494445,0.511781,0.503357,2,0
0.494323,0.511049,0.504578,2,0
0.493835,0.509706,0.506776,2,0
0.494689,0.506165,0.512758,2,0
0.4953,0.506043,0.514223,2,0
0.49237,0.500427,0.520816,2,0
0.494689,0.497375,0.523868,2,0
0.494811,0.492736,0.531071,2,1
0.494689,0.48712,0.5445,2,0
0.494811,0.489073,0.554877,2,0
0.494933,0.485899,0.567696,2,0
0.501526,0.485289,0.571725,2,0
0.502869,0.488951,0.565743,2,0
0.500671,0.492858,0.55854,2,0
0.498718,0.492492,0.548773,2,0
0.497131,0.490294,0.545233,2,0
0.496643,0.490783,0.541936,2,0
0.494201,0.490416,0.536565,2,0
0.493957,0.489562,0.532292,2,0
0.492126,0.491027,0.525333,2,0
0.490783,0.494445,0.520816,2,0
0.489928,0.496643,0.517397,2,0
0.49066,0.499695,0.512636,2,0
0.49066,0.500061,0.509217,2,0
0.492126,0.498718,0.508363,2,0
0.489562,0.499817,0.503724,2,0
0.485655,0.499451,0.504212,2,0
0.485777,0.499206,0.506409,2,0
0.487608,0.50763,0.506776,2,0
0.486143,0.499939,0.513246,2,0
0.488219,0.497741,0.516298,2,0
0.487242,0.495178,0.525088,2,0
0.48419,0.48773,0.533146,2,0
0.484434,0.478818,0.536198,2,0
0.482481,0.476987,0.546209,2,0
0.478208,0.47308,0.554145,2,0
0.477964,0.472592,0.56147,2,0
0.481138,0.475644,0.560982,2,0
0.485777,0.475278,0.555121,2,0
0.49005,0.477842,0.547674,2,0
0.490416,0.481626,0.540471,2,0
0.493713,0.48651,0.534489,2,0
0.496398,0.491637,0.529117,2,0
0.496398,0.496032,0.52399,2,0
0.496154,0.501282,0.518862,2,0
0.495788,0.505067,0.514711,2,0
0.494079,0.507752,0.51056,2,0
0.494323,0.507752,0.507508,2,0
0.493346,0.504212,0.507508,2,0
0.494201,0.50934,0.507264,2,0
0.493102,0.510682,0.506654,2,0
0.492248,0.506287,0.51056,2,0
0.494811,0.504944,0.513735,2,0
0.491149,0.50177,0.518862,2,0
0.493591,0.495544,0.528873,2,0
0.496765,0.495178,0.534123,2,0
0.497375,0.487364,0.547064,2,1
0.494567,0.489318,0.561104,2,0
0.497741,0.488707,0.567086,2,0
0.501282,0.486265,0.566597,2,0
0.499817,0.493102,0.559394,2,0
0.49823,0.497009,0.554267,2,0
0.498962,0.498108,0.549994,2,0
0.497497,0.493102,0.545721,2,0
0.497864,0.493713,0.542669,2,0
0.494445,0.49298,0.536442,2,0
0.491759,0.48944,0.531925,2,0
0.489928,0.488463,0.527042,2,0
0.488097,0.49298,0.523623,2,0
0.490538,0.495178,0.518862,2,0
0.490416,0.495788,0.513857,2,0
0.490416,0.495178,0.508241,2,0
0.490538,0.497375,0.503601,2,0
0.487853,0.500061,0.500549,2,0
0.484312,0.500427,0.501404,2,0
0.485411,0.502869,0.503235,2,0
0.484922,0.502503,0.506165,2,0
0.486265,0.501038,0.510682,2,0
0.486632,0.500183,0.514589,2,0
0.484434,0.497986,0.520816,2,0
0.486021,0.494689,0.524478,2,0
0.484556,0.491149,0.532169,2,0
0.483946,0.486265,0.540105,2,0
0.483457,0.475156,0.544744,2,0
0.480039,0.46368,0.552191,2,0
0.481504,0.465023,0.553534,2,0
0.483091,0.468441,0.55329,2,0
0.485289,0.473569,0.551459,2,0
0.488585,0.479795,0.547674,2,0
0.489073,0.483335,0.543401,2,0
0.491393,0.487364,0.539006,2,0
0.493224,0.490416,0.534001,2,0
0.494445,0.495422,0.528873,2,0
0.494323,0.496154,0.524966,2,0
0.495788,0.501038,0.520327,2,0
0.497497,0.506165,0.516054,2,0
0.496154,0.510316,0.511781,2,0
0.49591,0.510927,0.507508,2,0
0.494323,0.511659,0.503846,2,0
0.494079,0.510194,0.504578,2,0
0.492492,0.511171,0.505189,2,0
0.493468,0.508241,0.507508,2,0
0.49237,0.503968,0.513246,2,0
0.491759,0.498108,0.518252,2,0
0.491027,0.4953,0.529239,2,1
0.492248,0.493346,0.536198,2,0
0.493713,0.480161,0.551459,2,0
0.497009,0.486265,0.556587,2,0
0.497986,0.490538,0.564766,2,0
0.498108,0.489073,0.567574,2,0
0.498962,0.491271,0.564278,2,0
0.498962,0.489562,0.559272,2,0
0.498108,0.48773,0.55268,2,0
0.497497,0.486998,0.545721,2,0
0.496521,0.489195,0.538518,2,0
0.495666,0.492126,0.532414,2,0
0.492858,0.493835,0.526676,2,0
0.491759,0.4953,0.523379,2,0
0.489073,0.498108,0.518252,2,0
0.488707,0.498962,0.513735,2,0
0.489073,0.498352,0.511415,2,0
0.490172,0.499573,0.505433,2,0
0.49005,0.499817,0.504578,2,0
0.48712,0.500916,0.502991,2,0
0.484678,0.500305,0.502747,2,0
0.486632,0.500305,0.505189,2,0
0.485289,0.499695,0.507264,2,0
0.488097,0.496276,0.512514,2,0
0.486876,0.496032,0.51642,2,0
0.48419,0.492003,0.521548,2,0
0.488097,0.488341,0.532536,2,0
0.487608,0.487242,0.535832,2,0
0.487975,0.479429,0.548407,2,0
0.489806,0.474789,0.552069,2,0
0.489562,0.471859,0.555976,2,0
0.489073,0.474911,0.556953,2,0
0.488341,0.475522,0.55854,2,0
0.489806,0.47833,0.55622,2,0
0.493713,0.479795,0.550726,2,0
0.494933,0.483702,0.546331,2,0
0.495422,0.488219,0.538396,2,0
0.496398,0.492248,0.533146,2,0
0.496276,0.497131,0.526309,2,0
0.498108,0.498474,0.521304,2,0
0.496765,0.499817,0.517153,2,0
0.497253,0.504944,0.512392,2,0
0.493957,0.506532,0.508729,2,0
0.49298,0.507264,0.507508,2,0
0.490294,0.506898,0.507874,2,0
0.492126,0.509217,0.508851,2,0
0.492126,0.508485,0.510072,2,0
0.491027,0.502869,0.512025,2,0
0.491759,0.500794,0.517763,2,1
0.491637,0.504578,0.520327,2,0
0.489073,0.499573,0.526431,2,0
0.492248,0.493713,0.534367,2,0
0.495788,0.493591,0.539373,2,0
0.496276,0.494079,0.551581,2,0
0.501892,0.497864,0.555732,2,0
0.503479,0.493346,0.562569,2,0
0.503357,0.494689,0.564278,2,0
0.502014,0.496643,0.560371,2,0
0.502259,0.493224,0.557075,2,0
0.499451,0.49298,0.551215,2,0
0.497131,0.490783,0.546942,2,0
0.496032,0.492248,0.54096,2,0
0.494445,0.494811,0.533146,2,0
0.493224,0.493346,0.527286,2,0
0.491881,0.489806,0.521792,2,0
0.491149,0.495788,0.5152,2,0
0.490294,0.49823,0.51056,2,0
0.49005,0.497741,0.508119,2,0
0.490416,0.499329,0.505555,2,0
0.48944,0.499573,0.503357,2,0
0.485167,0.498474,0.504578,2,0
0.48419,0.496643,0.506287,2,0
0.487242,0.502625,0.509095,2,0
0.486265,0.503235,0.511781,2,0
0.49066,0.500305,0.518496,2,0
0.491759,0.499939,0.523379,2,0
0.488707,0.500183,0.531071,2,0
0.489684,0.498352,0.543645,2,0
0.489073,0.495666,0.550116,2,0
0.490538,0.482115,0.559639,2,0
0.487486,0.477597,0.554145,2,0
0.489318,0.476865,0.546698,2,0
0.49066,0.479673,0.537785,2,0
0.490416,0.48712,0.532536,2,0
0.491637,0.492736,0.532902,2,0
0.492126,0.49823,0.537419,2,0
0.494567,0.50116,0.544378,2,0
0.496154,0.504822,0.547308,2,0
0.494689,0.502869,0.546209,2,0
0.493224,0.499939,0.54389,2,0
0.493957,0.499084,0.539373,2,0
0.493713,0.496398,0.534977,2,0
0.493591,0.500305,0.533024,2,0
0.49298,0.502259,0.529361,2,0
0.49066,0.502014,0.527286,2,0
0.490905,0.503968,0.525211,2,0
0.493957,0.507508,0.521182,2,0
0.493346,0.508729,0.516909,2,1
0.491515,0.509828,0.513857,2,0
0.49066,0.509828,0.509706,2,0
0.490905,0.509706,0.507508,2,0
0.489684,0.50995,0.506898,2,0
0.487608,0.508851,0.509706,2,0
0.490783,0.511415,0.51288,2,0
0.492492,0.507508,0.514223,2,0
0.491637,0.49884,0.52167,2,0
0.494201,0.501038,0.524966,2,0
0.491881,0.499206,0.532536,2,0
0.492736,0.497131,0.542791,2,0
0.497253,0.496643,0.548529,2,0
0.497864,0.494079,0.554877,2,0
0.500183,0.493346,0.55268,2,0
0.50116,0.49237,0.546087,2,0
0.500427,0.489562,0.540349,3,0
0.501892,0.492492,0.53339,3,0
0.503357,0.493591,0.528019,3,0
0.500061,0.49237,0.525699,3,0
0.502136,0.49237,0.523257,3,0
0.49884,0.493713,0.523623,3,0
0.499939,0.490416,0.526554,3,0
0.501892,0.492614,0.525577,3,0
0.498596,0.48651,0.529606,3,0
0.500671,0.484922,0.528873,3,0
0.500671,0.480161,0.529728,3,0
0.500061,0.475644,0.531315,3,0
0.501282,0.475766,0.529972,3,0
0.500794,0.474179,0.526798,3,0
0.500305,0.472958,0.525577,3,0
0.499817,0.474057,0.523746,3,0
0.500061,0.473324,0.523746,3,0
0.500671,0.472714,0.521914,3,0
0.502625,0.473935,0.52106,3,0
0.5047,0.473569,0.520938,3,0
0.507386,0.470761,0.521426,3,0
0.508363,0.471859,0.521792,3,0
0.510072,0.473324,0.522036,3,0
0.511293,0.471249,0.522769,3,0
0.51227,0.471859,0.523501,3,0
0.513124,0.474057,0.523257,3,0
0.513002,0.475156,0.522525,3,0
0.51288,0.475522,0.52167,3,0
0.512758,0.4754,0.520693,3,0
0.51288,0.476499,0.519351,3,0
0.512758,0.476254,0.518008,3,0
0.512025,0.475522,0.517519,3,0
0.512147,0.4754,0.516665,3,0
0.511781,0.475888,0.51642,3,0
0.512147,0.475278,0.516665,3,0
0.512758,0.473935,0.517641,3,0
0.512758,0.472714,0.518252,3,0
0.511781,0.473813,0.517641,3,0
0.511415,0.474301,0.516665,3,0
0.511293,0.474057,0.516298,3,0
0.511903,0.473813,0.516543,3,0
0.512392,0.473935,0.516909,3,0
0.512636,0.473935,0.517519,3,0
0.512392,0.474789,0.517397,3,0
0.51227,0.474789,0.517397,3,0
0.512147,0.474911,0.517763,3,0
0.512025,0.474667,0.517763,3,0
0.511781,0.474423,0.517763,3,0
0.511659,0.474423,0.517519,3,0
0.511659,0.474301,0.517275,3,0
0.511781,0.474057,0.517275,3,0
0.511781,0.474301,0.516909,3,0
0.512147,0.474179,0.517031,3,0
0.512147,0.474301,0.516665,3,0
0.512025,0.474057,0.516054,3,0
0.512025,0.473446,0.515932,3,0
0.511781,0.47308,0.516176,3,0
0.511537,0.472348,0.516787,3,0
0.511293,0.471981,0.517153,3,0
0.511171,0.473202,0.517397,3,0
0.511781,0.47601,0.516054,3,0
0.512392,0.476377,0.515444,3,0
0.512514,0.475522,0.514711,3,0
0.511903,0.474423,0.514589,3,0
0.511415,0.472226,0.514589,3,0
0.511171,0.471371,0.514345,3,0
0.510805,0.471859,0.514101,3,0
0.509217,0.471859,0.513857,3,0
0.508119,0.471371,0.514345,3,0
0.507997,0.47247,0.513979,3,0
0.507508,0.472348,0.512147,3,0
0.50702,0.469296,0.511537,3,0
0.506654,0.469662,0.511903,3,0
0.507508,0.470761,0.511781,3,0
0.507752,0.472104,0.51056,3,0
0.508729,0.472592,0.510316,3,0
0.51056,0.473324,0.511049,3,0
0.511293,0.473935,0.51288,3,0
0.513002,0.472226,0.514833,3,0
0.514345,0.470761,0.517641,3,0
0.515322,0.472714,0.519595,3,0
0.515078,0.475522,0.520571,3,0
0.513368,0.477719,0.520083,3,0
0.511659,0.478086,0.519106,3,0
0.510316,0.474789,0.51874,3,0
0.510072,0.473691,0.517397,3,0
0.509462,0.472592,0.516787,3,0
0.50934,0.471981,0.516054,3,0
0.509584,0.471371,0.516298,3,0
0.509584,0.472348,0.516176,3,0
0.509217,0.474423,0.515932,3,0
0.509095,0.473202,0.516298,3,0
0.509217,0.472104,0.516054,3,0
0.50934,0.472104,0.515444,3,0
0.50934,0.471493,0.515688,3,0
0.508973,0.472592,0.515322,3,0
0.508485,0.472836,0.515566,3,0
0.508607,0.471981,0.515688,3,0
0.508607,0.472226,0.515444,3,0
0.508485,0.472348,0.515078,3,0
0.508485,0.471859,0.515322,3,0
0.508363,0.47247,0.5152,3,0
0.508363,0.472592,0.515444,3,0
0.508485,0.471981,0.515688,3,0
0.508363,0.472104,0.515322,3,0
0.508119,0.472592,0.515444,3,0
0.507997,0.472226,0.515566,3,0
0.508119,0.472592,0.51581,3,0
0.508485,0.472836,0.515688,3,0
0.508607,0.472104,0.51581,3,0
0.508119,0.472104,0.51581,3,0
0.507752,0.472592,0.516054,3,0
0.507997,0.472104,0.515688,3,0
0.507997,0.471737,0.515444,3,0
0.508119,0.472714,0.51581,3,0
0.507997,0.472348,0.515688,3,0
0.507874,0.472104,0.515444,3,0
0.507997,0.471615,0.5152,3,0
0.507752,0.471127,0.515688,3,0
0.507997,0.471615,0.5152,3,0
0.510072,0.469418,0.5152,3,0
0.51056,0.470272,0.516787,3,0
0.514467,0.46368,0.521914,3,0
0.516298,0.466488,0.5246,3,0
0.513368,0.465633,0.528873,3,0
0.509706,0.463313,0.530582,3,0
0.507264,0.471737,0.529728,3,0
0.500916,0.483091,0.52753,3,0
0.498596,0.484678,0.525088,3,0
0.497131,0.488707,0.523013,3,0
0.496276,0.487364,0.521426,3,0
0.493957,0.484678,0.521304,3,0
0.492492,0.485655,0.520938,3,0
0.49298,0.479551,0.521182,3,0
0.49298,0.480894,0.518984,3,0
0.49591,0.479429,0.520205,3,0
0.497864,0.479673,0.522036,3,0
0.499573,0.48126,0.523257,3,0
0.501526,0.47894,0.526676,3,0
0.501892,0.482969,0.526676,3,0
0.501282,0.488219,0.528751,3,0
0.502014,0.488585,0.529606,3,0
0.502869,0.490172,0.531071,3,0
0.503113,0.491515,0.531071,3,0
0.503724,0.489195,0.531315,3,0
0.503846,0.491027,0.531193,3,0
0.503235,0.49237,0.531803,3,0
0.503479,0.491271,0.531437,3,0
0.504212,0.491881,0.531437,3,0
0.504334,0.492736,0.532658,3,0
0.505555,0.492492,0.532536,3,0
0.505311,0.492614,0.532902,3,0
0.504334,0.491515,0.532902,3,0
0.503846,0.492248,0.533024,3,0
0.503846,0.492248,0.533512,3,0
0.504212,0.492492,0.533634,3,0
0.504212,0.492248,0.53339,3,0
0.503357,0.492248,0.53339,3,0
0.503235,0.491881,0.532414,3,0
0.502747,0.491149,0.531559,3,0
0.502503,0.491027,0.531681,3,0
0.502503,0.491149,0.531315,3,0
0.501892,0.492003,0.531315,3,0
0.50177,0.491881,0.530949,3,0
0.502014,0.491759,0.532169,3,0
0.502014,0.491515,0.531925,3,0
0.502136,0.491271,0.532047,3,0
0.503479,0.49237,0.530949,3,0
0.507386,0.492614,0.532902,3,0
0.505799,0.492736,0.53632,3,0
0.504822,0.493346,0.536076,3,0
0.505555,0.492003,0.534611,3,0
0.509462,0.493224,0.5351,3,0
0.511415,0.493224,0.54096,3,0
0.510438,0.497497,0.543279,3,0
0.508241,0.494201,0.541692,3,0
0.505555,0.492126,0.541814,3,0
0.503479,0.492248,0.541692,3,0
0.50177,0.491759,0.540105,3,0
0.501282,0.488585,0.539495,3,0
0.498962,0.490783,0.537785,3,0
0.494445,0.491759,0.535344,3,0
0.492248,0.48419,0.534489,3,0
0.489318,0.486998,0.531071,3,0
0.485533,0.488707,0.528263,3,0
0.48419,0.488829,0.524356,3,0
0.482725,0.489928,0.517886,3,0
0.481992,0.492248,0.513613,3,0
0.481748,0.494201,0.507386,3,0
0.480527,0.491149,0.503601,3,0
0.48065,0.488463,0.502136,3,0
0.48065,0.489318,0.500671,3,0
0.480527,0.490783,0.502259,3,0
0.481382,0.49237,0.502869,3,0
0.480405,0.493102,0.506654,3,0
0.482237,0.495056,0.510072,3,0
0.482603,0.496032,0.514589,3,0
0.482847,0.497009,0.519228,3,0
0.484556,0.495056,0.525943,3,0
0.486876,0.493468,0.529728,3,0
0.487486,0.492126,0.53278,3,0
0.489806,0.493102,0.535588,3,0
0.491393,0.493835,0.534611,3,0
0.490294,0.492492,0.53339,3,0
0.491515,0.491027,0.531315,3,0
0.493224,0.488219,0.537053,3,0
0.497864,0.491027,0.535344,3,0
0.497497,0.487853,0.53864,3,0
0.499206,0.483335,0.54389,3,0
0.502014,0.488341,0.545233,3,0
0.505311,0.486387,0.550116,3,0
0.50702,0.488219,0.550971,3,0
0.505067,0.489318,0.547552,3,0
0.502869,0.486632,0.54389,3,0
0.500305,0.485045,0.540349,3,0
0.498718,0.4848,0.537419,3,0
0.496887,0.486632,0.534001,3,0
0.495178,0.487486,0.531071,3,0
0.493224,0.488219,0.530338,3,0
0.491027,0.490416,0.525699,3,0
0.489806,0.490172,0.525943,3,0
0.489562,0.492003,0.524722,3,0
0.487608,0.49237,0.522891,3,0
0.487364,0.492858,0.523379,3,0
0.486265,0.492858,0.52167,3,0
0.485167,0.492736,0.520083,3,0
0.48358,0.492248,0.519961,3,0
0.482481,0.49298,0.519228,3,0
0.481016,0.495666,0.517397,3,0
0.479795,0.496154,0.51813,3,0
0.478574,0.495544,0.518008,3,0
0.478574,0.495056,0.516909,3,0
0.477842,0.494567,0.516054,3,0
0.476743,0.494201,0.515444,3,0
0.476621,0.494689,0.514955,3,0
0.477109,0.494079,0.516054,3,0
0.477353,0.495788,0.515688,3,0
0.478452,0.494323,0.516176,3,0
0.477842,0.49298,0.517397,3,0
0.479184,0.496765,0.514467,3,0
0.478818,0.495056,0.51581,3,0
0.479062,0.494079,0.51642,3,0
0.481138,0.49298,0.517641,3,0
0.482115,0.491149,0.522891,3,0
0.484434,0.494201,0.520816,3,0
0.486265,0.491149,0.525577,3,0
0.487975,0.492858,0.527042,3,0
0.489928,0.492248,0.531071,3,0
0.491881,0.49298,0.531437,3,0
0.492614,0.489806,0.535588,3,0
0.495666,0.49066,0.538762,3,0
0.497497,0.491637,0.537785,3,0
0.499084,0.488585,0.54389,3,0
0.502014,0.491881,0.544744,3,0
0.503601,0.492492,0.545843,3,0
0.505799,0.493102,0.548285,3,0
0.505311,0.49591,0.547308,3,0
0.504212,0.495788,0.547918,3,0
0.504212,0.495056,0.545721,3,0
0.501892,0.492614,0.543401,3,0
0.500183,0.492614,0.540227,3,0
0.49884,0.492126,0.538518,3,0
0.498962,0.493835,0.536442,3,0
0.496276,0.493591,0.534245,3,0
0.494933,0.493346,0.532902,3,0
0.493468,0.494079,0.529972,3,0
0.490905,0.495178,0.528385,3,0
0.489195,0.494689,0.527164,3,0
0.48773,0.494079,0.5246,3,0
0.486143,0.495422,0.523623,3,0
0.485289,0.496521,0.52399,3,0
0.483702,0.49591,0.523257,3,0
0.482969,0.495422,0.523013,3,0
0.482115,0.496276,0.523379,3,0
0.481748,0.497253,0.52106,3,0
0.481626,0.495788,0.519961,3,0
0.48126,0.493468,0.520938,3,0
0.481138,0.49298,0.520816,3,0
0.480527,0.494201,0.521548,3,0
0.479551,0.496521,0.520205,3,0
0.479917,0.497497,0.518984,3,0
0.479307,0.496276,0.518618,3,0
0.480039,0.494201,0.518618,3,0
0.481504,0.4953,0.518984,3,0
0.480283,0.494445,0.518862,3,0
0.481626,0.494811,0.51874,3,0
0.481138,0.496154,0.518862,3,0
0.479795,0.496276,0.519961,3,0
0.480405,0.4953,0.52167,3,0
0.481626,0.496154,0.522769,3,0
0.482603,0.495666,0.523257,3,0
0.483702,0.4953,0.524966,3,0
0.486998,0.496276,0.523501,3,0
0.485289,0.494079,0.525577,3,0
0.487608,0.493713,0.526431,3,0
0.491027,0.493102,0.528385,3,0
0.491149,0.493713,0.528507,3,0
0.491393,0.489806,0.529972,3,0
0.495178,0.489928,0.534001,3,0
0.497131,0.490172,0.5351,3,0
0.498108,0.486387,0.541448,3,0
0.502136,0.488097,0.544012,3,0
0.502747,0.489806,0.546453,3,0
0.503968,0.490416,0.549872,3,0
0.50409,0.491637,0.550482,3,0
0.50409,0.491637,0.549383,3,0
0.504212,0.492126,0.547552,3,0
0.502625,0.492492,0.544012,3,0
0.500549,0.489928,0.541326,3,0
0.498474,0.488341,0.537053,3,0
0.495666,0.487975,0.534977,3,0
0.493591,0.490294,0.532902,3,0
0.49298,0.491515,0.531681,3,0
0.491759,0.491149,0.530094,3,0
0.491027,0.492614,0.528873,3,0
0.49005,0.496154,0.52692,3,0
0.487608,0.495178,0.52753,3,0
0.485899,0.495178,0.526187,3,0
0.485411,0.494933,0.525943,3,0
0.484556,0.496398,0.524356,3,0
0.483946,0.496032,0.523257,3,0
0.48358,0.496154,0.521548,3,0
0.482725,0.497253,0.519106,3,0
0.482359,0.496765,0.517886,3,1
0.480894,0.497253,0.517275,3,0
0.480161,0.497619,0.516909,3,0
0.479917,0.497864,0.518252,3,0
0.479429,0.498962,0.518374,3,0
0.479673,0.498962,0.516909,3,0
0.478208,0.496887,0.516787,3,0
0.478696,0.496398,0.516909,3,0
0.479062,0.496276,0.516665,3,0
0.479551,0.497009,0.516543,3,0
0.479062,0.496643,0.517275,3,0
0.480527,0.498352,0.515444,3,0
0.481138,0.495666,0.517153,3,0
0.479917,0.493957,0.520571,3,0
0.483213,0.49823,0.51874,3,0
0.482969,0.496398,0.522403,3,0
0.481748,0.494323,0.523623,3,0
0.483824,0.494689,0.522769,3,0
0.485167,0.492126,0.528141,3,0
0.485899,0.495178,0.52692,3,0
0.485899,0.491759,0.530827,3,0
0.488341,0.491637,0.532292,3,0
0.488585,0.490905,0.531681,3,0
0.491515,0.487608,0.535954,3,0
0.492614,0.488707,0.536809,3,0
0.493713,0.488707,0.537297,3,0
0.495056,0.487364,0.53925,3,0
0.49591,0.488341,0.538762,3,0
0.496521,0.487486,0.542303,3,0
0.497741,0.488463,0.542791,3,0
0.498474,0.488951,0.544256,3,0
0.497986,0.489562,0.544744,3,0
0.49823,0.488585,0.543645,3,0
0.498108,0.486265,0.542913,3,0
0.496887,0.487242,0.540838,3,0
0.495788,0.488341,0.539006,3,0
0.494933,0.488219,0.537663,3,0
0.492614,0.488463,0.534611,3,0
0.492003,0.488829,0.533879,3,0
0.492126,0.490905,0.531803,3,0
0.489806,0.492492,0.53046,3,0
0.48944,0.494323,0.528995,3,0
0.488707,0.493468,0.527896,3,0
0.486998,0.493957,0.526187,3,0
0.485777,0.496521,0.524478,3,0
0.484678,0.497497,0.523501,3,0
0.482847,0.496887,0.52106,3,0
0.482481,0.494689,0.51874,3,0
0.481382,0.494201,0.516176,3,1
0.48065,0.495422,0.515566,3,0
0.479307,0.494811,0.515078,3,0
0.47833,0.494689,0.5152,3,0
0.477964,0.495422,0.515322,3,0
0.478086,0.496887,0.513857,3,0
0.478696,0.497497,0.511415,3,0
0.477353,0.494567,0.510682,3,0
0.478086,0.494079,0.510438,3,0
0.478696,0.495666,0.510438,3,0
0.478696,0.495178,0.511781,3,0
0.479184,0.494811,0.512636,3,0
0.479184,0.49237,0.5152,3,0
0.479673,0.493224,0.515932,3,0
0.479429,0.49237,0.516543,3,0
0.481748,0.492492,0.522281,3,0
0.480894,0.493102,0.521792,3,0
0.483091,0.490294,0.525943,3,0
0.484312,0.491881,0.528141,3,0
0.4848,0.492003,0.528141,3,0
0.487364,0.490538,0.533634,3,0
0.489928,0.49237,0.532902,3,0
0.489928,0.489195,0.533024,3,0
0.492126,0.488341,0.537053,3,0
0.494811,0.490538,0.538884,3,0
0.495788,0.491149,0.540593,3,0
0.495666,0.491149,0.542669,3,0
0.498352,0.491393,0.541448,3,0
0.499084,0.492248,0.542547,3,0
0.500061,0.493591,0.544256,3,0
0.500916,0.494689,0.54743,3,0
0.500305,0.496765,0.546087,3,0
0.497864,0.494567,0.544378,3,0
0.497009,0.492736,0.543645,3,0
0.495422,0.490905,0.541326,3,0
0.495422,0.489195,0.539861,3,0
0.494567,0.489928,0.536687,3,0
0.492736,0.488707,0.534245,3,0
0.491027,0.489562,0.531193,3,0
0.488829,0.492003,0.528141,3,0
0.488097,0.493346,0.527042,3,0
0.486998,0.494811,0.524722,3,0
0.486021,0.493102,0.523746,3,0
0.484922,0.492248,0.521548,3,0
0.483824,0.493468,0.519839,3,0
0.481992,0.496887,0.517397,3,0
0.48126,0.498474,0.516054,3,0
0.479673,0.49823,0.514711,3,0
0.479184,0.496276,0.515688,3,1
0.478574,0.496765,0.515932,3,0
0.477964,0.496643,0.514711,3,0
0.477475,0.495788,0.514711,3,0
0.476865,0.49591,0.513613,3,0
0.476865,0.496521,0.513979,3,0
0.477964,0.497497,0.513735,3,0
0.477231,0.496154,0.512636,3,0
0.477109,0.495788,0.514101,3,0
0.477964,0.497741,0.512147,3,0
0.477842,0.494933,0.513979,3,0
0.479917,0.493957,0.515688,3,0
0.480894,0.496276,0.51349,3,0
0.48065,0.493835,0.517519,3,0
0.481992,0.495788,0.518374,3,0
0.48187,0.493346,0.521426,3,0
0.484068,0.492614,0.524356,3,0
0.484434,0.49237,0.526187,3,0
0.487975,0.491271,0.531437,3,0
0.488463,0.490905,0.531681,3,0
0.490172,0.488829,0.536809,3,0
0.492736,0.489684,0.5351,3,0
0.493713,0.486387,0.538518,3,0
0.495056,0.489562,0.540593,3,0
0.496154,0.48944,0.538274,3,0
0.495422,0.487242,0.540715,3,0
0.498352,0.490905,0.54157,3,0
0.49823,0.490783,0.541692,3,0
0.49823,0.490783,0.543645,3,0
0.500183,0.491637,0.544256,3,0
0.500061,0.491393,0.54389,3,0
0.499695,0.490783,0.543279,3,0
0.498352,0.490416,0.543157,3,0
0.497375,0.49005,0.541814,3,0
0.496643,0.489195,0.540227,3,0
0.495666,0.489684,0.538518,3,0
0.493835,0.490294,0.536076,3,0
0.49237,0.489806,0.535344,3,0
0.491759,0.492003,0.53278,3,0
0.489928,0.493713,0.52985,3,0
0.488707,0.493102,0.529606,3,0
0.487486,0.493102,0.528019,3,0
0.48651,0.495178,0.5246,3,0
0.486021,0.496643,0.523868,3,0
0.485167,0.498108,0.522647,3,0
0.484434,0.497864,0.520816,3,0
0.483946,0.497375,0.519473,3,0
0.483335,0.49884,0.51813,3,0
0.482115,0.499206,0.515932,3,0
0.482115,0.498718,0.516176,3,1
0.480894,0.499084,0.515688,3,0
0.480039,0.499084,0.516054,3,0
0.479429,0.499939,0.515444,3,0
0.47833,0.49823,0.515078,3,0
0.479307,0.498474,0.517153,3,0
0.479429,0.498718,0.516543,3,0
0.479551,0.497009,0.516543,3,0
0.479551,0.496276,0.516176,3,0
0.479062,0.495666,0.515688,3,0
0.481382,0.496276,0.517886,3,0
0.480894,0.497253,0.514833,3,0
0.482115,0.493346,0.520083,3,0
0.484678,0.497253,0.519473,3,0
0.481382,0.498108,0.520327,3,0
0.485655,0.496276,0.526309,3,0
0.485899,0.499084,0.522525,3,0
0.483824,0.489928,0.528019,3,0
0.487486,0.494811,0.530216,3,0
0.486998,0.493468,0.531193,3,0
0.49066,0.485899,0.539006,3,0
0.492858,0.487608,0.542303,3,0
0.493591,0.487608,0.544134,3,0
0.495056,0.488463,0.546331,3,0
0.497497,0.489562,0.545721,3,0
0.497375,0.490416,0.543768,3,0
0.497009,0.490905,0.543157,3,0
0.496765,0.492492,0.544134,3,0
0.496765,0.492248,0.541936,3,0
0.496643,0.489928,0.54157,3,0
0.497131,0.490783,0.54157,3,0
0.495666,0.489684,0.539617,3,0
0.496276,0.487853,0.538762,3,0
0.495056,0.489195,0.536198,3,0
0.494079,0.48944,0.534245,3,0
0.492248,0.489928,0.533146,3,0
0.491393,0.490905,0.53278,3,0
0.490905,0.493468,0.531559,3,0
0.488707,0.494811,0.530094,3,0
0.488097,0.494445,0.529361,3,0
0.487486,0.494323,0.527164,3,0
0.48651,0.494689,0.525699,3,0
0.485533,0.4953,0.525699,3,0
0.484068,0.497375,0.523623,3,0
0.482969,0.498352,0.523746,3,0
0.482359,0.499939,0.522525,3,0
0.482237,0.500183,0.521182,3,0
0.481382,0.500183,0.520327,3,0
0.481016,0.499817,0.518008,3,1
0.480772,0.498962,0.517397,3,0
0.480161,0.498718,0.515688,3,0
0.478818,0.497741,0.515932,3,0
0.478574,0.49823,0.516665,3,0
0.478696,0.499451,0.515688,3,0
0.479795,0.498352,0.514467,3,0
0.478208,0.497864,0.51349,3,0
0.479429,0.498962,0.51288,3,0
0.481016,0.498718,0.51349,3,0
0.480039,0.497619,0.513002,3,0
0.481138,0.496643,0.515566,3,0
0.481748,0.497986,0.515688,3,0
0.480772,0.496887,0.518374,3,0
0.482969,0.496521,0.521548,3,0
0.483335,0.499451,0.519839,3,0
0.482481,0.493835,0.524356,3,0
0.483702,0.491637,0.527896,3,0
0.487242,0.496154,0.527652,3,0
0.489195,0.494933,0.534123,3,0
0.49005,0.496398,0.533024,3,0
0.491881,0.492736,0.538884,3,0
0.494567,0.494567,0.539495,3,0
0.494933,0.49066,0.541936,3,0
0.497741,0.491881,0.542913,3,0
0.498596,0.491881,0.54389,3,0
0.498962,0.49298,0.543645,3,0
0.500061,0.493102,0.543401,3,0
0.500549,0.495788,0.544744,3,0
0.50116,0.496398,0.544744,3,0
0.501282,0.496887,0.544866,3,0
0.500671,0.496398,0.54389,3,0
0.499939,0.496276,0.542303,3,0
0.497986,0.495178,0.540838,3,0
0.497009,0.493713,0.539617,3,0
0.49591,0.494201,0.537785,3,0
0.494079,0.493713,0.53632,3,0
0.492736,0.493468,0.534611,3,0
0.491515,0.494079,0.532169,3,0
0.489806,0.494689,0.532047,3,0
0.488585,0.496276,0.529972,3,0
0.488585,0.497986,0.528263,3,0
0.488341,0.497986,0.52753,3,0
0.487486,0.497253,0.527652,3,0
0.486632,0.497497,0.525821,3,0
0.485655,0.499939,0.524112,3,0
0.48419,0.500671,0.523257,3,0
0.483457,0.500549,0.520816,3,0
0.481992,0.497986,0.520449,3,1
0.481748,0.495422,0.520083,3,0
0.480772,0.496032,0.51874,3,0
0.479551,0.497864,0.519595,3,0
0.479429,0.499206,0.51813,3,0
0.47894,0.499084,0.517519,3,0
0.480039,0.498718,0.515444,3,0
0.479795,0.497253,0.513613,3,0
0.479673,0.497619,0.513857,3,0
0.480039,0.498108,0.514345,3,0
0.479551,0.49823,0.514345,3,0
0.48126,0.497253,0.515688,3,0
0.478818,0.497741,0.515932,3,0
0.47894,0.495422,0.518374,3,0
0.481504,0.494689,0.520816,3,0
0.481992,0.496765,0.51874,3,0
0.480772,0.492492,0.523746,3,0
0.48358,0.493591,0.524966,3,0
0.486265,0.494445,0.528995,3,0
0.486754,0.496521,0.532414,3,0
0.487975,0.495666,0.534489,3,0
0.489562,0.496398,0.537053,3,0
0.49005,0.495666,0.534001,3,0
0.491149,0.492126,0.535832,3,0
0.493835,0.49237,0.5351,3,0
0.494689,0.492126,0.534245,3,0
0.4953,0.49066,0.535954,3,0
0.496398,0.491271,0.537297,3,0
0.496521,0.491881,0.540105,3,0
0.497619,0.493468,0.542669,3,0
0.498962,0.493713,0.544988,3,0
0.499573,0.493835,0.545965,3,0
0.499573,0.493224,0.54511,3,0
0.499451,0.493102,0.545233,3,0
0.498474,0.493102,0.542791,3,0
0.497131,0.492492,0.540838,3,0
0.496276,0.491759,0.53925,3,0
0.494445,0.491515,0.536565,3,0
0.493835,0.490538,0.535588,3,0
0.492858,0.491515,0.533634,3,0
0.491515,0.492614,0.531193,3,0
0.49005,0.494079,0.530216,3,0
0.488951,0.494567,0.528629,3,0
0.488463,0.495178,0.528507,3,0
0.486754,0.496276,0.526676,3,0
0.484678,0.496887,0.526187,3,0
0.483824,0.49884,0.525821,3,0
0.483091,0.499206,0.52399,3,0
0.482603,0.498108,0.523013,3,0
0.482237,0.497741,0.521548,3,1
0.482481,0.498108,0.519473,3,0
0.481992,0.498352,0.517031,3,0
0.480894,0.496521,0.518252,3,0
0.480894,0.496887,0.517641,3,0
0.48065,0.497741,0.516176,3,0
0.480283,0.497375,0.515078,3,0
0.480527,0.496276,0.515322,3,0
0.480894,0.496521,0.513613,3,0
0.480772,0.496521,0.5152,3,0
0.48187,0.496521,0.516909,3,0
0.480894,0.497619,0.515688,3,0
0.481138,0.496398,0.518252,3,0
0.48065,0.496398,0.518252,3,0
0.483213,0.497497,0.516909,3,0
0.482359,0.4953,0.519717,3,0
0.48126,0.494323,0.517886,3,0
0.482237,0.49237,0.523013,3,0
0.483335,0.495422,0.523257,3,0
0.48419,0.493224,0.524478,3,0
0.48651,0.48773,0.531315,3,0
0.488829,0.491271,0.530338,3,0
0.488707,0.48944,0.5351,3,0
0.49237,0.486754,0.537907,3,0
0.492614,0.486998,0.541814,3,0
0.493346,0.488463,0.541448,3,0
0.493468,0.485899,0.54389,3,0
0.4953,0.487242,0.546575,3,0
0.497741,0.490294,0.545965,3,0
0.497497,0.490172,0.54511,3,0
0.498718,0.491271,0.544012,3,0
0.497864,0.490905,0.540838,3,0
0.497253,0.490905,0.53925,3,0
0.494445,0.490172,0.538274,3,0
0.493102,0.490783,0.537053,3,0
0.492492,0.491149,0.536198,3,0
0.49237,0.492003,0.535588,3,0
0.491881,0.49237,0.533634,3,0
0.49066,0.490783,0.532292,3,0
0.48944,0.491637,0.531071,3,0
0.488219,0.492858,0.529972,3,0
0.487608,0.494567,0.528507,3,0
0.485899,0.495056,0.527042,3,0
0.485655,0.494201,0.526554,3,0
0.485289,0.493346,0.525943,3,0
0.485045,0.494445,0.525088,3,0
0.484434,0.494323,0.524966,3,0
0.482969,0.496521,0.523257,3,0
0.481504,0.497375,0.522036,3,0
0.48187,0.497131,0.521792,3,1
0.481138,0.498108,0.519717,3,0
0.481138,0.497986,0.519961,3,0
0.481138,0.499695,0.518374,3,0
0.480527,0.499329,0.518008,3,0
0.480894,0.499329,0.516054,3,0
0.48126,0.496276,0.516298,3,0
0.481626,0.496154,0.515322,3,0
0.483091,0.497009,0.51349,3,0
0.483457,0.497009,0.514955,3,0
0.48187,0.499329,0.514223,3,0
0.480527,0.496154,0.513979,3,0
0.483213,0.49591,0.517641,3,0
0.481016,0.499939,0.516543,3,0
0.48126,0.496032,0.522403,3,0
0.485777,0.497131,0.52399,3,0
0.485777,0.495788,0.522403,4,0
0.487608,0.492248,0.526676,4,0
0.49066,0.495422,0.526187,4,0
0.493468,0.496154,0.522281,4,0
0.494201,0.487608,0.52753,4,0
0.498962,0.491637,0.526309,4,0
0.499695,0.488463,0.527286,4,0
0.503113,0.486876,0.53632,4,0
0.506654,0.492248,0.534611,4,0
0.509828,0.487853,0.543768,4,0
0.511293,0.486143,0.545965,4,0
0.51056,0.485045,0.546209,4,0
0.512025,0.483946,0.548285,4,0
0.512147,0.495666,0.543768,4,0
0.516665,0.506287,0.537175,4,0
0.525577,0.500061,0.534001,4,0
0.534489,0.493591,0.53046,4,0
0.541814,0.489562,0.524722,4,0
0.550604,0.486021,0.52167,4,0
0.556953,0.481382,0.516054,4,0
0.55561,0.476499,0.511537,4,0
0.550116,0.477231,0.508851,4,0
0.541448,0.476499,0.511171,4,0
0.531437,0.47833,0.511903,4,0
0.528019,0.477719,0.515078,4,0
0.526187,0.474179,0.513002,4,0
0.524722,0.476499,0.51349,4,0
0.524356,0.481504,0.512025,4,0
0.521792,0.479062,0.516054,4,0
0.522036,0.482969,0.518252,4,0
0.518862,0.489195,0.518862,4,0
0.517763,0.484434,0.518252,4,0
0.516787,0.479307,0.516543,4,0
0.517153,0.476865,0.513735,4,0
0.516787,0.473324,0.507752,4,0
0.517519,0.470394,0.504944,4,0
0.515932,0.467708,0.499573,4,0
0.514955,0.464778,0.492858,4,0
0.516543,0.462947,0.485655,4,0
0.518252,0.460261,0.480283,4,0
0.523501,0.457697,0.479307,4,0
0.530582,0.459895,0.478696,4,0
0.543523,0.458674,0.482359,4,0
0.548773,0.455378,0.485045,4,0
0.549383,0.454523,0.489562,4,0
0.548651,0.458796,0.491149,4,0
0.548285,0.458308,0.494323,4,0
0.546942,0.452448,0.502136,4,0
0.546575,0.453058,0.506043,4,0
0.546331,0.455744,0.50934,4,0
0.542058,0.457087,0.515444,4,0
0.5351,0.462581,0.532292,4,0
0.530216,0.475766,0.537785,4,0
0.526798,0.489928,0.546942,4,0
0.527164,0.493346,0.563423,4,0
0.528995,0.50116,0.569894,4,0
0.527652,0.517886,0.560005,4,0
0.521914,0.527774,0.548651,4,0
0.51813,0.523379,0.542425,4,0
0.518252,0.514345,0.536565,4,0
0.522281,0.501648,0.534611,4,0
0.526187,0.485777,0.535466,4,0
0.529972,0.472836,0.534733,4,0
0.531803,0.465023,0.532169,4,0
0.530704,0.460383,0.526676,4,0
0.529972,0.451105,0.524966,4,0
0.530582,0.440728,0.5246,4,0
0.527652,0.436699,0.517519,4,0
0.520693,0.43499,0.510194,4,0
0.509462,0.436699,0.499084,4,0
0.490905,0.443658,0.482847,4,0
0.476987,0.449029,0.478452,4,0
0.474667,0.454157,0.48187,4,0
0.482969,0.456477,0.491637,4,0
0.498962,0.457697,0.503113,4,0
0.510438,0.457575,0.510316,4,0
0.522281,0.454035,0.519717,4,0
0.531193,0.453913,0.525455,4,0
0.532169,0.4649,0.524234,4,0
0.532292,0.467586,0.530827,4,0
0.531193,0.472592,0.532414,4,0
0.526798,0.48187,0.528751,4,0
0.5246,0.483824,0.529239,4,0
0.518862,0.485655,0.531803,4,0
0.517519,0.488951,0.523379,4,0
0.513246,0.489684,0.519961,4,0
0.507874,0.482603,0.522769,4,0
0.505677,0.479795,0.522403,4,0
0.504822,0.477109,0.522647,4,0
0.502625,0.473324,0.523868,4,0
0.500549,0.473569,0.523257,4,0
0.498718,0.474667,0.521426,4,0
0.496398,0.472714,0.52167,4,0
0.493224,0.470761,0.523379,4,0
0.491759,0.469662,0.523868,4,0
0.49066,0.467953,0.526187,4,0
0.488341,0.470639,0.527774,4,0
0.487608,0.473813,0.527896,4,0
0.488219,0.476743,0.527896,4,0
0.488951,0.481016,0.526554,4,0
0.489562,0.483702,0.523135,4,0
0.492248,0.485289,0.522769,4,0
0.493102,0.484922,0.523135,4,0
0.494201,0.482603,0.524234,4,0
0.496154,0.486632,0.523746,4,0
0.497986,0.483824,0.524478,4,0
0.501892,0.486632,0.525943,4,0
0.506654,0.486021,0.527652,4,0
0.507386,0.486021,0.529239,4,0
0.506043,0.490416,0.529606,4,0
0.506409,0.492126,0.530338,4,0
0.506654,0.491637,0.530704,4,0
0.505799,0.491393,0.531437,4,0
0.503724,0.491027,0.532047,4,0
0.501038,0.492126,0.53339,4,0
0.499695,0.49066,0.534611,4,0
0.500061,0.49005,0.534977,4,0
0.499695,0.49005,0.534855,4,0
0.499695,0.490172,0.534367,4,0
0.499817,0.489928,0.53278,4,0
0.500427,0.491149,0.531559,4,0
0.500916,0.491759,0.530094,4,0
0.501892,0.491271,0.529728,4,0
0.50177,0.491393,0.529972,4,0
0.502747,0.491271,0.530338,4,0
0.503724,0.491637,0.531803,4,0
0.503601,0.49237,0.532292,4,0
0.503479,0.493591,0.532169,4,0
0.503968,0.494933,0.534489,4,0
0.503479,0.49591,0.535222,4,0
0.502014,0.494323,0.534001,4,0
0.501404,0.493468,0.533024,4,0
0.50177,0.493468,0.533024,4,0
0.501526,0.494079,0.532902,4,0
0.501648,0.493713,0.533024,4,0
0.501526,0.494567,0.533268,4,0
0.501038,0.494079,0.532902,4,0
0.501526,0.493957,0.532902,4,0
0.50177,0.494933,0.533634,4,0
0.500916,0.494323,0.532902,4,0
0.500794,0.494079,0.53278,4,0
0.501038,0.494323,0.533634,4,0
0.501038,0.494323,0.533024,4,0
0.50116,0.494567,0.533024,4,0
0.501038,0.494811,0.532902,4,0
0.500794,0.494323,0.53278,4,0
0.500916,0.494567,0.532902,4,0
0.50116,0.494567,0.533024,4,0
0.501038,0.494445,0.533146,4,0
0.50116,0.494689,0.53339,4,0
0.500916,0.494445,0.53278,4,0
0.500916,0.494201,0.53278,4,0
0.501038,0.494689,0.533024,4,0
0.500916,0.494445,0.533024,4,0
0.501038,0.494445,0.533146,4,0
0.50116,0.494201,0.532658,4,0
0.500916,0.494079,0.532658,4,0
0.500916,0.494445,0.533024,4,0
0.500916,0.494445,0.533024,4,0
0.500794,0.493957,0.532902,4,0
0.501038,0.494079,0.53278,4,0
0.501038,0.494567,0.532536,4,0
0.50116,0.494079,0.532658,4,0
0.501038,0.493957,0.532658,4,0
0.500916,0.493713,0.532536,4,0
0.50116,0.493957,0.532902,4,0
0.501892,0.493468,0.533146,4,0
0.502747,0.492248,0.53046,4,0
0.504212,0.475644,0.527286,4,0
0.500305,0.466732,0.524234,4,0
0.49884,0.475766,0.523379,4,0
0.493591,0.483702,0.520083,4,0
0.491759,0.482237,0.52106,4,0
0.493468,0.487853,0.518984,4,0
0.496398,0.486265,0.520938,4,0
0.500061,0.490905,0.522891,4,0
0.50177,0.496765,0.530949,4,0
0.5047,0.507142,0.530094,4,0
0.509217,0.505067,0.530094,4,0
0.515566,0.493102,0.531925,4,0
0.523257,0.484312,0.530094,4,0
0.529972,0.480161,0.530338,4,0
0.529484,0.488707,0.523746,4,0
0.528751,0.439873,0.551825,4,0
0.518862,0.472714,0.523623,4,0
0.515322,0.492492,0.514467,4,0
0.516298,0.488219,0.512025,4,0
0.520083,0.48944,0.514589,4,0
0.525211,0.476865,0.522158,4,0
0.52399,0.482359,0.516787,4,0
0.52399,0.481504,0.514833,4,0
0.524722,0.481016,0.513735,4,0
0.526065,0.479062,0.513735,4,0
0.526431,0.480283,0.513735,4,0
0.525821,0.481504,0.510805,4,0
0.526065,0.479062,0.512392,4,0
0.527286,0.481016,0.5152,4,0
0.527164,0.476377,0.517763,4,0
0.526065,0.482237,0.514833,4,0
0.526187,0.487486,0.512636,4,0
0.527652,0.491271,0.510805,4,0
0.532169,0.491271,0.511903,4,0
0.532169,0.489562,0.511903,4,0
0.530704,0.493957,0.509217,4,0
0.533268,0.491881,0.509828,4,0
0.532414,0.490416,0.516054,4,0
0.530338,0.489684,0.516787,4,0
0.530827,0.490538,0.513124,4,0
0.531437,0.489562,0.512392,4,0
0.530338,0.491759,0.51056,4,0
0.529239,0.490172,0.510682,4,0
0.531193,0.487242,0.50995,4,0
0.531315,0.493835,0.511049,4,0
0.530949,0.500183,0.508973,4,0
0.531315,0.492614,0.512147,4,0
0.531803,0.497741,0.514467,4,0
0.532658,0.495422,0.515688,4,0
0.532902,0.49884,0.514711,4,0
0.534001,0.496154,0.512636,4,0
0.531803,0.495788,0.511537,4,0
0.531559,0.49823,0.510805,4,0
0.533146,0.500671,0.510682,4,0
0.534001,0.499817,0.511415,4,0
0.533268,0.498962,0.511537,4,0
0.532536,0.500183,0.510682,4,0
0.532047,0.499817,0.51056,4,0
0.532169,0.500427,0.511049,4,0
0.53339,0.500183,0.51056,4,0
0.5351,0.500427,0.51056,4,0
0.533879,0.50177,0.510927,4,0
0.532902,0.50177,0.510682,4,0
0.533512,0.501526,0.510682,4,0
0.533757,0.501526,0.510194,4,0
0.532658,0.501404,0.510805,4,0
0.532414,0.501038,0.51056,4,0
0.532658,0.50177,0.510194,4,0
0.53278,0.501526,0.510316,4,0
0.533268,0.501404,0.510072,4,0
0.533757,0.501038,0.510194,4,0
0.533634,0.502136,0.510194,4,0
0.53278,0.501648,0.510194,4,0
0.53278,0.501892,0.509706,4,0
0.533146,0.502014,0.510194,4,0
0.533024,0.50116,0.50995,4,0
0.532536,0.502014,0.508851,4,0
0.533634,0.502381,0.508485,4,0
0.533024,0.50177,0.509217,4,0
0.533757,0.504456,0.507752,4,0
0.534489,0.504334,0.507386,4,0
0.534001,0.503235,0.508241,4,0
0.533879,0.502136,0.508241,4,0
0.533268,0.506165,0.507386,4,0
0.534367,0.506532,0.507264,4,0
0.533146,0.504822,0.508485,4,0
0.53278,0.505433,0.508363,4,0
0.533268,0.505433,0.508729,4,0
0.532902,0.504212,0.508119,4,0
0.533512,0.5047,0.508363,4,0
0.534001,0.505433,0.508973,4,0
0.533146,0.505311,0.50934,4,0
0.533879,0.504944,0.509462,4,0
0.533268,0.505677,0.508607,4,0
0.533024,0.505067,0.508607,4,0
0.532292,0.505067,0.508729,4,0
0.532902,0.504334,0.509217,4,0
0.533757,0.504334,0.508607,4,0
0.533512,0.502625,0.508851,4,0
0.533757,0.504456,0.508729,4,0
0.532902,0.504334,0.508241,4,0
0.533268,0.506287,0.507752,4,0
0.533268,0.504822,0.508363,4,0
0.532902,0.503968,0.508973,4,0
0.53339,0.505311,0.508607,4,0
0.53339,0.5047,0.508729,4,0
0.533512,0.505311,0.508607,4,0
0.533268,0.505433,0.508363,4,0
0.533268,0.505067,0.508607,4,0
0.533268,0.505311,0.508973,4,0
0.533024,0.505067,0.508363,4,0
0.53339,0.504944,0.508485,4,0
0.533268,0.505555,0.508241,4,0
0.533512,0.504944,0.507997,4,0
0.533757,0.5047,0.508485,4,0
0.533268,0.505189,0.508607,4,0
0.533268,0.505189,0.508363,4,0
0.533024,0.505555,0.508729,4,0
0.533024,0.505311,0.508241,4,0
0.533512,0.505189,0.508119,4,0
0.53339,0.505677,0.508119,4,0
0.53339,0.505799,0.508241,4,0
0.533268,0.504578,0.508241,4,0
0.533268,0.504334,0.508363,4,0
0.533146,0.504334,0.508485,4,0
0.53339,0.503968,0.508607,4,0
0.533512,0.504334,0.508363,4,0
0.533512,0.505921,0.508241,4,0
0.533512,0.505189,0.50763,4,0
0.533512,0.504822,0.507752,4,0
0.533268,0.505189,0.507997,4,0
0.533512,0.5047,0.508363,4,0
0.533512,0.504944,0.507997,4,0
0.533512,0.504822,0.507874,4,0
0.533634,0.504944,0.508119,4,0
0.533268,0.504334,0.508607,4,0
0.533146,0.504578,0.508485,4,0
0.533146,0.505189,0.508119,4,0
0.533512,0.5047,0.507997,4,0
0.533146,0.505433,0.508119,4,0
0.533268,0.505067,0.508241,4,0
0.533512,0.504822,0.507997,4,0
0.53339,0.505067,0.507752,4,0
0.533757,0.505189,0.508119,4,0
0.533268,0.505311,0.508119,4,0
0.53339,0.505433,0.507752,4,0
0.533512,0.505555,0.507997,4,0
0.533146,0.505189,0.50763,4,0
0.533024,0.505067,0.507752,4,0
0.533879,0.505067,0.508363,4,0
0.53339,0.505311,0.507997,4,0
0.533757,0.505189,0.507997,4,0
0.532902,0.504822,0.507997,4,0
0.532902,0.504456,0.507997,4,0
0.53339,0.504456,0.508607,4,0
0.533268,0.504578,0.507752,4,0
0.533879,0.505555,0.508363,4,0
0.534123,0.504822,0.507997,4,0
0.533512,0.504822,0.507874,4,0
0.533268,0.505067,0.508119,4,0
0.53278,0.50409,0.508729,4,0
0.533146,0.503724,0.508973,4,0
0.533757,0.504822,0.508363,4,0
0.533268,0.5047,0.508119,4,0
0.533879,0.503846,0.508973,4,0
0.533757,0.505555,0.507508,4,0
0.532902,0.504456,0.508119,4,0
0.533512,0.503357,0.508485,4,0
0.53339,0.502503,0.509217,4,0
0.533512,0.503968,0.508241,4,0
0.534367,0.502991,0.508607,4,0
0.53339,0.502991,0.508485,4,0
0.532902,0.503479,0.50934,4,0
0.532902,0.502381,0.509462,4,0
0.53278,0.501648,0.509462,4,0
0.533024,0.502869,0.509095,4,0
0.53278,0.501526,0.508729,4,0
0.534123,0.500061,0.510316,4,0
0.534001,0.501526,0.509706,4,0
0.533024,0.502381,0.508851,4,0
0.533146,0.500305,0.510805,4,0
0.532658,0.500061,0.510927,4,0
0.533024,0.499451,0.511415,4,0
0.533634,0.500305,0.510805,4,0
0.533268,0.500916,0.510805,4,0
0.534001,0.500794,0.511659,4,0
0.534977,0.500305,0.512514,4,0
0.533634,0.499329,0.514589,4,0
0.534245,0.497253,0.514223,4,0
0.541814,0.49237,0.518618,4,0
0.547552,0.474179,0.531315,4,0
0.54975,0.475888,0.535832,4,0
0.545843,0.474667,0.536442,4,0
0.551703,0.471127,0.525088,4,0
0.546087,0.480039,0.526187,4,0
0.541936,0.48358,0.521914,4,0
0.537663,0.4848,0.52106,4,0
0.528385,0.491637,0.51874,4,0
0.521548,0.49591,0.51227,4,0
0.513613,0.499817,0.509095,4,0
0.507264,0.49884,0.510194,4,0
0.503235,0.498352,0.511171,4,0
0.500549,0.498596,0.51288,4,0
0.497009,0.498474,0.516665,4,0
0.49237,0.495788,0.518862,4,0
0.488707,0.49823,0.514833,4,0
0.486754,0.490172,0.518252,4,0
0.484922,0.4754,0.519839,4,0
0.482969,0.458186,0.521304,4,0
0.482603,0.454767,0.520083,4,0
0.48651,0.457331,0.522281,4,0
0.486876,0.464168,0.52399,4,0
0.490416,0.472226,0.526676,4,0
0.495056,0.480772,0.527896,4,0
0.50116,0.485533,0.529484,4,0
0.502747,0.489195,0.532414,4,0
0.504944,0.493346,0.532902,4,0
0.507997,0.493957,0.533512,4,0
0.512514,0.496276,0.531559,4,0
0.513979,0.494201,0.530704,4,0
0.514955,0.493591,0.530827,4,0
0.513368,0.493835,0.531559,4,0
0.51349,0.495178,0.532536,4,0
0.512514,0.494445,0.532902,4,0
0.511537,0.496032,0.533512,4,0
0.509584,0.496398,0.53339,4,0
0.509217,0.496032,0.53278,4,0
0.506776,0.491393,0.535466,4,0
0.504944,0.491271,0.531437,4,0
0.506776,0.491637,0.527286,4,0
0.513002,0.498962,0.535588,4,0
0.511659,0.497741,0.545721,4,0
0.506898,0.498718,0.531071,4,0
0.511049,0.495788,0.525821,4,0
0.513979,0.491759,0.527286,4,0
0.514223,0.491393,0.532414,4,0
0.511049,0.490783,0.533268,4,0
0.509828,0.488341,0.532047,4,0
0.508851,0.485655,0.531681,4,0
0.507752,0.485655,0.533146,4,0
0.507264,0.489928,0.530949,4,0
0.504456,0.491027,0.531803,4,0
0.502747,0.491271,0.531315,4,0
0.499817,0.492858,0.531559,4,0
0.49823,0.492248,0.530338,4,0
0.496887,0.492003,0.53046,4,0
0.497253,0.486265,0.532902,4,0
0.49823,0.48187,0.534123,4,0
0.497864,0.47601,0.53339,4,0
0.486143,0.47894,0.534123,4,0
0.480405,0.489928,0.530949,4,0
0.470761,0.496398,0.526065,4,0
0.461482,0.500061,0.53046,4,0
0.459651,0.504578,0.528995,4,0
0.459895,0.51227,0.520205,4,0
0.460383,0.513246,0.517031,4,0
0.468563,0.509706,0.519228,4,0
0.494689,0.497497,0.522403,4,0
0.518862,0.487364,0.531071,4,0
0.543768,0.485045,0.53864,4,0
0.537907,0.489073,0.531193,4,0
0.519228,0.487364,0.528995,4,0
0.508851,0.485411,0.530949,4,0
0.507874,0.493591,0.529606,4,0
0.506654,0.496032,0.528995,4,0
0.507386,0.496276,0.532047,4,0
0.508729,0.495422,0.530216,4,0
0.506898,0.493468,0.531315,4,0
0.507752,0.493835,0.528995,4,0
0.500671,0.493957,0.524722,4,0
0.500427,0.494323,0.523623,4,0
0.492614,0.494079,0.522281,4,0
0.483946,0.494323,0.519961,4,0
0.482237,0.49237,0.512636,4,0
0.473691,0.494689,0.512514,4,0
0.465877,0.493957,0.510316,4,0
0.460017,0.487486,0.513368,4,0
0.453547,0.488707,0.516054,4,0
0.452326,0.484922,0.523501,4,0
0.455134,0.482115,0.525699,4,0
0.459651,0.485777,0.52106,4,0
0.465755,0.485045,0.516176,4,0
0.470028,0.488463,0.510927,4,0
0.471127,0.493713,0.508851,4,0
0.472104,0.497375,0.510316,4,0
0.472836,0.499329,0.510194,4,0
0.468197,0.502625,0.51056,4,0
0.467464,0.505067,0.511415,4,0
0.469418,0.507874,0.511171,4,0
0.467831,0.507264,0.513979,4,0
0.46954,0.506409,0.51642,4,0
0.471615,0.507386,0.517886,4,0
0.474911,0.503724,0.518862,4,0
0.478818,0.502991,0.52106,4,0
0.485899,0.502869,0.5246,4,0
0.497864,0.505067,0.517519,4,0
0.529606,0.503724,0.527896,4,0
0.554511,0.511781,0.534367,4,0
0.530216,0.484068,0.533146,4,0
0.50409,0.467708,0.539861,4,0
0.502259,0.480161,0.53339,4,0
0.501892,0.496521,0.533512,4,0
0.506898,0.502747,0.534245,4,0
0.506165,0.500305,0.535466,4,0
0.505921,0.490538,0.537419,4,0
0.505921,0.492003,0.538884,4,0
0.507997,0.494689,0.539983,4,0
0.511781,0.497131,0.536687,4,0
0.507752,0.492736,0.531681,4,0
0.508119,0.490783,0.528263,4,0
0.50702,0.484312,0.521426,4,0
0.503113,0.48419,0.524478,4,0
0.502747,0.484678,0.519473,4,0
0.500549,0.491881,0.517763,4,0
0.494933,0.493346,0.519228,4,0
0.492248,0.492126,0.517519,4,0
0.482969,0.494567,0.514223,4,0
0.479673,0.489806,0.514345,4,0
0.466121,0.492492,0.513246,4,0
0.460628,0.489928,0.518374,4,0
0.458308,0.488951,0.521914,4,0
0.454035,0.485533,0.524112,4,0
0.454767,0.482847,0.528019,4,0
0.460872,0.484678,0.526676,4,0
0.465145,0.487853,0.524112,4,0
0.470516,0.489073,0.52106,4,0
0.474179,0.490538,0.518862,4,0
0.474301,0.493224,0.518374,4,0
0.473324,0.495666,0.51874,4,0
0.473813,0.493835,0.519839,4,0
0.473324,0.493957,0.519961,4,0
0.476621,0.492126,0.523257,4,0
0.476621,0.494933,0.519595,4,0
0.481138,0.495422,0.52399,4,0
0.481504,0.491271,0.525088,4,0
0.486754,0.496032,0.523013,4,0
0.48944,0.490905,0.52985,4,0
0.488707,0.494079,0.530827,4,0
0.494689,0.499939,0.528873,4,0
0.501526,0.492614,0.531315,4,0
0.507752,0.487975,0.534245,4,0
0.508729,0.494933,0.529972,4,0
0.510438,0.493346,0.532414,4,0
0.507752,0.492003,0.531803,4,0
0.506287,0.493957,0.53046,4,0
0.503479,0.494689,0.530827,4,0
0.501892,0.496398,0.531315,4,0
0.499939,0.495666,0.532658,4,0
0.500427,0.494445,0.533268,4,0
0.501038,0.49298,0.533757,4,0
0.501404,0.492248,0.534611,4,0
0.500183,0.49298,0.534733,4,0
0.502136,0.493957,0.534489,4,0
0.50409,0.494445,0.532169,4,0
0.504822,0.494933,0.530582,4,0
0.504334,0.493713,0.529239,4,0
0.502259,0.492736,0.528629,4,0
0.5047,0.491881,0.529117,4,0
0.497864,0.490905,0.530094,4,0
0.496398,0.488463,0.532414,4,0
0.495788,0.494079,0.529606,4,0
0.490416,0.489928,0.528995,4,0
0.488707,0.490538,0.53046,4,0
0.49005,0.494201,0.530216,4,0
0.482847,0.493591,0.525943,4,0
0.482725,0.491881,0.525088,4,0
0.478818,0.49823,0.528019,4,0
0.478208,0.49591,0.52753,4,0
0.476865,0.490783,0.523257,4,0
0.472714,0.493713,0.524722,4,0
0.472714,0.494323,0.529484,4,0
0.47247,0.492736,0.52692,4,0
0.471737,0.487486,0.529484,4,0
0.474057,0.487975,0.527774,4,0
0.47601,0.488829,0.527042,4,0
0.476621,0.488341,0.529117,4,0
0.477842,0.489806,0.528019,4,0
0.476621,0.492614,0.525577,4,0
0.476254,0.492858,0.526554,4,0
0.478208,0.492858,0.526431,4,0
0.477353,0.492858,0.524356,4,0
0.479307,0.49066,0.528019,4,0
0.480039,0.494933,0.523501,4,0
0.48187,0.494689,0.524478,4,0
0.486754,0.492736,0.528507,4,0
0.489562,0.494445,0.527042,4,0
0.493468,0.492858,0.529728,4,0
0.497619,0.492614,0.530216,4,0
0.499695,0.494323,0.528141,4,0
0.507752,0.493713,0.532414,4,0
0.511171,0.494079,0.533146,4,0
0.51227,0.496032,0.531315,4,0
0.510805,0.494445,0.533879,4,1
0.50934,0.493102,0.532169,4,0
0.506776,0.492858,0.531315,4,0
0.504334,0.496032,0.531315,4,0
0.503601,0.499329,0.531193,4,0
0.503357,0.497986,0.530949,4,0
0.5047,0.494933,0.533146,4,0
0.502259,0.493957,0.533757,4,0
0.505311,0.493591,0.534733,4,0
0.508851,0.493591,0.532658,4,0
0.5047,0.49237,0.530338,4,0
0.507386,0.491515,0.531193,4,0
0.505921,0.496032,0.530338,4,0
0.503357,0.491149,0.530949,4,0
0.501404,0.494445,0.527896,4,0
0.494689,0.493835,0.528019,4,0
0.491881,0.489195,0.529972,4,0
0.491271,0.496398,0.525333,4,0
0.486998,0.488463,0.531071,4,0
0.484068,0.493102,0.527408,4,0
0.481016,0.496032,0.524722,4,0
0.475888,0.492492,0.527164,4,0
0.474667,0.497375,0.526309,4,0
0.474667,0.498108,0.527408,4,0
0.474423,0.493468,0.528873,4,0
0.473202,0.492492,0.529728,4,0
0.474789,0.490294,0.528629,4,0
0.475034,0.489073,0.528263,4,0
0.475034,0.490783,0.526798,4,0
0.4754,0.49066,0.524966,4,0
0.474789,0.491271,0.524966,4,0
0.476865,0.488341,0.529117,4,0
0.474545,0.49066,0.524722,4,0
0.47308,0.493713,0.525455,4,0
0.476254,0.491881,0.529484,4,0
0.47601,0.497131,0.522036,4,0
0.476132,0.497131,0.520083,4,0
0.480772,0.49237,0.530338,4,0
0.481138,0.494445,0.526187,4,0
0.486876,0.492492,0.527164,4,0
0.489073,0.494567,0.528019,4,0
0.491637,0.494445,0.530094,4,0
0.492858,0.493835,0.529117,4,0
0.492003,0.496765,0.525333,4,0
0.49237,0.499939,0.527286,4,0
0.499206,0.497986,0.527164,4,0
0.508851,0.495544,0.531193,4,0
0.512392,0.490783,0.532902,4,0
0.510438,0.493835,0.533146,4,0
0.50763,0.490538,0.534367,4,1
0.505555,0.491027,0.532047,4,0
0.505067,0.493102,0.531559,4,0
0.502259,0.496276,0.532047,4,0
0.500549,0.496398,0.530949,4,0
0.500305,0.493346,0.53339,4,0
0.501648,0.49298,0.533757,4,0
0.500794,0.490905,0.533268,4,0
0.502869,0.492248,0.532658,4,0
0.501526,0.492248,0.531559,4,0
0.502625,0.493102,0.531437,4,0
0.503479,0.492736,0.531437,4,0
0.501648,0.49237,0.530582,4,0
0.50116,0.492248,0.530827,4,0
0.500671,0.490783,0.529117,4,0
0.496765,0.492248,0.528629,4,0
0.494689,0.490416,0.529972,4,0
0.491881,0.495788,0.525088,4,0
0.486754,0.495666,0.525333,4,0
0.483824,0.494323,0.527408,4,0
0.482481,0.494689,0.524478,4,0
0.480283,0.493591,0.523868,4,0
0.479917,0.494689,0.527774,4,0
0.477597,0.494567,0.528995,4,0
0.476865,0.494811,0.527652,4,0
0.475766,0.495178,0.529606,4,0
0.475034,0.495178,0.531071,4,0
0.473324,0.49298,0.531437,4,0
0.474057,0.491881,0.530338,4,0
0.474301,0.492003,0.529606,4,0
0.475278,0.491271,0.529117,4,0
0.475156,0.490416,0.526798,4,0
0.476621,0.491027,0.527896,4,0
0.477719,0.490538,0.52753,4,0
0.474789,0.495056,0.523868,4,0
0.478208,0.492858,0.526798,4,0
0.478208,0.491515,0.525577,4,0
0.478452,0.496887,0.522769,4,0
0.482359,0.491393,0.529239,4,0
0.483824,0.490538,0.527652,4,0
0.484312,0.49237,0.527652,4,0
0.487242,0.492614,0.529606,4,0
0.490416,0.490538,0.530338,4,0
0.495788,0.491027,0.531315,4,0
0.498474,0.490538,0.53046,4,0
0.497009,0.492736,0.527042,4,0
0.500916,0.496643,0.525821,4,0
0.504578,0.490783,0.531315,4,0
0.510805,0.490416,0.533146,4,1
0.50934,0.494201,0.531559,4,0
0.506898,0.489928,0.533268,4,0
0.505311,0.488463,0.53278,4,0
0.502014,0.492126,0.531071,4,0
0.502503,0.494689,0.531681,4,0
0.502503,0.495422,0.531071,4,0
0.500549,0.494811,0.531437,4,0
0.500671,0.495056,0.532292,4,0
0.501526,0.492858,0.532658,4,0
0.503113,0.491637,0.531559,4,0
0.503601,0.492003,0.531193,4,0
0.504334,0.490783,0.530094,4,0
0.503846,0.489073,0.531681,4,0
0.500183,0.489684,0.529239,4,0
0.496643,0.490416,0.526431,4,0
0.490783,0.490905,0.526676,4,0
0.488707,0.493591,0.525333,4,0
0.487242,0.494323,0.524966,4,0
0.483091,0.490783,0.526187,4,0
0.481016,0.492003,0.524112,4,0
0.480527,0.490172,0.528629,4,0
0.477964,0.494323,0.528507,4,0
0.475278,0.492614,0.522647,4,0
0.474911,0.485045,0.524112,4,0
0.473446,0.493713,0.525455,4,0
0.472958,0.493346,0.524844,4,0
0.473569,0.49005,0.529117,4,0
0.472836,0.492248,0.528629,4,0
0.472958,0.490538,0.526554,4,0
0.473691,0.491149,0.523746,4,0
0.474179,0.491271,0.523746,4,0
0.474789,0.487975,0.526431,4,0
0.475034,0.489562,0.5246,4,0
0.474911,0.49237,0.526798,4,0
0.474423,0.492248,0.526187,4,0
0.476987,0.490172,0.526309,4,0
0.476132,0.492003,0.524478,4,0
0.476499,0.492126,0.522769,4,0
0.480039,0.494811,0.524478,4,0
0.483824,0.491271,0.524844,4,0
0.486021,0.487853,0.524234,4,0
0.489562,0.493468,0.527042,4,0
0.491149,0.492126,0.525943,4,0
0.494567,0.495666,0.526187,4,0
0.505311,0.491515,0.529484,4,0
0.513124,0.491759,0.532658,4,0
0.517519,0.496032,0.534245,4,0
0.512514,0.492003,0.531925,4,0
0.507752,0.491637,0.534001,4,1
0.506043,0.493713,0.534733,4,0
0.504456,0.494201,0.531681,4,0
0.503479,0.495056,0.532536,4,0
0.502991,0.497741,0.531437,4,0
0.502381,0.49591,0.532536,4,0
0.501892,0.495544,0.532414,4,0
0.503235,0.493713,0.53278,4,0
0.504822,0.492248,0.532047,4,0
0.506532,0.491637,0.534001,4,0
0.50995,0.494567,0.528873,4,0
0.502136,0.49237,0.529728,4,0
0.500549,0.488951,0.534733,4,0
0.507874,0.492614,0.529484,4,0
0.500671,0.49591,0.525943,4,0
0.496032,0.490538,0.527652,4,0
0.493591,0.491881,0.526431,4,0
0.485167,0.489562,0.526431,4,0
0.483213,0.49066,0.5246,4,0
0.480894,0.494933,0.52692,4,0
0.476254,0.496765,0.526065,4,0
0.472348,0.496398,0.524478,4,0
0.472348,0.498596,0.524844,4,0
0.469173,0.496887,0.526798,4,0
0.470028,0.495178,0.527408,4,0
0.472104,0.493468,0.528385,4,0
0.473202,0.493835,0.528263,4,0
0.47308,0.496154,0.52692,4,0
0.474545,0.494201,0.526309,4,0
0.475522,0.491637,0.527652,4,0
0.4754,0.493713,0.525577,4,0
0.475034,0.491271,0.527164,4,0
0.474179,0.492126,0.524478,4,0
0.475156,0.493957,0.524844,4,0
0.476865,0.494323,0.523746,4,0
0.477231,0.495788,0.524844,4,0
0.480527,0.493835,0.525333,4,0
0.48065,0.493468,0.523623,4,0
0.483335,0.495422,0.526798,4,0
0.48419,0.492858,0.526676,4,0
0.483946,0.494567,0.524722,4,0
0.49005,0.495666,0.528263,4,0
0.493224,0.490538,0.530216,4,0
0.495788,0.494567,0.52753,4,0
0.501404,0.494811,0.529728,4,0
0.508241,0.490783,0.532169,4,0
0.510438,0.493102,0.531315,4,0
0.507142,0.493102,0.531559,4,0
0.506043,0.492126,0.534733,4,1
0.503357,0.491637,0.532047,4,0
0.501648,0.494323,0.531559,4,0
0.502747,0.49591,0.530949,4,0
0.501038,0.495056,0.531193,4,0
0.500671,0.494323,0.53339,4,0
0.501404,0.493713,0.533879,4,0
0.501404,0.492492,0.533634,4,0
0.503846,0.493102,0.534123,4,0
0.501892,0.491515,0.53339,4,0
0.505311,0.49237,0.531803,4,0
0.504212,0.493713,0.531071,4,0
0.496643,0.491881,0.534367,4,0
0.498718,0.492248,0.532536,4,0
0.50116,0.491881,0.528629,4,0
0.493835,0.494811,0.527774,4,0
0.490905,0.492858,0.52753,4,0
0.491881,0.492248,0.526309,4,0
0.485533,0.494201,0.524112,4,0
0.48187,0.492614,0.524844,4,0
0.481504,0.498596,0.525088,4,0
0.478086,0.497253,0.524722,4,0
0.475888,0.495666,0.525821,4,0
0.471859,0.500549,0.525577,4,0
0.468563,0.498474,0.523746,4,0
0.469296,0.495178,0.52985,4,0
0.470394,0.498108,0.527408,4,0
0.472226,0.492492,0.527042,4,0
0.474911,0.489928,0.528019,4,0
0.477475,0.49005,0.527042,4,0
0.477719,0.491149,0.52753,4,0
0.477719,0.490783,0.528141,4,0
0.478086,0.492126,0.526431,4,0
0.476987,0.492736,0.525943,4,0
0.476499,0.495544,0.525577,4,0
0.476865,0.491881,0.524844,4,0
0.4754,0.496398,0.523501,4,0
0.477475,0.495422,0.526431,4,0
0.477231,0.491393,0.52399,4,0
0.481504,0.493468,0.525455,4,0
0.48419,0.493835,0.527042,4,0
0.488219,0.490172,0.52753,4,0
0.491393,0.494445,0.529361,4,0
0.496154,0.491393,0.527286,4,0
0.494445,0.495666,0.528263,4,0
0.503968,0.494445,0.528751,4,0
0.512514,0.491027,0.531681,4,0
0.516787,0.492126,0.536442,4,0
0.506409,0.493224,0.532658,4,1
0.50177,0.495056,0.533634,4,0
0.501038,0.494323,0.532414,4,0
0.502991,0.498962,0.531437,4,0
0.500916,0.496398,0.532292,4,0
0.500427,0.495544,0.532169,4,0
0.501404,0.493346,0.531925,4,0
0.50116,0.493346,0.533512,4,0
0.50177,0.495056,0.53339,4,0
0.505311,0.492858,0.532658,4,0
0.504456,0.490416,0.534367,4,0
0.506654,0.490783,0.533757,4,0
0.507264,0.49237,0.527896,4,0
0.499817,0.489562,0.530338,4,0
0.499939,0.493835,0.527774,4,0
0.495544,0.498474,0.529484,4,0
0.486998,0.492492,0.527408,4,0
0.48712,0.495666,0.523135,4,0
0.479673,0.498596,0.525088,4,0
0.479917,0.495056,0.525577,4,0
0.474911,0.49884,0.52167,4,0
0.472592,0.497131,0.522891,4,0
0.472958,0.497497,0.523501,4,0
0.468441,0.496887,0.524112,4,0
0.470272,0.496276,0.524844,4,0
0.470272,0.498352,0.524722,4,0
0.470516,0.4953,0.527774,4,0
0.470639,0.497131,0.524478,4,0
0.471493,0.495666,0.524112,4,0
0.473569,0.492858,0.526187,4,0
0.473324,0.493468,0.524966,4,0
0.473935,0.494689,0.523135,4,0
0.474057,0.496398,0.523013,4,0
0.472714,0.497253,0.523501,4,0
0.47247,0.499573,0.52167,4,0
0.468807,0.500183,0.523257,4,0
0.47308,0.499573,0.52399,4,0
0.477109,0.498352,0.524844,4,0
0.482481,0.492003,0.528995,4,0
0.485777,0.494445,0.526554,4,0
0.488707,0.498596,0.528629,4,0
0.494445,0.494079,0.531925,4,0
0.493835,0.495788,0.526798,4,0
0.498474,0.498596,0.527652,4,0
0.500549,0.497741,0.528507,4,0
0.50763,0.497253,0.528629,4,0
0.512147,0.497986,0.531925,4,0
0.51227,0.496276,0.534245,4,0
0.506776,0.494933,0.532658,4,0
0.505799,0.4953,0.534489,4,1
0.503601,0.496765,0.53278,4,0
0.50409,0.498108,0.534733,4,0
0.504944,0.498596,0.532536,4,0
0.50177,0.497986,0.53339,4,0
0.503724,0.498352,0.534001,4,0
0.506043,0.495666,0.536076,4,0
0.508363,0.495666,0.534611,4,0
0.50702,0.49237,0.531925,4,0
0.510805,0.492492,0.532658,4,0
0.506654,0.493591,0.529728,4,0
0.505921,0.492126,0.530704,4,0
0.502991,0.492248,0.528873,4,0
0.499573,0.493102,0.52692,4,0
0.493102,0.492492,0.526676,4,0
0.491515,0.495788,0.523135,4,0
0.483091,0.497619,0.524234,4,0
0.480039,0.498474,0.523379,4,0
0.476254,0.497619,0.523623,4,0
0.471371,0.494445,0.524356,4,0
0.470394,0.499573,0.525088,4,0
0.467953,0.502014,0.526065,4,0
0.466976,0.496521,0.525211,4,0
0.468685,0.494445,0.529239,4,0
0.469051,0.497009,0.528141,4,0
0.470516,0.493102,0.527286,4,0
0.471737,0.490905,0.527408,4,0
0.473202,0.490783,0.52753,4,0
0.473324,0.492492,0.524844,4,0
0.471981,0.4953,0.523746,4,0
0.472714,0.493468,0.527408,4,0
0.474179,0.493224,0.525943,4,0
0.475156,0.494445,0.52399,4,0
0.479673,0.496521,0.526309,4,0
0.480894,0.494811,0.527652,4,0
0.483702,0.494689,0.523746,4,0
0.485289,0.494323,0.5246,4,0
0.48712,0.494201,0.527652,4,0
0.491881,0.496032,0.530216,4,0
0.494201,0.493835,0.529484,4,0
0.497131,0.499573,0.528507,4,0
0.499084,0.499817,0.529239,4,0
0.503968,0.494567,0.529239,4,0
0.50995,0.494079,0.532292,4,0
0.513002,0.496398,0.535832,4,0
0.509828,0.49591,0.531315,4,0
0.5047,0.496765,0.531315,4,0
0.504212,0.498962,0.531193,4,0
0.506654,0.500061,0.531193,4,1
0.503479,0.499084,0.532047,4,0
0.500916,0.500794,0.533879,4,0
0.503357,0.499695,0.536198,4,0
0.506287,0.496643,0.535954,4,0
0.503968,0.496765,0.534977,4,0
0.508363,0.495178,0.532169,4,0
0.507997,0.494079,0.530338,4,0
0.505555,0.494567,0.532536,4,0
0.506287,0.498596,0.528751,4,0
0.497986,0.493713,0.528751,4,0
0.493591,0.496887,0.526065,4,0
0.491881,0.494079,0.526187,4,0
0.486021,0.49591,0.524722,4,0