0.511781,0.488097,0.523868,1,0
0.511659,0.487364,0.523623,1,0
0.511537,0.487486,0.523746,1,0
0.511415,0.487486,0.523746,1,0
0.511537,0.487486,0.523746,1,0
0.511659,0.487364,0.523623,1,0
0.511781,0.487364,0.52399,1,0
0.512025,0.48773,0.523623,1,0
0.512025,0.487975,0.523501,1,0
0.512147,0.488463,0.523379,1,0
0.512514,0.48773,0.523257,1,0
0.512147,0.487975,0.522769,1,0
0.511049,0.488341,0.52399,1,0
0.510682,0.487608,0.525333,1,0
0.510927,0.486876,0.524112,1,0
0.511049,0.486632,0.523746,1,0
0.510682,0.486998,0.52399,1,0
0.510438,0.486754,0.525455,1,0
0.50995,0.486265,0.525455,1,0
0.511171,0.485655,0.524478,1,0
0.511659,0.487242,0.523746,1,0
0.511537,0.487975,0.524478,1,0
0.511781,0.488219,0.524234,1,0
0.510438,0.488707,0.524478,1,0
0.508851,0.489806,0.523257,1,0
0.507752,0.48773,0.524112,1,0
0.506043,0.488829,0.525455,1,0
0.505677,0.490172,0.526309,1,0
0.506287,0.491027,0.526676,1,0
0.507264,0.491637,0.526554,1,0
0.507874,0.49237,0.526431,1,0
0.508607,0.492858,0.525333,1,0
0.509095,0.492492,0.524844,1,0
0.509462,0.491027,0.525455,1,0
0.509462,0.489684,0.525821,1,0
0.509462,0.488585,0.524966,1,0
0.509584,0.489806,0.525577,1,0
0.509462,0.492248,0.525211,1,0
0.509217,0.492248,0.525211,1,0
0.508973,0.491759,0.525577,1,0
0.508729,0.490538,0.526309,1,0
0.508363,0.489928,0.526187,1,0
0.508119,0.48944,0.525821,1,0
0.508729,0.489684,0.525088,1,0
0.508729,0.489073,0.525211,1,0
0.509217,0.488585,0.524478,1,0
0.509217,0.488097,0.524356,1,0
0.509462,0.487364,0.524722,1,0
0.509095,0.487853,0.524478,1,0
0.510072,0.487486,0.5246,1,0
0.510316,0.488707,0.524966,1,0
0.510316,0.488829,0.5246,1,0
0.509706,0.489073,0.523623,1,0
0.509828,0.487486,0.524966,1,0
0.509828,0.486632,0.525333,1,0
0.509462,0.486876,0.524112,1,0
0.509217,0.488585,0.523746,1,0
0.509095,0.488219,0.524356,1,0
0.509217,0.48712,0.524722,1,0
0.509217,0.486876,0.524112,0,0
0.509462,0.48712,0.52399,0,0
0.509706,0.486876,0.524478,0,0
0.509828,0.486143,0.524234,0,0
0.510682,0.485777,0.524844,0,0
0.510927,0.48712,0.52399,0,0
0.510072,0.487975,0.524112,0,0
0.510438,0.486387,0.524844,0,0
0.509706,0.485045,0.525455,0,0
0.508729,0.487242,0.524722,0,0
0.508363,0.488585,0.524966,0,0
0.508119,0.488463,0.5246,0,0
0.508485,0.488341,0.524844,0,0
0.507997,0.488585,0.524966,0,0
0.507874,0.489684,0.524722,0,0
0.508119,0.489928,0.524234,0,0
0.508607,0.488951,0.524844,1,0
0.509095,0.489318,0.524966,1,0
0.509095,0.490294,0.524722,1,0
0.509217,0.490294,0.525699,1,0
0.509584,0.489806,0.527408,1,0
0.508363,0.490538,0.526187,1,0
0.507874,0.490783,0.525577,1,0
0.507874,0.490172,0.525821,1,0
0.507752,0.49005,0.527042,1,0
0.507752,0.490172,0.526798,1,0
0.507264,0.490294,0.525821,1,0
0.508241,0.489562,0.526065,1,0
0.508119,0.49005,0.525943,1,0
0.508241,0.491393,0.526554,1,0
0.508851,0.492003,0.52692,1,0
0.507997,0.490905,0.526554,1,0
0.50763,0.490294,0.525943,1,0
0.507142,0.489928,0.524722,1,0
0.506532,0.490294,0.523623,1,0
0.505921,0.490538,0.523623,1,0
0.505067,0.490294,0.524234,1,0
0.504578,0.491881,0.524844,1,0
0.505311,0.491637,0.527042,1,0
0.506532,0.491881,0.528385,1,0
0.50702,0.492248,0.527164,1,0
0.50702,0.492736,0.525088,1,0
0.508119,0.491515,0.526065,1,0
0.508119,0.491393,0.526187,1,0
0.507997,0.491149,0.525455,1,0
0.507874,0.490783,0.525699,1,0
0.507386,0.490172,0.526431,1,0
0.506532,0.490294,0.525943,1,0
0.505921,0.490416,0.525943,1,0
0.506287,0.489806,0.526431,1,0
0.506532,0.489318,0.526187,1,0
0.506165,0.489562,0.525455,1,0
0.506409,0.489318,0.525943,1,0
0.50702,0.489073,0.526431,1,0
0.507264,0.488585,0.526431,1,0
0.50763,0.488707,0.525699,1,0
0.508119,0.488463,0.525211,1,0
0.508241,0.489195,0.524478,1,0
0.508241,0.489073,0.525088,1,0
0.508485,0.487975,0.525333,1,0
0.507997,0.487242,0.525088,1,0
0.507874,0.486998,0.524234,1,0
0.507386,0.48712,0.524478,1,0
0.507142,0.487486,0.524844,1,0
0.50702,0.486876,0.525211,1,0
0.506654,0.48651,0.5246,1,0
0.506532,0.48651,0.524478,1,0
0.506776,0.48651,0.5246,1,0
0.50702,0.485411,0.524722,1,0
0.507264,0.484922,0.524356,1,0
0.507508,0.485655,0.52399,1,0
0.507997,0.485899,0.52399,1,0
0.508607,0.486143,0.524356,1,0
0.508851,0.486021,0.524356,1,0
0.508607,0.486876,0.524112,1,0
0.508363,0.487608,0.524356,1,0
0.508119,0.487364,0.524356,1,0
0.507874,0.486998,0.524356,1,0
0.50763,0.486387,0.524478,1,0
0.507752,0.485655,0.524234,1,0
0.50763,0.485411,0.524478,1,0
0.507752,0.486021,0.524356,1,0
0.507752,0.486143,0.524356,1,0
0.507752,0.486387,0.52399,1,0
0.507752,0.486387,0.524234,1,0
0.50763,0.486265,0.5246,1,0
0.50763,0.485655,0.524844,1,0
0.507508,0.486387,0.5246,1,0
0.507264,0.48651,0.525211,1,0
0.507874,0.484434,0.52753,1,0
0.507997,0.485289,0.527286,1,0
0.507874,0.490172,0.525088,1,0
0.507508,0.490416,0.5246,1,0
0.509584,0.48944,0.527896,1,0
0.50934,0.489195,0.526187,1,0
0.509217,0.490294,0.523135,1,0
0.50934,0.488463,0.522769,1,0
0.508485,0.487975,0.521426,1,0
0.507508,0.487486,0.520571,1,0
0.505921,0.487242,0.521182,1,0
0.506287,0.488341,0.52399,1,0
0.506043,0.488463,0.527408,1,0
0.504212,0.491637,0.530338,1,0
0.503724,0.492003,0.531925,1,0
0.503724,0.491881,0.530094,1,0
0.505189,0.49066,0.528141,1,0
0.506532,0.490294,0.528873,1,0
0.506409,0.492003,0.529728,1,0
0.506776,0.494811,0.534367,1,0
0.507508,0.493957,0.530949,1,0
0.507997,0.484678,0.525333,1,0
0.507874,0.484312,0.519106,1,0
0.507997,0.483457,0.520449,1,0
0.506776,0.48773,0.520816,1,0
0.506776,0.492858,0.521792,1,0
0.506287,0.496398,0.522281,1,0
0.506654,0.495666,0.526187,1,0
0.50763,0.493224,0.526431,1,0
0.507997,0.488219,0.528141,1,0
0.506165,0.485533,0.529117,1,0
0.505433,0.484556,0.531071,1,0
0.504212,0.489684,0.526065,1,0
0.503846,0.489562,0.528507,1,0
0.502625,0.489073,0.530216,1,0
0.501648,0.490905,0.52753,1,0
0.501892,0.49298,0.525455,1,0
0.499084,0.48065,0.523746,1,0
0.497864,0.470639,0.519717,1,0
0.49591,0.472714,0.512392,1,0
0.494079,0.471859,0.50763,1,0
0.493713,0.465877,0.505677,1,0
0.493713,0.45843,0.502259,1,0
0.492003,0.470516,0.504334,1,0
0.491027,0.477964,0.50409,1,0
0.492736,0.475156,0.504334,1,0
0.492248,0.485533,0.511293,1,0
0.493102,0.483457,0.510927,1,0
0.49237,0.48065,0.511659,1,0
0.491759,0.474789,0.515688,1,0
0.491149,0.477475,0.514833,1,0
0.491149,0.476987,0.513124,1,0
0.492126,0.473813,0.513613,1,0
0.492126,0.472958,0.51813,1,0
0.492736,0.471005,0.514833,1,0
0.492858,0.477597,0.512514,1,0
0.491881,0.486387,0.517886,1,0
0.491027,0.493957,0.519106,1,0
0.492248,0.489195,0.523379,1,0
0.491759,0.487608,0.525211,1,0
0.492126,0.487242,0.523746,1,0
0.49298,0.489562,0.522036,1,0
0.491393,0.486998,0.524844,1,0
0.490416,0.486632,0.528629,1,0
0.490538,0.486387,0.525455,1,0
0.491271,0.486265,0.52106,1,0
0.491393,0.483213,0.521548,1,0
0.491027,0.480405,0.521548,1,0
0.491149,0.479307,0.519106,1,0
0.491515,0.476377,0.518252,1,0
0.491759,0.474423,0.517763,1,0
0.491759,0.473691,0.518008,1,0
0.491759,0.476254,0.517641,1,0
0.492003,0.478452,0.517763,1,0
0.492248,0.477597,0.518008,1,0
0.49237,0.476254,0.516787,1,0
0.49298,0.475522,0.516543,1,0
0.493346,0.47601,0.51581,1,0
0.493835,0.475888,0.516298,1,0
0.493346,0.477964,0.51813,1,0
0.493835,0.47894,0.517153,1,0
0.494079,0.477842,0.518862,1,0
0.493102,0.478086,0.52106,1,0
0.492614,0.480283,0.523379,1,0
0.492614,0.480283,0.522525,1,0
0.491393,0.47833,0.522281,1,0
0.488219,0.48126,0.524234,1,0
0.488707,0.481626,0.522525,1,0
0.488829,0.478452,0.520571,1,0
0.489318,0.475156,0.512636,1,0
0.491393,0.472836,0.494079,1,0
0.486265,0.465267,0.457697,1,0
0.497253,0.455988,0.485411,1,0
0.491515,0.465511,0.496032,1,0
0.493835,0.490416,0.541326,1,0
0.502014,0.479062,0.518252,1,0
0.520571,0.495788,0.555732,1,0
0.485777,0.502503,0.555488,1,0
0.483824,0.473935,0.49884,1,0
0.467831,0.460994,0.455988,1,0
0.487242,0.453669,0.459529,1,0
0.486876,0.476132,0.511171,1,0
0.500794,0.469173,0.506776,1,0
0.53632,0.483824,0.555366,1,0
0.491759,0.492736,0.555121,1,0
0.49066,0.46197,0.464534,1,0
0.483091,0.472348,0.459773,1,0
0.480527,0.467464,0.471859,1,0
0.485411,0.490905,0.528385,1,0
0.500427,0.47015,0.504456,1,0
0.516543,0.494079,0.545965,1,0
0.48187,0.500671,0.512392,1,0
0.4754,0.469051,0.493102,1,0
0.461604,0.457697,0.517275,1,0
0.453058,0.442559,0.531437,1,0
0.461116,0.480283,0.50995,1,0
0.491881,0.378708,0.558418,1,0
0.490783,0.383714,0.562813,1,0
0.498108,0.422781,0.548651,1,0
0.506532,0.447686,0.536198,1,0
0.505189,0.467831,0.510927,1,0
0.50409,0.493591,0.49884,1,0
0.511781,0.496398,0.501038,1,0
0.522525,0.48944,0.500916,1,0
0.525943,0.5047,0.494933,1,0
0.52692,0.516787,0.487975,1,0
0.522647,0.526676,0.480039,1,0
0.521548,0.527652,0.476865,1,0
0.522403,0.523013,0.478208,1,0
0.519717,0.51813,0.481992,1,0
0.521548,0.511537,0.486876,1,0
0.521914,0.503479,0.489806,1,0
0.520083,0.500305,0.490172,1,0
0.512636,0.489684,0.491515,1,0
0.48651,0.496398,0.525943,1,0
0.471737,0.461726,0.56794,1,0
0.478818,0.455378,0.588207,1,0
0.478208,0.42742,0.597973,1,0
0.471615,0.439629,0.560127,1,0
0.480161,0.464168,0.505799,1,0
0.475766,0.44146,0.421316,1,0
0.48065,0.429496,0.419241,1,1
0.4953,0.451593,0.42095,1,0
0.50763,0.463924,0.530094,1,0
0.566231,0.46429,0.544622,1,0
0.531925,0.514711,0.675375,1,0
0.515688,0.507508,0.583201,1,0
0.497253,0.506776,0.472836,1,0
0.436699,0.479429,0.407032,1,0
0.515688,0.460261,0.411427,1,0
0.499939,0.471615,0.439018,1,0
0.510438,0.474179,0.538762,1,0
0.539617,0.465755,0.541326,1,0
0.490783,0.50702,0.61592,1,0
0.50177,0.49823,0.524112,1,0
0.492248,0.477842,0.427176,1,0
0.501648,0.461848,0.468685,1,0
0.499573,0.450006,0.467953,1,0
0.491149,0.472714,0.518496,1,0
0.49823,0.458064,0.514345,1,0
0.473691,0.461238,0.581614,1,0
0.471981,0.453058,0.575143,1,0
0.477597,0.414235,0.566353,1,0
0.48358,0.419119,0.555488,1,0
0.502869,0.440239,0.514955,1,0
0.523013,0.38994,0.503724,1,0
0.525211,0.410084,0.512392,1,0
0.525211,0.445001,0.516909,1,0
0.533879,0.468441,0.50409,1,0
0.537785,0.491881,0.493224,1,0
0.529728,0.504334,0.498474,1,0
0.525699,0.495788,0.500183,1,0
0.522891,0.521914,0.493102,1,0
0.517397,0.532658,0.482847,1,0
0.50934,0.531315,0.48126,1,0
0.50702,0.536931,0.480527,1,0
0.508851,0.533879,0.480527,1,0
0.516176,0.528507,0.478452,1,0
0.527408,0.520449,0.480283,1,0
0.535344,0.515322,0.488707,1,0
0.539495,0.50177,0.492003,1,0
0.537419,0.496765,0.494079,1,0
0.530949,0.486632,0.502747,1,0
0.491393,0.443047,0.56208,1,0
0.478574,0.421194,0.580271,1,0
0.472836,0.392504,0.578806,1,0
0.469173,0.411427,0.573068,1,0
0.471737,0.441094,0.556342,1,0
0.478208,0.467098,0.547064,1,0
0.485533,0.46075,0.527164,1,0
0.482847,0.47308,0.499451,1,1
0.473569,0.466121,0.426688,1,0
0.512025,0.442925,0.462825,1,0
0.491881,0.48187,0.499206,1,0
0.510805,0.462093,0.528507,1,0
0.557441,0.479917,0.555121,1,0
0.474667,0.480039,0.581736,1,0
0.486632,0.474057,0.448785,1,0
0.500427,0.481016,0.45904,1,0
0.504944,0.463069,0.446344,1,0
0.486265,0.477231,0.540715,1,0
0.50995,0.458796,0.483091,1,0
0.519106,0.492614,0.586131,1,0
0.497619,0.4848,0.537907,1,0
0.496154,0.485777,0.431449,1,0
0.502747,0.461238,0.46954,1,0
0.500794,0.460505,0.463558,1,0
0.491881,0.470394,0.530704,1,0
0.500061,0.4649,0.518862,1,0
0.498474,0.464778,0.575266,1,0
0.455866,0.444634,0.603345,1,0
0.460628,0.414235,0.56208,1,0
0.474423,0.383226,0.532902,1,0
0.489928,0.412648,0.527652,1,0
0.499573,0.431205,0.525333,1,0
0.508119,0.465389,0.496032,1,0
0.522036,0.460017,0.508973,1,0
0.52753,0.460994,0.52167,1,0
0.535344,0.482969,0.507752,1,0
0.526798,0.496154,0.495666,1,0
0.52399,0.499329,0.498474,1,0
0.51056,0.524356,0.488585,1,0
0.507386,0.514589,0.483702,1,0
0.507508,0.529117,0.470028,1,0
0.506532,0.530582,0.462825,1,0
0.503968,0.531925,0.469051,1,0
0.514589,0.519106,0.474057,1,0
0.523257,0.514101,0.479917,1,0
0.531559,0.509828,0.487975,1,0
0.538396,0.495544,0.4953,1,0
0.535954,0.487853,0.491881,1,0
0.531315,0.496765,0.485655,1,0
0.526309,0.465999,0.524112,1,0
0.495422,0.444268,0.572335,1,0
0.49823,0.424246,0.577707,1,0
0.488341,0.361006,0.594921,1,0
0.477842,0.413991,0.585277,1,0
0.478452,0.453058,0.559761,1,0
0.481748,0.472714,0.537297,1,0
0.48651,0.470516,0.51581,1,1
0.482847,0.483213,0.473446,1,0
0.477109,0.467831,0.446954,1,0
0.502747,0.443291,0.480283,1,0
0.492614,0.485289,0.509828,1,0
0.500794,0.482847,0.552436,1,0
0.540838,0.445733,0.499573,1,0
0.479673,0.484922,0.57905,1,0
0.482359,0.46368,0.458308,1,0
0.490905,0.490416,0.475522,1,0
0.502747,0.463069,0.47015,1,0
0.487608,0.463313,0.569528,1,0
0.524722,0.467464,0.460505,1,0
0.501404,0.468807,0.596875,1,0
0.498474,0.485289,0.469662,1,0
0.489562,0.477109,0.459773,1,0
0.500305,0.464656,0.463069,1,0
0.491637,0.462581,0.538274,1,0
0.505677,0.45489,0.490783,1,0
0.482481,0.44146,0.599072,1,0
0.453669,0.446466,0.59016,1,0
0.46429,0.391039,0.555121,1,0
0.477109,0.413014,0.522891,1,0
0.487486,0.415578,0.530338,1,0
0.495544,0.448785,0.523868,1,0
0.5047,0.44964,0.517641,1,0
0.516665,0.452326,0.510072,1,0
0.526676,0.46368,0.506409,1,0
0.53278,0.470272,0.502747,1,0
0.526431,0.492003,0.494933,1,0
0.520205,0.498596,0.500549,1,0
0.520083,0.508607,0.500183,1,0
0.516787,0.519228,0.493224,1,0
0.513368,0.521304,0.486754,1,0
0.513246,0.531193,0.474911,1,0
0.510805,0.53571,0.473813,1,0
0.509462,0.531071,0.476743,1,0
0.515688,0.533024,0.4754,1,0
0.527042,0.523868,0.481138,1,0
0.532292,0.510805,0.486632,1,0
0.533634,0.493224,0.491149,1,0
0.529117,0.496765,0.497131,1,0
0.511659,0.471249,0.522891,1,0
0.497986,0.440972,0.549261,1,0
0.504578,0.432792,0.571847,1,0
0.490905,0.383226,0.58491,1,0
0.485777,0.408985,0.580637,1,0
0.481016,0.448419,0.556953,1,0
0.475766,0.471493,0.522891,1,1
0.473569,0.475278,0.442559,1,0
0.480894,0.439263,0.448053,1,0
0.505921,0.442803,0.464656,1,0
0.494079,0.485289,0.543279,1,0
0.509584,0.456599,0.503113,1,0
0.550848,0.489318,0.62178,1,0
0.492126,0.467586,0.537541,1,0
0.488341,0.48126,0.436455,1,0
0.517763,0.467342,0.464046,1,0
0.498962,0.476132,0.497131,1,0
0.499939,0.486387,0.499695,1,0
0.529117,0.457331,0.541326,1,0
0.490416,0.476621,0.556342,1,0
0.499573,0.467831,0.466121,1,0
0.503357,0.462093,0.49005,1,0
0.493102,0.443169,0.500061,1,0
0.483091,0.441338,0.541082,1,0
0.498718,0.463069,0.481382,1,0
0.499206,0.431571,0.58198,1,0
0.476865,0.444756,0.568307,1,0
0.482969,0.422049,0.534367,1,0
0.484068,0.436699,0.521426,1,0
0.489928,0.435966,0.518984,1,0
0.506532,0.423636,0.500427,1,0
0.509462,0.439385,0.496154,1,0
0.515932,0.460261,0.491637,1,0
0.521182,0.466121,0.495788,1,0
0.518008,0.488829,0.504212,1,0
0.518008,0.488829,0.503846,1,0
0.508241,0.49066,0.503601,1,0
0.501526,0.507997,0.499451,1,0
0.49823,0.511171,0.496643,1,0
0.496643,0.509095,0.496276,1,0
0.500305,0.525699,0.488219,1,0
0.503235,0.527774,0.479184,1,0
0.502991,0.533512,0.485655,1,0
0.501892,0.539373,0.485045,1,0
0.50702,0.532536,0.479184,1,0
0.518374,0.522769,0.477597,1,0
0.524966,0.516298,0.479184,1,0
0.523868,0.507997,0.485045,1,0
0.517886,0.489684,0.489684,1,0
0.505799,0.483824,0.49823,1,0
0.480161,0.482481,0.501282,1,0
0.490905,0.467342,0.521304,1,0
0.492248,0.452448,0.568307,1,0
0.49884,0.446344,0.567086,1,0
0.511903,0.419363,0.568673,1,0
0.48712,0.416799,0.55915,1,1
0.486143,0.456477,0.497253,1,0
0.473813,0.438774,0.40923,1,0
0.491149,0.431449,0.47833,1,0
0.474301,0.462825,0.503479,1,0
0.4848,0.47247,0.565255,1,0
0.553656,0.422659,0.483702,1,0
0.449152,0.482603,0.57087,1,0
0.486387,0.463191,0.457331,1,0
0.507508,0.481992,0.467831,1,0
0.491637,0.472714,0.525577,1,0
0.493102,0.480039,0.493957,1,0
0.54511,0.458796,0.572213,1,0
0.487975,0.476132,0.493346,1,0
0.490905,0.479062,0.473202,1,0
0.486021,0.471127,0.507752,1,0
0.483335,0.481626,0.48358,1,0
0.498352,0.438042,0.565255,1,0
0.465755,0.45025,0.540227,1,0
0.476254,0.43499,0.507997,1,0
0.467342,0.459895,0.508119,1,0
0.478696,0.434135,0.494689,1,0
0.522891,0.354413,0.477231,1,0
0.513368,0.428641,0.517519,1,0
0.497864,0.488951,0.526431,1,0
0.507264,0.468685,0.520938,1,0
0.514711,0.475888,0.507874,1,0
0.511537,0.486265,0.508119,1,0
0.516909,0.484922,0.505555,1,0
0.510805,0.492248,0.508241,1,0
0.503968,0.502259,0.499695,1,0
0.5047,0.505067,0.500671,1,0
0.49591,0.510072,0.494079,1,0
0.492736,0.510316,0.489684,1,0
0.489318,0.517397,0.488707,1,0
0.491271,0.516665,0.487364,1,0
0.495666,0.519717,0.481992,1,0
0.496643,0.521304,0.481016,1,0
0.496032,0.52399,0.483457,1,0
0.501282,0.520205,0.477597,1,0
0.511659,0.50763,0.476499,1,0
0.517641,0.506776,0.479917,1,0
0.520938,0.507264,0.482237,1,0
0.518496,0.497009,0.482603,1,0
0.519228,0.494323,0.492614,1,0
0.5152,0.488829,0.497009,1,0
0.496887,0.479307,0.491637,1,0
0.505311,0.462337,0.579783,1,0
0.515322,0.434501,0.59248,1,1
0.524234,0.407154,0.565132,1,0
0.491515,0.382981,0.547064,1,0
0.498352,0.455622,0.426444,1,0
0.476743,0.457453,0.442437,1,0
0.46954,0.45782,0.477475,1,0
0.468807,0.476499,0.586864,1,0
0.546575,0.43035,0.476254,1,0
0.472104,0.484434,0.600537,1,0
0.4953,0.45782,0.460139,1,0
0.502625,0.489928,0.463313,1,0
0.489928,0.481504,0.506043,1,0
0.495178,0.520083,0.508119,1,0
0.54218,0.439629,0.571603,1,0
0.475522,0.493224,0.544256,1,0
0.475888,0.46197,0.465511,1,0
0.504578,0.451105,0.48358,1,0
0.480405,0.454523,0.528995,1,0
0.466366,0.469051,0.491515,1,0
0.513368,0.431205,0.569894,1,0
0.466121,0.422293,0.587718,1,0
0.482359,0.40459,0.537907,1,0
0.494323,0.411427,0.52753,1,0
0.493102,0.440361,0.523257,1,0
0.506532,0.469051,0.498474,1,0
0.496276,0.47601,0.513002,1,0
0.501038,0.469051,0.520083,1,0
0.514345,0.463924,0.510805,1,0
0.50995,0.491881,0.50702,1,0
0.512514,0.485045,0.501648,1,0
0.510682,0.495544,0.50116,1,0
0.506776,0.504822,0.502991,1,0
0.499695,0.51288,0.492492,1,0
0.496643,0.517153,0.488341,1,0
0.497741,0.525333,0.488585,1,0
0.501892,0.526554,0.48419,1,0
0.504456,0.528751,0.481626,1,0
0.507508,0.527774,0.476377,1,0
0.512636,0.526798,0.471981,1,0
0.516054,0.523746,0.473569,1,0
0.520693,0.512758,0.475034,1,0
0.523623,0.505189,0.483702,1,0
0.529239,0.482115,0.495056,1,0
0.526554,0.500916,0.488463,1,0
0.529972,0.48187,0.504944,1,0
0.517519,0.439507,0.591015,1,0
0.53046,0.452814,0.580759,1,0
0.512147,0.38176,0.579783,1,0
0.494567,0.42156,0.53803,1,0
0.49298,0.462215,0.401416,1,1
0.493346,0.42742,0.45904,1,0
0.46429,0.48187,0.489562,1,0
0.483824,0.466732,0.572213,1,0
0.564766,0.44085,0.502991,1,0
0.449274,0.4555,0.592357,1,0
0.48944,0.464534,0.452326,1,0
0.503601,0.476743,0.452936,1,0
0.48773,0.479795,0.491271,1,0
0.496032,0.482603,0.501892,1,0
0.541082,0.460261,0.548529,1,0
0.487242,0.461604,0.54218,1,0
0.49005,0.472104,0.472714,1,0
0.501038,0.467586,0.486387,1,0
0.480161,0.45843,0.534123,1,0
0.469296,0.453913,0.526187,1,0
0.515932,0.422171,0.558906,1,0
0.469173,0.41509,0.588207,1,0
0.490783,0.423758,0.526065,1,0
0.502381,0.412038,0.520571,1,0
0.506287,0.458796,0.515444,1,0
0.512392,0.468563,0.507997,1,0
0.526798,0.468563,0.496276,1,0
0.519961,0.474423,0.499206,1,0
0.520571,0.468807,0.502747,1,0
0.517397,0.477719,0.503235,1,0
0.515078,0.494201,0.496276,1,0
0.506409,0.509706,0.49823,1,0
0.500427,0.508851,0.500794,1,0
0.499817,0.512758,0.499817,1,0
0.495544,0.524234,0.485655,1,0
0.490172,0.524234,0.487364,1,0
0.494323,0.521304,0.486876,1,0
0.501526,0.520327,0.477964,1,0
0.506409,0.519228,0.477109,1,0
0.510438,0.517641,0.480772,1,0
0.514223,0.514467,0.480894,1,0
0.514467,0.508241,0.476987,1,0
0.514833,0.500671,0.484434,1,0
0.517763,0.497009,0.49005,1,0
0.520449,0.496154,0.506287,1,0
0.512025,0.473813,0.54096,1,0
0.524722,0.444024,0.589916,1,0
0.501282,0.381394,0.585521,1,0
0.48065,0.397143,0.54157,1,0
0.470761,0.454279,0.417287,1,0
0.488585,0.422537,0.462093,1,0
0.467464,0.470883,0.512392,1,0
0.487608,0.483335,0.566231,1,1
0.558906,0.430228,0.523135,1,0
0.46075,0.452936,0.576731,1,0
0.487975,0.469296,0.451471,1,0
0.511659,0.476254,0.457942,1,0
0.48944,0.476499,0.525943,1,0
0.499939,0.485655,0.473813,1,0
0.515566,0.4356,0.572946,1,0
0.488097,0.479062,0.489195,1,0
0.505067,0.47308,0.46661,1,0
0.493102,0.486143,0.489806,1,0
0.504822,0.483213,0.4848,1,0
0.520205,0.450739,0.539739,1,0
0.481016,0.460261,0.554267,1,0
0.483213,0.442071,0.517641,1,0
0.484556,0.45257,0.509095,1,0
0.480039,0.443291,0.517397,1,0
0.484312,0.455378,0.50409,2,0
0.497253,0.433891,0.514589,2,0
0.495788,0.450494,0.521914,2,0
0.500549,0.466243,0.515932,2,0
0.503113,0.479795,0.510438,2,0
0.504334,0.485167,0.502869,2,0
0.503357,0.489806,0.500305,2,0
0.500305,0.494811,0.497619,2,0
0.496521,0.493591,0.503479,2,0
0.4953,0.500183,0.500061,2,0
0.491271,0.502259,0.497375,2,0
0.487975,0.507386,0.494079,2,0
0.484922,0.505799,0.502381,2,0
0.483213,0.502625,0.506654,2,0
0.48358,0.500671,0.503357,2,0
0.485045,0.497131,0.510072,2,0
0.484922,0.497986,0.50995,2,0
0.485777,0.49237,0.512636,2,0
0.486754,0.485533,0.515688,2,0
0.485411,0.482969,0.517275,2,0
0.483824,0.482481,0.528873,2,0
0.483946,0.485167,0.523135,2,0
0.484922,0.482725,0.524112,2,0
0.484678,0.488219,0.529239,2,0
0.488341,0.493957,0.522403,2,0
0.494567,0.488341,0.530949,2,0
0.495544,0.492736,0.536809,2,0
0.498596,0.494201,0.536687,2,0
0.503357,0.491027,0.533146,2,0
0.504334,0.484678,0.536809,2,0
0.508241,0.490172,0.534977,2,0
0.513002,0.497375,0.53339,2,0
0.510194,0.479429,0.533268,2,0
0.507752,0.488097,0.525699,2,0
0.510438,0.488097,0.521304,2,0
0.512392,0.483946,0.524966,2,0
0.512758,0.483213,0.525333,2,0
0.512636,0.484434,0.522281,2,0
0.51227,0.485533,0.522647,2,0
0.51288,0.484678,0.523379,2,0
0.51349,0.483702,0.521548,2,0
0.512514,0.482481,0.520327,2,0
0.511659,0.482115,0.520571,2,0
0.512025,0.480772,0.520327,2,0
0.512636,0.480527,0.519473,2,0
0.513246,0.479429,0.518862,2,0
0.51288,0.479551,0.519106,2,0
0.513002,0.480894,0.519228,2,0
0.513246,0.481138,0.518496,2,0
0.513124,0.48187,0.518618,2,0
0.513368,0.478696,0.519106,2,0
0.513857,0.479184,0.518252,2,0
0.513979,0.48065,0.517275,2,0
0.513735,0.48065,0.518374,2,0
0.513735,0.481016,0.51813,2,0
0.513857,0.480527,0.517641,2,0
0.514223,0.478574,0.516787,2,0
0.515078,0.476865,0.518252,2,0
0.514589,0.47894,0.517153,2,0
0.513368,0.481504,0.517397,2,0
0.513368,0.48065,0.517641,2,0
0.513735,0.477109,0.517519,2,0
0.513368,0.477964,0.517763,2,0
0.513246,0.480039,0.517641,2,0
0.513979,0.480772,0.51813,2,0
0.514711,0.480772,0.51874,2,0
0.514589,0.478452,0.519351,2,0
0.513857,0.481138,0.517641,2,0
0.513124,0.484312,0.518008,2,0
0.513002,0.483457,0.518618,2,0
0.513246,0.478696,0.518984,2,0
0.512636,0.479429,0.518008,2,0
0.512514,0.48126,0.518496,2,0
0.51288,0.480527,0.519473,2,0
0.512758,0.480039,0.519961,2,0
0.513735,0.479062,0.519717,2,0
0.513857,0.48065,0.519717,2,0
0.513613,0.483091,0.519473,2,0
0.513246,0.48358,0.519595,2,0
0.512758,0.482115,0.520816,2,0
0.512147,0.482115,0.519717,2,0
0.510927,0.482603,0.519228,2,0
0.509828,0.482847,0.520083,2,0
0.50995,0.480405,0.520693,2,0
0.509584,0.479795,0.520083,2,0
0.509462,0.481016,0.520083,2,0
0.510194,0.48187,0.520327,2,0
0.511049,0.479307,0.52167,2,0
0.511781,0.478452,0.521304,2,0
0.512025,0.48187,0.519595,2,0
0.511415,0.483824,0.519228,2,0
0.511537,0.484068,0.519717,2,0
0.511659,0.483213,0.520205,2,0
0.511049,0.481748,0.520571,2,0
0.51056,0.481504,0.52106,2,0
0.51056,0.481748,0.521304,2,0
0.510682,0.481382,0.520693,2,0
0.511415,0.479062,0.521182,2,0
0.511415,0.479795,0.520693,2,0
0.511171,0.481138,0.520449,2,0
0.510805,0.480527,0.522036,2,0
0.510072,0.479917,0.523379,2,0
0.510316,0.479184,0.523623,2,0
0.509828,0.479795,0.523501,2,0
0.510682,0.481504,0.523379,2,0
0.511781,0.482969,0.523013,2,0
0.51056,0.485899,0.524844,2,0
0.510072,0.49237,0.527286,2,0
0.50934,0.496643,0.529117,2,0
0.50702,0.495056,0.530949,2,0
0.506654,0.496276,0.530582,2,0
0.506532,0.503724,0.520205,2,0
0.509828,0.48944,0.526431,2,0
0.509217,0.486387,0.530094,2,0
0.508851,0.483091,0.524722,2,0
0.50763,0.478086,0.521304,2,0
0.504334,0.473813,0.524722,2,0
0.501526,0.477719,0.522891,2,0
0.499817,0.482115,0.517641,2,0
0.499817,0.48419,0.516909,2,0
0.498474,0.479917,0.515688,2,0
0.497253,0.479551,0.511781,2,0
0.498474,0.474911,0.512147,2,0
0.499573,0.472836,0.505799,2,0
0.494811,0.472226,0.499695,2,0
0.495422,0.4649,0.499817,2,0
0.494079,0.45611,0.49298,2,0
0.493835,0.458674,0.484068,2,0
0.496032,0.453669,0.474423,2,0
0.496765,0.444634,0.474057,2,0
0.495422,0.450128,0.47833,2,0
0.494445,0.456843,0.48358,2,0
0.498474,0.456232,0.491149,2,0
0.503724,0.463802,0.501526,2,0
0.499573,0.474423,0.498352,2,0
0.504822,0.468197,0.501404,2,0
0.519351,0.469051,0.512758,2,0
0.523501,0.483335,0.532047,2,0
0.530582,0.475644,0.537907,2,0
0.533757,0.475034,0.541326,2,0
0.530216,0.486876,0.552069,2,0
0.524478,0.489073,0.545965,2,0
0.519717,0.489318,0.539739,2,0
0.516665,0.485045,0.53864,2,0
0.508485,0.480039,0.532292,2,0
0.503724,0.47015,0.521548,2,0
0.49884,0.469051,0.513979,2,0
0.499939,0.462581,0.506165,2,0
0.490172,0.469662,0.488585,2,0
0.497131,0.465389,0.471127,2,0
0.506532,0.437431,0.461726,2,0
0.511049,0.448785,0.414113,2,0
0.508241,0.430472,0.400684,2,0
0.505433,0.465511,0.44439,2,0
0.51642,0.471493,0.53278,2,0
0.536442,0.484312,0.524478,2,0
0.570382,0.476987,0.582713,2,0
0.5152,0.494445,0.624588,2,0
0.515688,0.48419,0.572946,2,0
0.502503,0.468075,0.53339,2,0
0.480772,0.475034,0.480405,2,0
0.480161,0.477964,0.426077,2,0
0.497131,0.442071,0.429496,2,0
0.497009,0.466366,0.42388,2,0
0.500671,0.471371,0.480772,2,0
0.51349,0.468929,0.532414,2,0
0.540838,0.478696,0.544134,2,0
0.532414,0.496276,0.591991,2,0
0.528751,0.487608,0.599072,2,0
0.531925,0.468197,0.568795,2,0
0.5246,0.463924,0.545355,2,0
0.515322,0.469296,0.524722,2,0
0.516298,0.448907,0.500427,2,0
0.511781,0.45904,0.492492,2,0
0.517886,0.452814,0.485777,2,0
0.522403,0.442559,0.474545,2,0
0.517641,0.453791,0.470639,2,0
0.514345,0.449884,0.470639,2,0
0.505433,0.458308,0.467831,2,0
0.501526,0.463924,0.466121,2,0
0.499206,0.467342,0.463558,2,0
0.495544,0.472104,0.465633,2,0
0.500305,0.468319,0.469051,2,0
0.500183,0.466976,0.472348,2,0
0.501648,0.465145,0.473569,2,0
0.50934,0.458186,0.473813,2,0
0.506532,0.45782,0.476499,2,0
0.515932,0.449762,0.477231,2,0
0.517031,0.450983,0.478208,2,0
0.518984,0.44671,0.48773,2,0
0.525821,0.449762,0.505799,2,0
0.536687,0.469784,0.497864,2,0
0.549506,0.458918,0.51642,2,0
0.555366,0.446588,0.542425,2,0
0.554389,0.457331,0.54743,2,0
0.550604,0.471615,0.557807,2,0
0.541936,0.47308,0.561836,2,0
0.537419,0.472592,0.554511,2,0
0.530216,0.485411,0.544988,2,0
0.52753,0.475888,0.526554,2,0
0.524722,0.471249,0.515444,2,0
0.522036,0.469784,0.507874,2,0
0.51874,0.46197,0.488341,2,0
0.502625,0.465145,0.463069,2,0
0.498962,0.472836,0.424857,2,0
0.500061,0.457087,0.414357,2,0
0.501404,0.442071,0.393359,2,0
0.49066,0.452814,0.413503,2,0
0.496887,0.462215,0.468929,2,0
0.510316,0.463435,0.514223,2,0
0.53339,0.475156,0.529117,2,0
0.54096,0.462215,0.577097,2,0
0.537297,0.484556,0.59663,2,0
0.527896,0.487486,0.584544,2,0
0.517519,0.479062,0.550116,2,0
0.487242,0.472226,0.498474,2,0
0.473569,0.465511,0.446344,2,0
0.478452,0.457087,0.403125,2,0
0.49005,0.447198,0.408497,2,0
0.491027,0.458064,0.434501,2,0
0.504944,0.471127,0.475888,2,0
0.529484,0.466488,0.524966,2,0
0.538884,0.490416,0.56672,2,0
0.538396,0.481992,0.58784,2,0
0.532536,0.48358,0.598828,2,0
0.528507,0.478574,0.577463,2,0
0.528141,0.46722,0.554877,2,0
0.526187,0.452814,0.534123,2,0
0.525577,0.446832,0.522158,2,0
0.537663,0.439995,0.479429,2,0
0.54682,0.460872,0.459163,2,0
0.569894,0.459407,0.422537,2,0
0.565255,0.462337,0.399707,2,0
0.547674,0.476865,0.396044,2,0
0.534489,0.476132,0.411061,2,0
0.541814,0.460872,0.424124,2,0
0.537785,0.463313,0.442681,2,0
0.53278,0.458918,0.46722,2,0
0.540715,0.445489,0.491515,2,0
0.550238,0.450494,0.502869,2,0
0.568185,0.435356,0.511659,2,0
0.573556,0.440972,0.533757,2,0
0.564156,0.453424,0.5644,2,0
0.561226,0.473324,0.579172,2,0
0.560615,0.474667,0.560127,2,0
0.550482,0.480161,0.568062,2,0
0.539983,0.491393,0.558662,2,0
0.531925,0.478452,0.526554,2,0
0.526554,0.481138,0.523379,2,0
0.528385,0.480772,0.505677,2,0
0.505677,0.468807,0.476499,2,0
0.496521,0.468441,0.428397,2,0
0.517275,0.44378,0.361128,2,0
0.49591,0.453669,0.350629,2,0
0.494079,0.452814,0.426322,2,0
0.511781,0.472348,0.501404,2,0
0.5445,0.478086,0.545477,2,0
0.540349,0.470028,0.595288,2,0
0.523257,0.47894,0.612135,2,0
0.523746,0.469296,0.575266,2,0
0.513368,0.471737,0.539373,2,0
0.495422,0.475278,0.493468,2,0
0.488585,0.474911,0.439018,2,0
0.495788,0.453058,0.392016,2,0
0.500549,0.469296,0.381883,2,0
0.501648,0.460383,0.427787,2,0
0.513857,0.46075,0.496643,2,0
0.525821,0.476621,0.541814,2,0
0.56208,0.47308,0.533146,2,0
0.551825,0.460017,0.613844,2,0
0.54218,0.473324,0.597851,2,1
0.543768,0.452082,0.568062,2,0
0.540593,0.450861,0.539006,2,0
0.53803,0.446954,0.517031,2,0
0.537297,0.458064,0.494323,2,0
0.534855,0.452082,0.480283,2,0
0.542547,0.446832,0.466121,2,0
0.55915,0.469173,0.440117,2,0
0.560249,0.462825,0.423147,2,0
0.552436,0.465023,0.413014,2,0
0.546209,0.490294,0.408497,2,0
0.537785,0.47894,0.420339,2,0
0.544622,0.468441,0.433403,2,0
0.541082,0.464534,0.441216,2,0
0.533024,0.455622,0.45904,2,0
0.537663,0.444146,0.482359,2,0
0.54218,0.454035,0.505677,2,0
0.563912,0.447686,0.511415,2,0
0.580149,0.424368,0.53339,2,0
0.573678,0.443169,0.563912,2,0
0.558784,0.46368,0.574289,2,0
0.548041,0.474301,0.568185,2,0
0.541448,0.47601,0.560127,2,0
0.533757,0.482603,0.554999,2,0
0.533024,0.487486,0.541448,2,0
0.534489,0.479062,0.525577,2,0
0.531925,0.472836,0.509462,2,0
0.529484,0.468685,0.501038,2,0
0.511781,0.469906,0.478696,2,0
0.500183,0.471005,0.46368,2,0
0.522769,0.453302,0.414479,2,0
0.525943,0.442803,0.380784,2,0
0.509828,0.455256,0.350262,2,0
0.50409,0.465023,0.401905,2,0
0.511293,0.473324,0.507264,2,0
0.543768,0.481748,0.515322,2,0
0.578074,0.44378,0.580515,2,0
0.536442,0.476621,0.625443,2,0
0.531193,0.468319,0.582957,2,0
0.506532,0.472348,0.54975,2,0
0.478696,0.48065,0.487486,2,0
0.485777,0.469173,0.432304,2,0
0.495056,0.453669,0.403614,2,0
0.507386,0.471005,0.392382,2,0
0.507142,0.467953,0.455134,2,0
0.506898,0.468075,0.554755,2,0
0.539128,0.486876,0.528385,2,0
0.546453,0.474179,0.598462,2,0
0.52753,0.464534,0.607618,2,0
0.534245,0.460505,0.568917,2,1
0.531071,0.451715,0.548407,2,0
0.53278,0.454279,0.519473,2,0
0.529728,0.452936,0.504944,2,0
0.537053,0.463191,0.479307,2,0
0.552436,0.439751,0.458308,2,0
0.571359,0.448297,0.419851,2,0
0.549261,0.45489,0.402637,2,0
0.536565,0.460261,0.4063,2,0
0.53571,0.472592,0.407276,2,0
0.53339,0.465023,0.425101,2,0
0.530582,0.465389,0.447198,2,0
0.533634,0.45782,0.463924,2,0
0.540715,0.440972,0.488707,2,0
0.545233,0.451959,0.502991,2,0
0.554511,0.464656,0.502869,2,0
0.578562,0.429984,0.51813,2,0
0.566231,0.451105,0.538518,2,0
0.552191,0.473691,0.547308,2,0
0.551093,0.465145,0.54682,2,0
0.549017,0.479917,0.551093,2,0
0.553534,0.484556,0.551703,2,0
0.549872,0.479551,0.545477,2,0
0.546942,0.468563,0.535222,2,0
0.540838,0.479307,0.527896,2,0
0.535954,0.475278,0.514345,2,0
0.535832,0.464168,0.502381,2,0
0.526676,0.470639,0.489928,2,0
0.485289,0.483946,0.431205,2,0
0.497741,0.463802,0.371505,2,0
0.507264,0.439873,0.369064,2,0
0.481626,0.459773,0.409108,2,0
0.49005,0.46197,0.510805,2,0
0.512392,0.484312,0.525455,2,0
0.545721,0.462459,0.571969,2,0
0.508851,0.470639,0.609205,2,0
0.517397,0.46954,0.563179,2,0
0.512636,0.464656,0.523746,2,0
0.495544,0.475766,0.490905,2,0
0.484068,0.475522,0.452814,2,0
0.487486,0.467831,0.398852,2,0
0.497986,0.4555,0.39226,2,0
0.497253,0.465877,0.420095,2,0
0.507142,0.46429,0.481016,2,0
0.509095,0.470883,0.523257,2,0
0.558174,0.486876,0.510194,2,0
0.566109,0.456355,0.584178,2,0
0.557807,0.457453,0.600781,2,0
0.555244,0.461238,0.58137,2,1
0.550238,0.45318,0.56379,2,0
0.542913,0.454035,0.539373,2,0
0.5351,0.45904,0.514833,2,0
0.530949,0.458918,0.493713,2,0
0.530704,0.459773,0.476987,2,0
0.542303,0.447198,0.46368,2,0
0.553901,0.460383,0.44671,2,0
0.57087,0.439507,0.415212,2,0
0.560371,0.452692,0.402393,2,0
0.534977,0.474179,0.399585,2,0
0.530094,0.466854,0.414235,2,0
0.53632,0.465511,0.433647,2,0
0.532902,0.464656,0.451105,2,0
0.530216,0.4555,0.46661,2,0
0.543401,0.439629,0.491271,2,0
0.558662,0.446099,0.500183,2,0
0.577097,0.439385,0.510072,2,0
0.580393,0.416555,0.535832,2,0
0.573556,0.448785,0.550482,2,0
0.558906,0.477231,0.559761,2,0
0.557319,0.48773,0.546331,2,0
0.554999,0.483091,0.547064,2,0
0.545843,0.498962,0.549261,2,0
0.537053,0.502869,0.539373,2,0
0.533879,0.488097,0.527164,2,0
0.529728,0.482115,0.519595,2,0
0.530949,0.470028,0.509706,2,0
0.526554,0.462947,0.494811,2,0
0.490294,0.453302,0.470761,2,0
0.490783,0.451471,0.437309,2,0
0.504944,0.467464,0.39873,2,0
0.508973,0.428397,0.390062,2,0
0.484556,0.451715,0.404224,2,0
0.490905,0.472836,0.469906,2,0
0.499573,0.47601,0.525088,2,0
0.530582,0.486998,0.518496,2,0
0.552802,0.449396,0.56733,2,0
0.529239,0.482237,0.599438,2,0
0.526065,0.477964,0.560737,2,0
0.511293,0.472714,0.530216,2,0
0.485411,0.478818,0.492492,2,0
0.48187,0.471005,0.448541,2,0
0.485655,0.465755,0.405933,2,0
0.501282,0.448419,0.397143,2,0
0.502014,0.462093,0.421438,2,0
0.51288,0.459651,0.483946,2,0
0.517641,0.471737,0.514467,2,0
0.565255,0.481382,0.528263,2,1
0.567818,0.461238,0.591259,2,0
0.549994,0.476254,0.616042,2,0
0.552069,0.468441,0.586742,2,0
0.550726,0.451227,0.560493,2,0
0.543401,0.440606,0.520938,2,0
0.531193,0.446344,0.504212,2,0
0.535344,0.457942,0.491271,2,0
0.544622,0.469418,0.465877,2,0
0.568062,0.442925,0.448663,2,0
0.573801,0.460505,0.432304,2,0
0.578074,0.455378,0.400806,2,0
0.554755,0.478208,0.397387,2,0
0.53278,0.479917,0.415822,2,0
0.541936,0.464046,0.426688,2,0
0.544744,0.455866,0.434135,2,0
0.536442,0.45489,0.458918,2,0
0.540471,0.440117,0.502381,2,0
0.55561,0.473691,0.51349,2,0
0.595532,0.414235,0.514589,2,0
0.580149,0.442559,0.575998,2,0
0.557563,0.475644,0.580393,2,0
0.548529,0.475766,0.569894,2,0
0.542669,0.497619,0.565743,2,0
0.536687,0.500916,0.556709,2,0
0.5351,0.495544,0.542547,2,0
0.535344,0.487608,0.526676,2,0
0.534367,0.478208,0.513246,2,0
0.531193,0.467464,0.491515,2,0
0.493713,0.468929,0.469051,2,0
0.515078,0.459773,0.4356,2,0
0.513857,0.478208,0.364546,2,0
0.513002,0.446466,0.348553,2,0
0.503235,0.47308,0.399585,2,0
0.50934,0.463924,0.503357,2,0
0.528507,0.473324,0.525088,2,0
0.584178,0.453791,0.55329,2,0
0.533879,0.455744,0.631791,2,0
0.535222,0.466121,0.577829,2,0
0.50763,0.468075,0.532047,2,0
0.456965,0.493102,0.450739,2,0
0.478574,0.470516,0.40984,2,0
0.486265,0.448907,0.389574,2,0
0.493468,0.456355,0.431205,2,0
0.513979,0.474667,0.502503,2,0
0.543523,0.468197,0.536809,2,0
0.566597,0.456355,0.572091,2,0
0.550848,0.472104,0.602857,2,1
0.550848,0.473202,0.585521,2,0
0.546453,0.46722,0.560249,2,0
0.538884,0.461238,0.531803,2,0
0.523257,0.457453,0.516298,2,0
0.525455,0.45611,0.493224,2,0
0.534733,0.47015,0.467342,2,0
0.56086,0.455378,0.442681,2,0
0.572458,0.447686,0.410328,2,0
0.572335,0.459529,0.387132,2,0
0.545599,0.477475,0.38701,2,0
0.542058,0.471249,0.402759,2,0
0.537663,0.462093,0.431937,2,0
0.529728,0.458796,0.469173,2,0
0.533634,0.454645,0.502747,2,0
0.561836,0.472104,0.500061,2,0
0.584788,0.425711,0.538762,2,0
0.573556,0.465023,0.572946,2,0
0.555244,0.473324,0.579661,2,0
0.543401,0.480161,0.573068,2,0
0.537907,0.487242,0.560127,2,0
0.528019,0.500061,0.556831,2,0
0.525577,0.49298,0.540715,2,0
0.524966,0.483824,0.518496,2,0
0.515688,0.479673,0.510927,2,0
0.495788,0.476254,0.475888,2,0
0.500061,0.455378,0.438286,2,0
0.506287,0.462093,0.398974,2,0
0.500427,0.446221,0.381516,2,0
0.494445,0.45318,0.408619,2,0
0.502014,0.465755,0.46954,2,0
0.515444,0.469662,0.522403,2,0
0.552314,0.462337,0.552802,2,0
0.534977,0.476377,0.605665,2,0
0.525333,0.48712,0.588329,2,0
0.519839,0.475888,0.549994,2,0
0.492614,0.482725,0.511659,2,0
0.479673,0.486265,0.471615,2,0
0.488097,0.471859,0.423025,2,0
0.500183,0.455622,0.394457,2,0
0.504212,0.460505,0.415212,2,0
0.508607,0.465267,0.488585,2,0
0.51581,0.469418,0.537785,2,0
0.551947,0.473813,0.52985,2,0
0.542791,0.468563,0.621292,2,0
0.535222,0.475644,0.599805,2,0
0.535832,0.462581,0.564522,2,0
0.526309,0.45782,0.542791,2,0
0.523623,0.453669,0.519351,2,0
0.523379,0.461116,0.492126,2,1
0.530216,0.470272,0.478574,2,0
0.54975,0.447564,0.456965,2,0
0.566231,0.469662,0.428885,2,0
0.554511,0.458552,0.410573,2,0
0.531071,0.474667,0.413136,2,0
0.523013,0.483335,0.427665,2,0
0.520205,0.474789,0.445855,2,0
0.525455,0.470516,0.45843,2,0
0.529728,0.467586,0.465145,2,0
0.52692,0.458674,0.465267,2,0
0.527408,0.445977,0.475156,2,0
0.524722,0.437553,0.495666,2,0
0.521182,0.447686,0.516665,2,0
0.543279,0.483702,0.491027,2,0
0.577219,0.445733,0.509462,2,0
0.579783,0.421072,0.554755,2,0
0.560249,0.456599,0.56672,2,0
0.554023,0.476132,0.554023,2,0
0.550116,0.473935,0.555854,2,0
0.543523,0.474789,0.554877,2,0
0.53571,0.495422,0.539495,2,0
0.532414,0.487242,0.528873,2,0
0.529117,0.473691,0.523257,2,0
0.526431,0.470516,0.502259,2,0
0.507752,0.463435,0.484922,2,0
0.511293,0.458064,0.467342,2,0
0.531559,0.4555,0.404957,2,0
0.525333,0.442681,0.365401,2,0
0.500916,0.465511,0.358808,2,0
0.498596,0.472714,0.431815,2,0
0.503113,0.476499,0.513124,2,0
0.523746,0.480772,0.525455,2,0
0.571481,0.428031,0.556831,2,0
0.52985,0.472836,0.617385,2,0
0.528507,0.474423,0.574899,2,0
0.511415,0.469173,0.542303,2,0
0.482237,0.485655,0.499329,2,0
0.472958,0.488341,0.450006,2,0
0.492614,0.462093,0.4157,2,0
0.506654,0.465145,0.393236,2,0
0.509095,0.454157,0.43792,2,0
0.511903,0.459773,0.508241,2,0
0.525821,0.468685,0.527774,2,0
0.558418,0.463924,0.555121,2,0
0.532169,0.472592,0.616164,2,0
0.533512,0.488341,0.587962,2,0
0.531559,0.473813,0.563301,2,0
0.525821,0.46722,0.543401,2,1
0.522525,0.460628,0.525943,2,0
0.530827,0.439873,0.50934,2,0
0.525943,0.451715,0.491149,2,0
0.541082,0.425345,0.474301,2,0
0.547552,0.454279,0.45782,2,0
0.549506,0.46075,0.4356,2,0
0.548041,0.457697,0.420584,2,0
0.524722,0.484922,0.422293,2,0
0.53046,0.476621,0.436333,2,0
0.534855,0.466732,0.445489,2,0
0.525333,0.45904,0.463558,2,0
0.532047,0.443291,0.475766,2,0
0.532902,0.441826,0.486998,2,0
0.537297,0.446832,0.507997,2,0
0.556953,0.467464,0.514101,2,0
0.574167,0.43853,0.528385,2,0
0.57844,0.415822,0.556831,2,0
0.557197,0.471615,0.570504,2,0
0.549139,0.487853,0.569772,2,0
0.548041,0.480405,0.557685,2,0
0.536565,0.492248,0.55854,2,0
0.528995,0.501038,0.543768,2,0
0.529728,0.483946,0.525943,2,0
0.52753,0.475644,0.51288,2,0
0.520571,0.468319,0.495422,2,0
0.497864,0.462825,0.47015,2,0
0.520083,0.449029,0.427665,2,0
0.522036,0.446954,0.361739,2,0
0.505799,0.457087,0.353925,2,0
0.497253,0.467098,0.424857,2,0
0.501648,0.475156,0.513002,2,0
0.512514,0.496643,0.517641,2,0
0.572091,0.446954,0.537419,2,0
0.536809,0.470639,0.616897,2,0
0.530338,0.486998,0.582224,2,0
0.523379,0.47308,0.5445,2,0
0.497253,0.474423,0.519961,2,0
0.479795,0.482481,0.479184,2,0
0.476865,0.471981,0.424124,2,0
0.494567,0.453058,0.399707,2,0
0.500549,0.4555,0.394335,2,0
0.504456,0.458552,0.450617,2,0
0.508363,0.459407,0.518618,2,0
0.52985,0.495422,0.512392,2,0
0.563179,0.459651,0.546942,2,0
0.551215,0.4555,0.61067,2,0
0.553046,0.478818,0.591503,2,1
0.550238,0.477353,0.563057,2,0
0.535832,0.474179,0.545843,2,0
0.526554,0.471859,0.519351,2,0
0.522403,0.441338,0.493224,2,0
0.519839,0.472958,0.48419,2,0
0.531437,0.463313,0.481382,2,0
0.554511,0.441338,0.454401,2,0
0.569894,0.457942,0.421926,2,0
0.558296,0.458308,0.408985,2,0
0.531803,0.484556,0.398852,2,0
0.529728,0.475522,0.413503,2,0
0.532902,0.466732,0.428885,2,0
0.528629,0.464778,0.447564,2,0
0.528751,0.454157,0.463191,2,0
0.533634,0.447076,0.498108,2,0
0.536076,0.447564,0.519228,3,0
0.586375,0.469784,0.480772,3,0
0.599316,0.405445,0.535222,3,0
0.558784,0.477842,0.559761,3,0
0.544744,0.484922,0.551215,3,0
0.534123,0.492614,0.539861,3,0
0.531315,0.494445,0.534977,3,0
0.524844,0.508119,0.532414,3,0
0.519839,0.501648,0.528385,3,0
0.517397,0.495056,0.518374,3,0
0.517153,0.488829,0.51581,3,0
0.522036,0.478818,0.518984,3,0
0.521792,0.474301,0.520693,3,0
0.519106,0.466732,0.517397,3,0
0.51813,0.465755,0.518008,3,0
0.517031,0.473691,0.519351,3,0
0.514467,0.470639,0.521304,3,0
0.512636,0.466243,0.523257,3,0
0.514223,0.468441,0.520571,3,0
0.51642,0.472958,0.51813,3,0
0.514833,0.485533,0.516543,3,0
0.518984,0.483946,0.521792,3,0
0.521426,0.483457,0.520938,3,0
0.523623,0.479673,0.515566,3,0
0.526187,0.475888,0.515932,3,0
0.525088,0.471859,0.51581,3,0
0.528507,0.469051,0.518496,3,0
0.529606,0.468929,0.515444,3,0
0.528629,0.46954,0.513735,3,0
0.528019,0.469906,0.514711,3,0
0.525088,0.476865,0.515566,3,0
0.523013,0.481626,0.514223,3,0
0.522281,0.481504,0.514833,3,0
0.520816,0.481626,0.517519,3,0
0.520327,0.48712,0.517641,3,0
0.520816,0.491027,0.514223,3,0
0.520938,0.488707,0.518862,3,0
0.522036,0.490416,0.520327,3,0
0.522158,0.492248,0.51581,3,0
0.523257,0.493591,0.519473,3,0
0.523623,0.494689,0.519351,3,0
0.523501,0.493224,0.517763,3,0
0.524478,0.490416,0.517763,3,0
0.524722,0.490905,0.518862,3,0
0.523501,0.493346,0.519106,3,0
0.52399,0.496398,0.519228,3,0
0.525088,0.494567,0.517641,3,0
0.524722,0.491637,0.516787,3,0
0.525699,0.489806,0.519839,3,0
0.527164,0.490905,0.51642,3,0
0.527042,0.492614,0.513124,3,0
0.528507,0.492248,0.514833,3,0
0.527164,0.493468,0.516665,3,0
0.523868,0.493591,0.517519,3,0
0.523623,0.492614,0.518496,3,0
0.523868,0.491149,0.517763,3,0
0.523623,0.491393,0.516543,3,0
0.524356,0.492248,0.517153,3,0
0.525821,0.491637,0.519228,3,0
0.526798,0.492492,0.520693,3,0
0.527774,0.493957,0.519106,3,0
0.527652,0.494201,0.519473,3,0
0.526798,0.493102,0.519961,3,0
0.5246,0.493713,0.520693,3,0
0.522891,0.493102,0.518984,3,0
0.52167,0.492126,0.517397,3,0
0.520083,0.49066,0.517641,3,0
0.519106,0.491149,0.516787,3,0
0.51874,0.49005,0.519473,3,0
0.518618,0.488463,0.520205,3,0
0.51813,0.487975,0.519717,3,0
0.51874,0.489195,0.51813,3,0
0.519473,0.487486,0.516176,3,0
0.518862,0.486387,0.516909,3,0
0.51813,0.485655,0.51813,3,0
0.516054,0.485899,0.517641,3,0
0.51642,0.485777,0.514467,3,0
0.516298,0.48419,0.516176,3,0
0.515566,0.480894,0.518862,3,0
0.515932,0.480527,0.519839,3,0
0.517397,0.482359,0.518618,3,0
0.519595,0.479673,0.520205,3,0
0.520205,0.480894,0.523257,3,0
0.520205,0.480894,0.523501,3,0
0.520571,0.482359,0.518374,3,0
0.521914,0.48065,0.519473,3,0
0.521304,0.480161,0.521182,3,0
0.521182,0.481382,0.520693,3,0
0.521182,0.479795,0.519228,3,0
0.522403,0.479551,0.520693,3,0
0.519961,0.478818,0.520327,3,0
0.517397,0.478818,0.519228,3,0
0.517641,0.480772,0.520938,3,0
0.515444,0.483335,0.519228,3,0
0.511659,0.483213,0.517275,3,0
0.509462,0.484312,0.518374,3,0
0.509462,0.483824,0.519961,3,0
0.508363,0.482481,0.517641,3,0
0.50702,0.484434,0.516665,3,0
0.506532,0.482725,0.519228,3,0
0.505433,0.482481,0.520938,3,0
0.503479,0.484312,0.518252,3,0
0.502014,0.484556,0.516909,3,0
0.502014,0.482481,0.518252,3,0
0.502259,0.479673,0.517519,3,0
0.502136,0.479551,0.516909,3,0
0.50177,0.47894,0.517397,3,0
0.502014,0.47833,0.51642,3,0
0.501892,0.479917,0.514589,3,0
0.502747,0.477475,0.518374,3,0
0.503479,0.472714,0.520693,3,0
0.503968,0.472226,0.518496,3,0
0.504822,0.472714,0.520693,3,0
0.505677,0.472348,0.524112,3,0
0.506043,0.476132,0.523013,3,0
0.506898,0.47833,0.523379,3,0
0.506776,0.479062,0.523257,3,0
0.507142,0.478574,0.522891,3,0
0.507386,0.477597,0.519961,3,0
0.507874,0.473569,0.517397,3,0
0.507142,0.473324,0.515688,3,0
0.506409,0.47308,0.517763,3,0
0.505677,0.478086,0.519595,3,0
0.505677,0.483213,0.525211,3,0
0.507752,0.482603,0.521426,3,0
0.509217,0.477109,0.509584,3,0
0.505799,0.466854,0.484312,3,0
0.498474,0.466854,0.459651,3,0
0.490294,0.457942,0.452448,3,0
0.507386,0.45782,0.490905,3,0
0.496643,0.46954,0.486143,3,0
0.492248,0.477964,0.562325,3,0
0.515444,0.486998,0.498108,3,0
0.557929,0.450739,0.534855,3,0
0.46661,0.476499,0.491759,3,0
0.486143,0.469662,0.471493,3,0
0.494323,0.46954,0.506409,3,0
0.492126,0.510438,0.515444,3,0
0.532414,0.456843,0.472104,3,0
0.471737,0.464168,0.534977,3,0
0.497986,0.480283,0.474179,3,0
0.495056,0.462947,0.499939,3,0
0.477475,0.462459,0.521792,3,0
0.512636,0.447809,0.520327,3,0
0.506532,0.408985,0.557563,3,0
0.492003,0.417043,0.558662,3,0
0.499817,0.440972,0.537541,3,0
0.510194,0.410695,0.527164,3,0
0.516176,0.417043,0.515444,3,0
0.520205,0.443291,0.507997,3,0
0.519839,0.458674,0.515322,3,0
0.521792,0.48419,0.514223,3,0
0.523623,0.496398,0.498962,3,0
0.52167,0.502747,0.499329,3,0
0.513368,0.526676,0.492492,3,0
0.511903,0.508607,0.477597,3,0
0.500061,0.484068,0.449029,3,0
0.483335,0.488463,0.479917,3,0
0.46661,0.547674,0.484922,3,0
0.488219,0.51227,0.54218,3,0
0.496154,0.448541,0.416677,3,0
0.481382,0.503724,0.540105,3,0
0.45257,0.476377,0.492126,3,0
0.464778,0.483335,0.501404,3,0
0.470394,0.533512,0.511537,3,0
0.508851,0.408375,0.471127,3,0
0.451593,0.506898,0.548041,3,0
0.468807,0.506043,0.497253,3,0
0.477231,0.494811,0.51227,3,0
0.523013,0.47601,0.453424,3,0
0.544012,0.478696,0.499206,3,0
0.520571,0.546698,0.535466,3,0
0.503846,0.519595,0.539861,3,0
0.497253,0.504334,0.502503,3,0
0.477475,0.478208,0.483457,3,0
0.475888,0.492126,0.458552,3,0
0.460261,0.483946,0.450372,3,0
0.475522,0.448297,0.474911,3,0
0.484434,0.451471,0.508851,3,0
0.489806,0.454645,0.51288,3,0
0.530827,0.429618,0.550604,3,0
0.486754,0.36943,0.563667,3,0
0.482725,0.437187,0.485899,3,0
0.49005,0.443413,0.504822,3,0
0.492248,0.497741,0.528995,3,0
0.52692,0.440239,0.463313,3,0
0.464778,0.467586,0.550238,3,0
0.510438,0.460383,0.49591,3,0
0.490905,0.474545,0.496032,3,0
0.499451,0.438408,0.460505,3,0
0.509584,0.399707,0.559028,3,0
0.458186,0.421438,0.571603,3,0
0.481138,0.409352,0.522403,3,0
0.486387,0.44146,0.489318,3,0
0.47833,0.465877,0.5047,3,0
0.483702,0.482725,0.502259,3,0
0.488585,0.490538,0.503724,3,0
0.496521,0.47894,0.506287,3,0
0.511537,0.477109,0.512025,3,0
0.53046,0.481748,0.480283,3,0
0.523501,0.482725,0.510072,3,0
0.532047,0.486876,0.49005,3,0
0.481504,0.501404,0.445733,3,0
0.479062,0.527774,0.467464,3,0
0.486143,0.523868,0.514589,3,0
0.512636,0.47247,0.473935,3,0
0.477597,0.555732,0.580271,3,0
0.472836,0.476621,0.520327,3,0
0.483702,0.472836,0.473446,3,0
0.466488,0.49591,0.540715,3,0
0.474301,0.462093,0.450006,3,0
0.461848,0.531071,0.538396,3,0
0.476499,0.473202,0.48126,3,0
0.466366,0.481992,0.493835,3,0
0.463802,0.536442,0.500061,3,0
0.500183,0.426688,0.475766,3,0
0.478696,0.582469,0.561104,3,0
0.491149,0.505799,0.533146,3,0
0.499817,0.504212,0.508485,3,0
0.503724,0.495788,0.494201,3,0
0.515566,0.496887,0.47247,3,0
0.525699,0.483946,0.477719,3,0
0.512025,0.494689,0.485655,3,0
0.489195,0.497986,0.500794,3,0
0.472958,0.483702,0.522525,3,0
0.45843,0.467586,0.514955,3,0
0.473691,0.456599,0.509828,3,1
0.46429,0.441948,0.485167,3,0
0.474423,0.453791,0.47894,3,0
0.485289,0.40105,0.517275,3,0
0.483091,0.479184,0.513857,3,0
0.564156,0.403492,0.594433,3,0
0.474423,0.455988,0.509706,3,0
0.495666,0.477475,0.467953,3,0
0.489684,0.472714,0.513246,3,0
0.49823,0.472226,0.471737,3,0
0.542303,0.445367,0.560615,3,0
0.489318,0.460872,0.534123,3,0
0.502747,0.421316,0.521182,3,0
0.472714,0.42742,0.528629,3,0
0.479795,0.41802,0.504212,3,0
0.485167,0.398242,0.572824,3,0
0.48126,0.460628,0.540227,3,0
0.483457,0.465267,0.523501,3,0
0.484922,0.464534,0.511171,3,0
0.496032,0.471371,0.504944,3,0
0.51227,0.491027,0.502625,3,0
0.537419,0.496521,0.462337,3,0
0.53803,0.485899,0.485899,3,0
0.540471,0.483457,0.477964,3,0
0.498352,0.503235,0.451227,3,0
0.497741,0.484556,0.488219,3,0
0.496887,0.506287,0.506898,3,0
0.490294,0.483946,0.482847,3,0
0.479307,0.530827,0.543645,3,0
0.486021,0.496032,0.522158,3,0
0.485167,0.479062,0.491027,3,0
0.463802,0.505433,0.534855,3,0
0.472348,0.477353,0.486998,3,0
0.488951,0.504456,0.531681,3,0
0.460628,0.538884,0.549872,3,0
0.488585,0.467708,0.462947,3,0
0.45318,0.486998,0.497497,3,0
0.462581,0.503357,0.470516,3,0
0.497375,0.464046,0.502014,3,0
0.48358,0.550848,0.57026,3,0
0.50409,0.520327,0.536565,3,0
0.505433,0.48944,0.512758,3,0
0.516543,0.490783,0.500183,3,0
0.518862,0.490905,0.473691,3,0
0.510316,0.497986,0.472348,3,0
0.502014,0.488585,0.466732,3,0
0.497986,0.474057,0.470761,3,0
0.478208,0.467831,0.479062,3,0
0.479184,0.457331,0.504944,3,1
0.496032,0.469296,0.529361,3,0
0.520083,0.387254,0.56379,3,0
0.486265,0.3864,0.546575,3,0
0.486998,0.425101,0.448297,3,0
0.490905,0.427176,0.469906,3,0
0.484312,0.489928,0.561958,3,0
0.509828,0.45782,0.458918,3,0
0.518374,0.485777,0.62532,3,0
0.496154,0.433769,0.492003,3,0
0.521914,0.455866,0.46136,3,0
0.493346,0.465389,0.502503,3,0
0.490905,0.459773,0.477964,3,0
0.512514,0.420706,0.61006,3,0
0.473691,0.411671,0.583567,3,0
0.490294,0.427176,0.528995,3,0
0.488707,0.446221,0.526309,3,0
0.488341,0.476377,0.514467,3,0
0.502747,0.47833,0.478086,3,0
0.506409,0.484068,0.488585,3,0
0.515932,0.475522,0.488585,3,0
0.536931,0.476865,0.46136,3,0
0.54218,0.461482,0.432426,3,0
0.520816,0.469173,0.451959,3,0
0.513368,0.488585,0.475034,3,0
0.500427,0.514101,0.516909,3,0
0.483335,0.502625,0.526676,3,0
0.471737,0.528385,0.529972,3,0
0.466366,0.563667,0.562447,3,0
0.517031,0.513857,0.49298,3,0
0.482847,0.442071,0.419973,3,0
0.47015,0.506165,0.479795,3,0
0.469418,0.522403,0.533879,3,0
0.492492,0.502381,0.483702,3,0
0.46661,0.568185,0.598584,3,0
0.502503,0.469662,0.536931,3,0
0.482115,0.442071,0.457331,3,0
0.468685,0.514589,0.522158,3,0
0.477597,0.511781,0.482725,3,0
0.492492,0.528629,0.536076,3,0
0.512636,0.497131,0.523501,3,0
0.512025,0.492003,0.500794,3,0
0.513124,0.499573,0.489928,3,0
0.510438,0.504456,0.4848,3,0
0.506409,0.506043,0.480772,3,0
0.496032,0.503846,0.493224,3,0
0.483457,0.51056,0.526798,3,0
0.480405,0.469906,0.513002,3,1
0.465633,0.474545,0.540471,3,0
0.468075,0.49591,0.502503,3,0
0.482115,0.403736,0.445977,3,0
0.506532,0.433036,0.470272,3,0
0.482237,0.429862,0.506043,3,0
0.514955,0.465755,0.50934,3,0
0.554633,0.417898,0.5937,3,0
0.462581,0.455622,0.567818,3,0
0.482237,0.43853,0.461238,3,0
0.505433,0.445001,0.468441,3,0
0.497131,0.478086,0.532047,3,0
0.508241,0.463802,0.466121,3,0
0.481992,0.424002,0.605787,3,0
0.480405,0.43035,0.539495,3,0
0.482115,0.430106,0.527774,3,0
0.47833,0.426199,0.530338,3,0
0.485655,0.436455,0.504822,3,0
0.492736,0.4157,0.525577,3,0
0.489195,0.448907,0.513613,3,0
0.491271,0.462093,0.502747,3,0
0.503846,0.454767,0.499451,3,0
0.508607,0.483091,0.499695,3,0
0.518008,0.49237,0.499939,3,0
0.531681,0.493224,0.459285,3,0
0.529239,0.48419,0.498718,3,0
0.502381,0.507752,0.488463,3,0
0.474789,0.550726,0.483824,3,0
0.483946,0.534733,0.479429,3,0
0.532536,0.436088,0.49066,3,0
0.467342,0.581248,0.513124,3,0
0.468319,0.507874,0.512636,3,0
0.472226,0.507508,0.503968,3,0
0.491515,0.451593,0.497009,3,0
0.467831,0.513857,0.526431,3,0
0.458918,0.51056,0.520938,3,0
0.479062,0.506898,0.463191,3,0
0.511659,0.414601,0.500061,3,0
0.492858,0.565255,0.540838,3,0
0.501038,0.515688,0.538274,3,0
0.512147,0.517153,0.501526,3,0
0.517397,0.484678,0.482115,3,0
0.514833,0.494201,0.471005,3,0
0.502991,0.498962,0.468807,3,0
0.484556,0.486876,0.475034,3,0
0.470394,0.483946,0.482115,3,0
0.465755,0.475034,0.505433,3,0
0.470394,0.477475,0.536809,3,0
0.509217,0.414479,0.501526,3,1
0.48773,0.340862,0.505067,3,0
0.497009,0.426688,0.48126,3,0
0.473935,0.438896,0.544744,3,0
0.488219,0.485533,0.50116,3,0
0.553656,0.446832,0.58491,3,0
0.479795,0.454035,0.531803,3,0
0.502869,0.456232,0.46954,3,0
0.480405,0.482725,0.47015,3,0
0.502014,0.487853,0.463069,3,0
0.531315,0.419607,0.585277,3,0
0.477353,0.45782,0.596264,3,0
0.492858,0.408985,0.553534,3,0
0.496521,0.42095,0.53864,3,0
0.491515,0.431327,0.52753,3,0
0.506409,0.452692,0.491271,3,0
0.502991,0.45257,0.491271,3,0
0.480283,0.449029,0.492492,3,0
0.495544,0.465755,0.492126,3,0
0.498596,0.468929,0.488707,3,0
0.509828,0.477842,0.485533,3,0
0.525455,0.488463,0.454767,3,0
0.517397,0.487364,0.452082,3,0
0.503601,0.503479,0.483946,3,0
0.497009,0.522769,0.524844,3,0
0.497986,0.45611,0.486265,3,0
0.459773,0.573556,0.560737,3,0
0.500183,0.44732,0.502136,3,0
0.509217,0.439873,0.476499,3,0
0.450983,0.572702,0.556098,3,0
0.468075,0.482603,0.476377,3,0
0.473446,0.55622,0.568551,3,0
0.510805,0.456355,0.518252,3,0
0.480161,0.462215,0.485167,3,0
0.461604,0.575021,0.487608,3,0
0.477475,0.479307,0.44964,3,0
0.492248,0.550726,0.555976,3,0
0.51349,0.522891,0.550482,3,0
0.503724,0.490783,0.518496,3,0
0.508119,0.492614,0.485777,3,0
0.512758,0.489195,0.478818,3,0
0.511415,0.483457,0.46136,3,0
0.50116,0.488951,0.46075,3,0
0.497131,0.480527,0.475278,3,0
0.483335,0.474423,0.492126,3,0
0.48712,0.478086,0.526065,3,0
0.5047,0.411183,0.552314,3,0
0.515688,0.387865,0.56965,3,0
0.485411,0.3864,0.519595,3,1
0.483702,0.453302,0.472348,3,0
0.488097,0.42095,0.509706,3,0
0.489684,0.496276,0.555854,3,0
0.528507,0.431815,0.488951,3,0
0.471859,0.455256,0.58137,3,0
0.504944,0.444879,0.469051,3,0
0.501648,0.468075,0.451837,3,0
0.498474,0.50934,0.477109,3,0
0.526065,0.405445,0.502259,3,0
0.472226,0.478818,0.575754,3,0
0.494079,0.401538,0.543523,3,0
0.483091,0.413258,0.520327,3,0
0.476499,0.4356,0.513735,3,0
0.496521,0.423025,0.524722,3,0
0.498596,0.45318,0.548163,3,0
0.494689,0.497864,0.53925,3,0
0.503357,0.481382,0.515444,3,0
0.508851,0.486754,0.50409,3,0
0.512636,0.4953,0.490172,3,0
0.517519,0.482725,0.483335,3,0
0.525699,0.475522,0.467708,3,0
0.537419,0.438042,0.443902,3,0
0.527896,0.475766,0.445733,3,0
0.505311,0.517519,0.481504,3,0
0.468319,0.528629,0.522891,3,0
0.478208,0.469784,0.557929,3,0
0.45611,0.552924,0.556464,3,0
0.51874,0.446466,0.533146,3,0
0.535588,0.43035,0.457575,3,0
0.449518,0.544256,0.543279,3,0
0.446221,0.499939,0.503601,3,0
0.45318,0.565255,0.532292,3,0
0.526554,0.432426,0.489318,3,0
0.493713,0.444512,0.47833,3,0
0.458674,0.526187,0.505067,3,0
0.469662,0.551215,0.51056,3,0
0.491393,0.528873,0.547674,3,0
0.517397,0.505189,0.522281,3,0
0.526065,0.483457,0.506287,3,0
0.520449,0.474911,0.499573,3,0
0.513979,0.490538,0.490294,3,0
0.50934,0.489195,0.481504,3,0
0.489195,0.491271,0.473446,3,0
0.481504,0.490416,0.505921,3,0
0.46954,0.467586,0.544134,3,0
0.477964,0.461726,0.54389,3,0
0.498108,0.472958,0.548407,3,0
0.488463,0.389696,0.495422,3,1
0.490538,0.419485,0.481748,3,0
0.477353,0.429252,0.520083,3,0
0.493224,0.490783,0.532047,3,0
0.526065,0.463069,0.555976,3,0
0.485167,0.454279,0.541082,3,0
0.503724,0.43621,0.456599,3,0
0.486754,0.477353,0.471127,3,0
0.503235,0.491515,0.473446,3,0
0.515444,0.502625,0.579416,3,0
0.49237,0.425589,0.559761,3,0
0.500549,0.423392,0.517519,3,0
0.48651,0.425833,0.517763,3,0
0.49591,0.424612,0.5152,3,0
0.500427,0.417776,0.554755,3,0
0.487975,0.500183,0.545477,3,0
0.486754,0.493591,0.533268,3,0
0.489562,0.489684,0.520205,3,0
0.500794,0.485045,0.499695,3,0
0.505555,0.491149,0.480405,3,0
0.51288,0.480283,0.479795,3,0
0.532047,0.439385,0.465267,3,0
0.529117,0.442681,0.471859,3,0
0.522036,0.461116,0.46197,3,0
0.526187,0.462459,0.431083,3,0
0.524234,0.469906,0.468197,3,0
0.515078,0.497131,0.509706,3,0
0.478818,0.512147,0.519473,3,0
0.470639,0.523013,0.553656,3,0
0.48358,0.516909,0.534733,3,0
0.522158,0.449518,0.481382,3,0
0.482237,0.486021,0.51813,3,0
0.455988,0.487608,0.499451,3,0
0.49237,0.508119,0.517397,3,0
0.47894,0.482725,0.510072,3,0
0.511049,0.46197,0.477231,3,0
0.464534,0.516787,0.510316,3,0
0.457087,0.489195,0.475522,3,0
0.465633,0.564644,0.556098,3,0
0.497864,0.489928,0.539495,3,0
0.512636,0.471859,0.492614,3,0
0.515566,0.492614,0.484068,3,0
0.526309,0.492492,0.469296,3,0
0.52985,0.476621,0.494201,3,0
0.52167,0.506898,0.501892,3,0
0.508119,0.509217,0.511903,3,0
0.489928,0.517153,0.503479,3,0
0.469051,0.536442,0.523868,3,0
0.486754,0.51874,0.540471,3,1
0.477842,0.492492,0.525577,3,0
0.495666,0.382249,0.463435,3,0
0.501526,0.355268,0.461482,3,0
0.483946,0.458918,0.518008,3,0
0.510805,0.4356,0.534855,3,0
0.4953,0.472714,0.592602,3,0
0.493835,0.407643,0.512147,3,0
0.488951,0.461238,0.496643,3,0
0.492126,0.49591,0.457331,3,0
0.521304,0.409718,0.503235,3,0
0.476499,0.455988,0.560249,3,0
0.492126,0.42095,0.543523,3,0
0.482969,0.414235,0.515322,3,0
0.497009,0.413625,0.518252,3,0
0.503724,0.431815,0.560249,3,0
0.495178,0.489073,0.548895,3,0
0.490905,0.475034,0.526431,3,0
0.493102,0.484678,0.513002,3,0
0.498962,0.479551,0.506287,3,0
0.505555,0.483213,0.487975,3,0
0.51288,0.472226,0.473569,3,0
0.532169,0.469418,0.455744,3,0
0.541204,0.45025,0.430228,3,0
0.519106,0.48944,0.454401,3,0
0.494933,0.530949,0.509706,3,0
0.457209,0.485777,0.513857,3,0
0.493835,0.499939,0.48944,3,0
0.477231,0.506165,0.528385,3,0
0.514101,0.486876,0.512758,3,0
0.470883,0.489195,0.544744,3,0
0.467464,0.489562,0.495056,3,0
0.479673,0.500427,0.500916,3,0
0.494445,0.472348,0.527286,3,0
0.521426,0.486998,0.504212,3,0
0.450983,0.533512,0.513857,3,0
0.465023,0.498352,0.466976,3,0
0.48126,0.535588,0.522525,3,0
0.509462,0.505921,0.528995,3,0
0.522403,0.500427,0.509462,3,0
0.519961,0.482359,0.498108,3,0
0.519228,0.48358,0.48065,3,0
0.514589,0.489806,0.477597,3,0
0.500183,0.494445,0.4848,3,0
0.486265,0.49823,0.493346,3,0
0.481016,0.476743,0.525699,3,0
0.482115,0.450739,0.571359,3,0
0.489562,0.478818,0.551337,3,0
0.477964,0.428397,0.514345,3,0
0.479062,0.390795,0.478208,3,1
0.477719,0.42156,0.491149,3,0
0.49298,0.501404,0.523379,3,0
0.515322,0.457087,0.509828,3,0
0.491759,0.464046,0.597485,3,0
0.501404,0.430961,0.476987,3,0
0.507752,0.433891,0.461116,3,0
0.49298,0.516543,0.490905,3,0
0.504822,0.482237,0.474057,3,0
0.501526,0.476743,0.590526,3,0
0.497253,0.43853,0.49823,3,0
0.493957,0.43035,0.483213,3,0
0.480772,0.456232,0.476743,3,0
0.501038,0.439629,0.506654,3,0
0.51349,0.448419,0.540471,3,0
0.502747,0.487853,0.530949,3,0
0.502503,0.488707,0.515932,4,0
0.500427,0.482359,0.507752,4,0
0.500916,0.485655,0.50409,4,0
0.499695,0.487242,0.503601,4,0
0.500061,0.485045,0.502259,4,0
0.500183,0.485533,0.49884,4,0
0.500183,0.489684,0.496765,4,0
0.500305,0.486265,0.497497,4,0
0.499084,0.485289,0.501648,4,0
0.498474,0.485045,0.50934,4,0
0.498108,0.488219,0.513368,4,0
0.49884,0.48358,0.519717,4,0
0.497375,0.482237,0.530949,4,0
0.492248,0.487853,0.546331,4,0
0.494201,0.510682,0.536076,4,0
0.500061,0.497131,0.537053,4,0
0.497986,0.486632,0.539983,4,0
0.496643,0.482481,0.540471,4,0
0.495788,0.482115,0.534123,4,0
0.496154,0.483702,0.528629,4,0
0.497009,0.485655,0.526065,4,0
0.499695,0.486632,0.52399,4,0
0.501404,0.484678,0.523013,4,0
0.503113,0.482359,0.522891,4,0
0.505433,0.482969,0.522769,4,0
0.507874,0.486876,0.523013,4,0
0.507997,0.487975,0.523501,4,0
0.510316,0.484922,0.526309,4,0
0.511415,0.489928,0.530216,4,0
0.510805,0.494811,0.529117,4,0
0.510682,0.492248,0.52692,4,0
0.511537,0.488951,0.526065,4,0
0.511537,0.488951,0.525211,4,0
0.508973,0.489562,0.522158,4,0
0.508119,0.489073,0.52167,4,0
0.507142,0.488097,0.522769,4,0
0.506165,0.487975,0.524234,4,0
0.505189,0.48712,0.525088,4,0
0.505555,0.485777,0.527042,4,0
0.50763,0.482725,0.530827,4,0
0.507508,0.484556,0.528385,4,0
0.507997,0.487608,0.525943,4,0
0.509095,0.489318,0.524844,4,0
0.509095,0.490294,0.524844,4,0
0.508973,0.491515,0.524966,4,0
0.50995,0.492126,0.525211,4,0
0.508851,0.490905,0.523746,4,0
0.507997,0.490416,0.523135,4,0
0.507752,0.489073,0.523868,4,0
0.506287,0.488829,0.524478,4,0
0.5047,0.488219,0.524966,4,0
0.504456,0.487608,0.526065,4,0
0.503846,0.486632,0.527164,4,0
0.502991,0.48712,0.527896,4,0
0.503968,0.486998,0.527774,4,0
0.505311,0.487608,0.527042,4,0
0.505799,0.487853,0.525821,4,0
0.506654,0.488829,0.526187,4,0
0.507508,0.488097,0.528019,4,0
0.508119,0.490294,0.526676,4,0
0.508119,0.491027,0.524356,4,0
0.507874,0.491637,0.522525,4,0
0.507508,0.490538,0.522647,4,0
0.506165,0.489684,0.522281,4,0
0.505921,0.489928,0.523013,4,0
0.505921,0.488951,0.524844,4,0
0.504944,0.488585,0.526187,4,0
0.504334,0.487853,0.527408,4,0
0.503479,0.486632,0.527652,4,0
0.502991,0.486387,0.528263,4,0
0.503357,0.485655,0.529728,4,0
0.504212,0.485655,0.530216,4,0
0.504944,0.487853,0.529484,4,0
0.506898,0.491271,0.527774,4,0
0.507386,0.493835,0.527286,4,0
0.508973,0.492248,0.528873,4,0
0.510682,0.494201,0.527896,4,0
0.510927,0.494567,0.526187,4,0
0.511781,0.494567,0.523501,4,0
0.511903,0.49298,0.522281,4,0
0.511049,0.491149,0.523013,4,0
0.508119,0.490294,0.524112,4,0
0.506409,0.494689,0.526187,4,0
0.503968,0.496887,0.525211,4,0
0.503724,0.496887,0.525088,4,0
0.503357,0.497253,0.525211,4,0
0.503601,0.493713,0.527042,4,0
0.503357,0.491149,0.52985,4,0
0.50409,0.495788,0.530704,4,0
0.504456,0.496154,0.530216,4,0
0.503235,0.491515,0.529484,4,0
0.502259,0.493957,0.530094,4,0
0.502747,0.493468,0.527042,4,0
0.501892,0.489806,0.525577,4,0
0.499939,0.487486,0.526187,4,0
0.498108,0.485045,0.52399,4,0
0.496276,0.479551,0.520571,4,0
0.496643,0.477353,0.519839,4,0
0.496643,0.4754,0.517519,4,0
0.498352,0.471859,0.516665,4,0
0.501404,0.471005,0.518496,4,0
0.502381,0.475644,0.517886,4,0
0.503968,0.476254,0.517031,4,0
0.505799,0.475766,0.518252,4,0
0.50702,0.480894,0.520938,4,0
0.506654,0.494323,0.520083,4,0
0.507508,0.503601,0.520083,4,0
0.509095,0.495666,0.525699,4,0
0.510682,0.489806,0.528751,4,0
0.509706,0.49066,0.525699,4,0
0.508607,0.490416,0.524722,4,0
0.507508,0.488829,0.527896,4,0
0.506532,0.490416,0.528873,4,0
0.505677,0.491027,0.529606,4,0
0.503846,0.489562,0.530216,4,0
0.503235,0.482603,0.530949,4,0
0.500916,0.480283,0.529239,4,0
0.498718,0.478452,0.527896,4,0
0.497497,0.479062,0.529606,4,0
0.496032,0.477842,0.53339,4,0
0.492858,0.463313,0.532047,4,0
0.488219,0.449518,0.529361,4,0
0.485777,0.451105,0.514833,4,0
0.482969,0.439873,0.505677,4,0
0.487975,0.442193,0.500794,4,0
0.491271,0.45782,0.477842,4,0
0.492003,0.464168,0.468807,4,0
0.495544,0.480283,0.474667,4,0
0.501892,0.488829,0.489073,4,0
0.511049,0.483457,0.494811,4,0
0.519961,0.494079,0.500305,4,0
0.522769,0.502869,0.505799,4,0
0.522647,0.501404,0.514467,4,0
0.520693,0.49298,0.527774,4,0
0.516909,0.491149,0.531315,4,0
0.511415,0.48126,0.535588,4,0
0.506654,0.475156,0.535954,4,0
0.512025,0.464656,0.529728,4,0
0.49823,0.447442,0.52692,4,0
0.476865,0.443536,0.518008,4,0
0.470516,0.439873,0.508607,4,0
0.460994,0.421072,0.4953,4,0
0.461604,0.428519,0.485045,4,0
0.467586,0.440117,0.47601,4,0
0.481138,0.448785,0.466732,4,0
0.490783,0.460872,0.458308,4,0
0.498474,0.472226,0.463558,4,0
0.508119,0.485167,0.471981,4,0
0.518252,0.48651,0.479551,4,0
0.528751,0.500305,0.494201,4,0
0.536687,0.507752,0.511781,4,0
0.539495,0.499206,0.53339,4,0
0.536442,0.49066,0.560127,4,0
0.524844,0.487364,0.575754,4,0
0.513979,0.47601,0.572213,4,0
0.505677,0.460628,0.566964,4,0
0.500427,0.449518,0.558296,4,0
0.497375,0.422293,0.541936,4,0
0.491759,0.396044,0.526431,4,0
0.502136,0.371627,0.495544,4,0
0.513735,0.375656,0.465633,4,0
0.513124,0.40166,0.439629,4,0
0.513368,0.427054,0.438652,4,0
0.518618,0.459285,0.445611,4,0
0.525577,0.482969,0.455012,4,0
0.525821,0.499695,0.471005,4,0
0.524844,0.506654,0.482603,4,0
0.525943,0.507874,0.49005,4,0
0.532169,0.511415,0.49591,4,0
0.539006,0.509584,0.500794,4,0
0.545355,0.505067,0.514101,4,0
0.546331,0.497741,0.533146,4,0
0.542547,0.48712,0.556464,4,0
0.5351,0.479917,0.57258,4,0
0.517275,0.459895,0.585032,4,0
0.48187,0.44964,0.575632,4,0
0.470883,0.431815,0.552558,4,0
0.457087,0.390551,0.512514,4,0
0.453302,0.404957,0.484556,4,0
0.458308,0.430961,0.475034,4,0
0.476865,0.444268,0.464778,4,0
0.489806,0.458186,0.459407,4,0
0.498352,0.466121,0.460139,4,0
0.50702,0.48773,0.470028,4,0
0.517641,0.489195,0.487486,4,0
0.525577,0.506776,0.496765,4,0
0.530216,0.498962,0.518618,4,0
0.522281,0.497009,0.534855,4,0
0.513368,0.495666,0.545843,4,0
0.504578,0.490783,0.544622,4,0
0.491149,0.482847,0.543035,4,0
0.496643,0.470394,0.539128,4,0
0.493102,0.45257,0.537541,4,0
0.491271,0.437676,0.535954,4,0
0.491515,0.42974,0.524234,4,0
0.485167,0.414601,0.52167,4,0
0.485167,0.422049,0.516543,4,0
0.488585,0.431937,0.507874,4,0
0.502014,0.424979,0.482725,4,0
0.509706,0.432914,0.468563,4,0
0.517397,0.437309,0.466121,4,0
0.51642,0.453791,0.46429,4,0
0.514833,0.468319,0.464412,4,0
0.512392,0.48065,0.467098,4,0
0.513735,0.488341,0.473446,4,0
0.511537,0.494079,0.48126,4,0
0.511171,0.501892,0.485777,4,0
0.511781,0.505677,0.492248,4,0
0.50995,0.507997,0.496398,4,0
0.514467,0.506898,0.506287,4,0
0.513368,0.503113,0.506287,4,0
0.519595,0.499206,0.517153,4,0
0.519228,0.493957,0.527774,4,0
0.519473,0.488097,0.538762,4,0
0.529606,0.479673,0.553534,4,0
0.527286,0.474667,0.556709,4,0
0.520449,0.466121,0.560005,4,0
0.511171,0.46136,0.556709,4,0
0.493957,0.45257,0.550116,4,0
0.481504,0.441338,0.534001,4,0
0.462337,0.424246,0.514955,4,0
0.452936,0.411427,0.497741,4,0
0.458552,0.405323,0.48419,4,0
0.476743,0.422293,0.470394,4,0
0.489562,0.435844,0.472958,4,1
0.499573,0.453302,0.476254,4,0
0.505921,0.474057,0.471981,4,0
0.510682,0.486021,0.473446,4,0
0.518374,0.49237,0.486265,4,0
0.52399,0.504212,0.498596,4,0
0.525455,0.510805,0.511293,4,0
0.522525,0.506287,0.531437,4,0
0.5152,0.497009,0.550238,4,0
0.496765,0.482115,0.558906,4,0
0.468441,0.464412,0.554267,4,0
0.452326,0.44671,0.530949,4,0
0.456599,0.435844,0.49884,4,0
0.470028,0.427909,0.466732,4,0
0.490538,0.451227,0.449884,4,0
0.506043,0.469173,0.461116,4,0
0.520571,0.497253,0.482603,4,0
0.534611,0.512514,0.505067,4,0
0.539861,0.516665,0.531925,4,0
0.534001,0.512147,0.551947,4,0
0.525211,0.496276,0.563179,4,0
0.509584,0.47247,0.569894,4,0
0.494567,0.450739,0.562202,4,0
0.480405,0.424734,0.555121,4,0
0.479917,0.405201,0.545355,4,0
0.478452,0.401782,0.525088,4,0
0.485411,0.40105,0.504822,4,0
0.496276,0.406422,0.481992,4,0
0.49884,0.423758,0.468685,4,0
0.502014,0.444146,0.468685,4,0
0.508119,0.46197,0.463924,4,0
0.51349,0.483946,0.462215,4,0
0.513002,0.492126,0.462947,4,0
0.513613,0.496276,0.467708,4,0
0.512636,0.501892,0.473569,4,0
0.515444,0.501404,0.480283,4,0
0.519228,0.506165,0.485655,4,0
0.524844,0.503846,0.495178,4,0
0.532292,0.50116,0.507142,4,0
0.528263,0.498352,0.5152,4,0
0.535466,0.48712,0.529606,4,0
0.53803,0.485533,0.551215,4,0
0.539617,0.489318,0.557563,4,0
0.546942,0.464534,0.567086,4,0
0.530094,0.453547,0.570138,4,0
0.51288,0.44439,0.557441,4,0
0.494933,0.430839,0.54682,4,0
0.477842,0.425223,0.533268,4,0
0.45843,0.406178,0.508607,4,1
0.448419,0.406666,0.470883,4,0
0.458064,0.399341,0.455012,4,0
0.471859,0.421804,0.448541,4,0
0.48358,0.450861,0.45025,4,0
0.498352,0.468197,0.445001,4,0
0.511537,0.487364,0.457575,4,0
0.513735,0.499939,0.481382,4,0
0.524112,0.494201,0.497009,4,0
0.530582,0.50116,0.514955,4,0
0.531681,0.493835,0.540227,4,0
0.524844,0.486876,0.55329,4,0
0.511903,0.482725,0.562202,4,0
0.492736,0.473324,0.55915,4,0
0.475522,0.461238,0.542425,4,0
0.46197,0.453058,0.510927,4,0
0.465023,0.445001,0.478696,4,0
0.482847,0.439141,0.453669,4,0
0.499084,0.455012,0.444634,4,0
0.507508,0.477353,0.464534,4,0
0.522036,0.499329,0.493102,4,0
0.532414,0.513124,0.511781,4,0
0.532902,0.521426,0.528751,4,0
0.530094,0.509584,0.549628,4,0
0.52399,0.475278,0.562447,4,0
0.508485,0.447931,0.567574,4,0
0.496765,0.43206,0.557197,4,0
0.486998,0.417898,0.540838,4,0
0.480161,0.415578,0.525333,4,0
0.481382,0.412648,0.51349,4,0
0.484678,0.4157,0.493224,4,0
0.491881,0.417287,0.472348,4,0
0.497741,0.417898,0.471127,4,0
0.50116,0.438164,0.466366,4,0
0.509584,0.454279,0.454035,4,0
0.511903,0.467708,0.449884,4,0
0.514833,0.4848,0.453791,4,0
0.519473,0.493591,0.454645,4,0
0.523379,0.499084,0.460872,4,0
0.519473,0.49884,0.471981,4,0
0.522403,0.500916,0.481992,4,0
0.533879,0.50116,0.494567,4,0
0.542425,0.499939,0.510805,4,0
0.538152,0.499329,0.516787,4,0
0.545599,0.488707,0.534001,4,0
0.550482,0.48773,0.554145,4,0
0.547308,0.486143,0.566964,4,0
0.538274,0.463924,0.58723,4,0
0.523135,0.44732,0.598706,4,1
0.499451,0.434868,0.580759,4,0
0.476377,0.422781,0.553168,4,0
0.46075,0.405445,0.510438,4,0
0.458918,0.397632,0.462459,4,0
0.475888,0.40044,0.426199,4,0
0.490294,0.424857,0.401538,4,0
0.492126,0.458186,0.413258,4,0
0.500916,0.481992,0.443902,4,0
0.516543,0.500794,0.471615,4,0
0.535954,0.511415,0.494201,4,0
0.546698,0.514467,0.519717,4,0
0.540105,0.508607,0.546453,4,0
0.523868,0.497253,0.560982,4,0
0.498718,0.478208,0.559517,4,0
0.45843,0.454523,0.550238,4,0
0.448419,0.433647,0.526798,4,0
0.455134,0.430106,0.491637,4,0
0.468929,0.433158,0.468929,4,0
0.489684,0.460261,0.455012,4,0
0.503479,0.475034,0.463313,4,0
0.514955,0.489928,0.482237,4,0
0.525699,0.505433,0.49591,4,0
0.538762,0.504822,0.504334,4,0
0.536931,0.506532,0.529484,4,0
0.530094,0.496398,0.548041,4,0
0.526554,0.481992,0.551215,4,0
0.515566,0.460139,0.557685,4,0
0.492736,0.450494,0.558174,4,0
0.481504,0.43328,0.541204,4,0
0.482115,0.417776,0.522281,4,0
0.474911,0.405445,0.506776,4,0
0.476987,0.413381,0.491881,4,0
0.48187,0.418996,0.477231,4,0
0.487364,0.428031,0.465389,4,0
0.490294,0.438042,0.464412,4,0
0.492614,0.448785,0.457575,4,0
0.499695,0.46075,0.453791,4,0
0.507264,0.478208,0.460505,4,0
0.509584,0.489318,0.4649,4,0
0.511903,0.493835,0.468929,4,0
0.509095,0.492858,0.475766,4,0
0.515078,0.49298,0.484434,4,0
0.528019,0.494811,0.495666,4,0
0.531681,0.494079,0.500183,4,0
0.53278,0.494445,0.508851,4,0
0.53803,0.485777,0.522036,4,0
0.543157,0.486876,0.541936,4,0
0.543279,0.494811,0.556709,4,1
0.541814,0.487486,0.569894,4,0
0.52985,0.473691,0.572946,4,0
0.517641,0.461238,0.55915,4,0
0.506409,0.443658,0.5445,4,0
0.497986,0.439629,0.531315,4,0
0.497253,0.433525,0.502869,4,0
0.455256,0.42913,0.476987,4,0
0.447076,0.419607,0.462093,4,0
0.445977,0.422659,0.455378,4,0
0.466366,0.434623,0.443291,4,0
0.491759,0.442925,0.442071,4,0
0.507508,0.464046,0.456843,4,0
0.532292,0.488951,0.488829,4,0
0.552191,0.512636,0.505189,4,0
0.546209,0.532292,0.523746,4,0
0.529606,0.51581,0.554755,4,0
0.505067,0.496521,0.56379,4,0
0.473691,0.475644,0.553046,4,0
0.448785,0.439018,0.528507,4,0
0.454035,0.416799,0.502259,4,0
0.469906,0.423636,0.475278,4,0
0.489073,0.446466,0.458918,4,0
0.508973,0.469662,0.459529,4,0
0.525699,0.496276,0.479551,4,0
0.54096,0.511903,0.497497,4,0
0.546209,0.511415,0.523746,4,0
0.53632,0.507997,0.546698,4,0
0.528995,0.487486,0.554389,4,0
0.515566,0.462947,0.56147,4,0
0.501282,0.449884,0.559272,4,0
0.492126,0.442193,0.547308,4,0
0.485899,0.425955,0.536198,4,0
0.484068,0.418386,0.529117,4,0
0.486265,0.427787,0.513246,4,0
0.492126,0.421072,0.514833,4,0
0.499939,0.419485,0.508485,4,0
0.498718,0.426322,0.497741,4,0
0.501648,0.425223,0.492126,4,0
0.508485,0.425589,0.477719,4,0
0.515932,0.444634,0.461726,4,0
0.523746,0.458186,0.465145,4,0
0.526676,0.479551,0.471127,4,0
0.529606,0.489684,0.470272,4,0
0.527042,0.497131,0.481138,4,0
0.528263,0.507508,0.499573,4,0
0.532414,0.514345,0.502625,4,0
0.537297,0.513735,0.513979,4,0
0.548895,0.499817,0.5246,4,1
0.555366,0.495666,0.538884,4,0
0.55622,0.48651,0.557441,4,0
0.549506,0.463924,0.575754,4,0
0.531803,0.450372,0.577951,4,0
0.505677,0.442071,0.570504,4,0
0.484678,0.437187,0.558906,4,0
0.464534,0.424246,0.534855,4,0
0.458674,0.402515,0.509584,4,0
0.455622,0.404224,0.477109,4,0
0.464534,0.410328,0.450739,4,0
0.476987,0.437676,0.442437,4,0
0.487364,0.462459,0.443658,4,0
0.51642,0.480161,0.459163,4,0
0.543523,0.509095,0.476132,4,0
0.554999,0.522403,0.502014,4,0
0.550604,0.522525,0.530949,4,0
0.532414,0.514223,0.549994,4,0
0.512025,0.487486,0.565987,4,0
0.480161,0.472592,0.573434,4,0
0.451471,0.438652,0.553901,4,0
0.452448,0.423025,0.528995,4,0
0.460872,0.420828,0.506898,4,0
0.473935,0.438896,0.478574,4,0
0.487853,0.465145,0.461238,4,0
0.508119,0.48187,0.467342,4,0
0.527652,0.497497,0.48419,4,0
0.550604,0.515444,0.503601,4,0
0.548407,0.521914,0.533512,4,0
0.543768,0.508973,0.558296,4,0
0.535588,0.488097,0.573312,4,0
0.513368,0.465511,0.577829,4,0
0.500794,0.448785,0.57026,4,0
0.492736,0.421316,0.555488,4,0
0.487853,0.400684,0.541814,4,0
0.486876,0.412526,0.520327,4,0
0.493468,0.414357,0.499329,4,0
0.492614,0.408497,0.499084,4,0
0.491271,0.420217,0.493102,4,0
0.489928,0.440606,0.476865,4,0
0.498962,0.441338,0.465633,4,0
0.505677,0.451959,0.467586,4,0
0.511659,0.46661,0.474667,4,0
0.520816,0.482115,0.480527,4,0
0.523746,0.490416,0.483457,4,0
0.522158,0.493468,0.486998,4,0
0.520083,0.497986,0.489684,4,0
0.521914,0.506532,0.49591,4,0
0.526798,0.506287,0.499939,4,1
0.530704,0.500671,0.502503,4,0
0.54743,0.487975,0.521792,4,0
0.543279,0.493468,0.54975,4,0
0.543523,0.499451,0.548895,4,0
0.540105,0.486265,0.566964,4,0
0.531681,0.473935,0.574167,4,0
0.518984,0.458796,0.574533,4,0
0.500549,0.446954,0.574289,4,0
0.492003,0.447809,0.549139,4,0
0.4754,0.405323,0.525577,4,0
0.464168,0.382615,0.498962,4,0
0.45843,0.388231,0.476132,4,0
0.465755,0.405933,0.465755,4,0
0.480527,0.431449,0.447198,4,0
0.495178,0.45843,0.446466,4,0
0.516176,0.47894,0.455988,4,0
0.534245,0.505311,0.471737,4,0
0.557075,0.525088,0.496154,4,0
0.558296,0.53339,0.518862,4,0
0.541814,0.526309,0.539983,4,0
0.528751,0.506532,0.55561,4,0
0.509095,0.485655,0.56733,4,0
0.472836,0.462825,0.564888,4,0
0.447442,0.44439,0.548285,4,0
0.452814,0.406666,0.524234,4,0
0.455134,0.408009,0.49005,4,0
0.474789,0.451105,0.467586,4,0
0.508119,0.472714,0.463558,4,0
0.535344,0.490783,0.48065,4,0
0.552558,0.520816,0.50934,4,0
0.550604,0.525333,0.549628,4,0
0.535588,0.510805,0.571237,4,0
0.50995,0.479795,0.583445,4,0
0.477842,0.453791,0.575143,4,0
0.478574,0.43267,0.561592,4,0
0.48358,0.410695,0.548041,4,0
0.485655,0.405323,0.527408,4,0
0.489073,0.422537,0.497253,4,0
0.494201,0.421682,0.481016,4,0
0.497009,0.429984,0.469051,4,0
0.500794,0.460017,0.46075,4,0
0.507386,0.463924,0.459529,4,0
0.512147,0.477964,0.456599,4,0
0.51349,0.488341,0.462459,4,0
0.51288,0.493468,0.474423,4,0
0.518618,0.497375,0.486387,4,0
0.528141,0.502136,0.49884,4,0
0.537907,0.505677,0.503846,4,1
0.544378,0.492003,0.518008,4,0
0.54682,0.499451,0.525821,4,0
0.555488,0.494811,0.550116,4,0
0.552069,0.49591,0.564156,4,0
0.543279,0.480772,0.579294,4,0
0.531315,0.450983,0.577463,4,0
0.512636,0.429496,0.558174,4,0
0.485777,0.408375,0.544256,4,0
0.462337,0.384935,0.517275,4,0
0.451837,0.373459,0.492858,4,0
0.458552,0.396899,0.460505,4,0
0.480283,0.400806,0.438896,4,0
0.490416,0.436455,0.428519,4,0
0.502869,0.46197,0.444512,4,0
0.524966,0.477842,0.465633,4,0
0.543035,0.502991,0.488463,4,0
0.559761,0.512758,0.506409,4,0
0.561226,0.519351,0.534855,4,0
0.545477,0.516543,0.550116,4,0
0.531071,0.504944,0.559394,4,0
0.496887,0.488219,0.566964,4,0
0.433891,0.462215,0.549139,4,0
0.438652,0.429496,0.523135,4,0
0.470516,0.397876,0.471493,4,0
0.496032,0.441826,0.453791,4,0
0.527896,0.491393,0.475034,4,0
0.543645,0.524966,0.510682,4,0
0.543401,0.52985,0.548163,4,0
0.523379,0.502136,0.57026,4,0
0.502991,0.465145,0.571603,4,0
0.484434,0.442681,0.558052,4,0
0.476254,0.418752,0.549139,4,0
0.468075,0.40691,0.532169,4,0
0.478452,0.404346,0.505311,4,0
0.478696,0.404468,0.498108,4,0
0.484068,0.422781,0.486387,4,0
0.49066,0.442925,0.477597,4,0
0.499939,0.460994,0.474545,4,0
0.507264,0.475888,0.471493,4,0
0.507752,0.489684,0.47247,4,0
0.508363,0.496887,0.475766,4,0
0.513002,0.498352,0.480405,4,0
0.513246,0.506287,0.488707,4,0
0.515322,0.507752,0.491149,4,0
0.523379,0.500916,0.497497,4,0
0.533879,0.500671,0.50763,4,0
0.548163,0.492492,0.52106,4,0
0.555366,0.487608,0.537663,4,0
0.555854,0.487853,0.554389,4,1
0.549872,0.470761,0.566597,4,0
0.535588,0.452204,0.555366,4,0
0.507264,0.431449,0.546453,4,0
0.48419,0.417287,0.541692,4,0
0.462947,0.404468,0.522891,4,0
0.448175,0.382371,0.494689,4,0
0.451959,0.385301,0.479429,4,0
0.471249,0.400195,0.455744,4,0
0.490783,0.429862,0.438164,4,0
0.502381,0.463313,0.436088,4,0
0.531803,0.492736,0.44671,4,0
0.558784,0.5152,0.471249,4,0
0.567818,0.532536,0.496643,4,0
0.554755,0.525211,0.527774,4,0
0.539373,0.5047,0.560127,4,0
0.523257,0.483824,0.577463,1,0
0.497253,0.462947,0.577829,1,0
0.468197,0.442193,0.564888,1,0
0.458064,0.431449,0.537541,1,0
0.459773,0.422049,0.504578,1,0
0.466732,0.430106,0.482359,1,0
0.471737,0.44439,0.472836,1,0
0.477353,0.464412,0.465145,1,0
0.492492,0.46661,0.469418,1,0
0.502503,0.474179,0.47894,1,0
0.507752,0.485533,0.48773,1,0
0.512636,0.492858,0.492492,1,0
0.516909,0.499939,0.492126,1,0
0.520693,0.501038,0.500427,1,0
0.527408,0.504456,0.513002,1,0
0.532169,0.505799,0.523501,1,0
0.539495,0.50177,0.53278,1,0
0.538884,0.503357,0.543035,1,0
0.537785,0.511659,0.545843,1,0
0.537419,0.493468,0.552069,1,0
0.5351,0.478452,0.550604,1,0
0.52692,0.479429,0.543645,1,0
0.519717,0.488585,0.543401,1,0
0.51642,0.472104,0.54218,1,0
0.519473,0.473324,0.534855,1,0
0.517886,0.468319,0.543279,1,0
0.511415,0.455744,0.535588,1,0
0.505555,0.452692,0.521304,1,0
0.500305,0.45782,0.514833,1,0
0.497253,0.462703,0.51056,1,0
0.496032,0.466366,0.50934,1,0
0.494201,0.469784,0.508851,1,0
0.493346,0.473446,0.510316,1,0
0.494567,0.472958,0.515322,1,0
0.499206,0.472714,0.516787,1,0
0.504944,0.475766,0.518862,1,0
0.510194,0.479673,0.523868,1,0
0.516909,0.486265,0.524112,1,0
0.520571,0.503601,0.528141,1,0
0.519351,0.497253,0.535954,1,0
0.522647,0.483457,0.53864,1,0
0.523623,0.48187,0.519839,1,0
0.52399,0.47601,0.517153,1,0
0.519961,0.491637,0.517397,1,0
0.520083,0.494323,0.519839,1,0
0.519228,0.489684,0.522769,1,0
0.518252,0.484312,0.522036,1,0
0.517763,0.482481,0.520693,1,0
0.516543,0.479307,0.520083,1,0
0.514345,0.482725,0.520327,1,0
0.5152,0.483213,0.520693,1,0
0.514955,0.483946,0.519961,1,0
0.514833,0.483457,0.520327,1,0
0.514467,0.483091,0.519473,1,0
0.513857,0.48187,0.519595,1,0
0.513613,0.482237,0.519595,1,0
0.513246,0.482359,0.519106,1,0
0.513124,0.48187,0.519839,1,0
0.513613,0.482115,0.519473,1,0
0.514101,0.482481,0.519717,1,0
0.513979,0.482603,0.520205,1,0
0.513368,0.482115,0.521182,1,0
0.513246,0.482603,0.519839,1,0
0.513857,0.483091,0.518984,1,0
0.513735,0.483457,0.519961,1,0
0.513124,0.482481,0.521548,1,0
0.513368,0.482969,0.520205,1,0
0.513857,0.482847,0.519717,1,0
0.513613,0.482481,0.520083,1,0
0.51288,0.481992,0.520938,1,0
0.51288,0.482237,0.519961,1,0
0.513735,0.482481,0.519351,1,0
0.513368,0.482725,0.519961,1,0
0.513735,0.482481,0.520327,1,0
0.513857,0.482969,0.519351,1,0
0.513979,0.482237,0.520449,1,0
0.51349,0.482603,0.520083,1,0
0.513368,0.483213,0.519717,1,0
0.513735,0.482359,0.520816,1,0
0.513124,0.483702,0.519351,1,0
0.513124,0.485411,0.520083,1,0
0.511537,0.483335,0.521792,1,0
0.510805,0.482725,0.520083,1,0
0.51227,0.482359,0.520571,1,0
0.514589,0.481504,0.52106,1,0
0.515322,0.48126,0.519473,1,0
0.516176,0.48065,0.519106,1,0
0.516665,0.481016,0.520083,1,0
0.517641,0.479551,0.519839,1,0
0.513368,0.482603,0.518496,1,0
0.51288,0.481138,0.519717,1,0
0.512392,0.479917,0.520083,1,0
0.512392,0.481382,0.518618,1,0
0.513124,0.481382,0.518252,1,0
0.514589,0.482115,0.519961,1,0
0.515078,0.48358,0.519839,1,0
0.515932,0.482115,0.518618,1,0
0.515688,0.483457,0.518618,1,0
0.515566,0.483335,0.520327,1,0
0.514955,0.484312,0.519595,1,0
0.514711,0.483213,0.519473,1,0
0.514711,0.482847,0.519595,1,0
0.514467,0.482481,0.521548,1,0
0.514223,0.483091,0.520327,1,0
0.513613,0.482115,0.520571,1,0
0.513246,0.482725,0.519228,1,0
0.513124,0.482359,0.519595,1,0
0.513368,0.482237,0.519839,1,0
0.512758,0.482115,0.520449,1,0
0.513368,0.481626,0.519351,1,0
0.513735,0.48187,0.519961,1,0
0.513979,0.481504,0.520693,1,0
0.513979,0.481382,0.520693,1,0
0.514345,0.482603,0.519351,1,0
0.514955,0.482603,0.51874,1,0
0.515444,0.482725,0.51813,1,0
0.5152,0.482115,0.519595,1,0
0.515322,0.482359,0.519351,1,0
0.515444,0.483213,0.518374,1,0
0.515322,0.482725,0.51874,1,0
0.5152,0.482969,0.520083,1,0
0.514955,0.483091,0.520083,1,0
0.514955,0.483091,0.518984,1,0
0.514833,0.482481,0.518618,1,0
0.514467,0.482359,0.519351,1,0
0.514223,0.482481,0.519595,1,0
0.514101,0.481748,0.519106,1,0
0.513735,0.481382,0.519717,1,0
0.513857,0.482359,0.519228,1,0
0.513735,0.482115,0.519839,1,0
0.513613,0.481504,0.519961,1,0
0.513979,0.481504,0.519595,1,0
0.514345,0.482237,0.519106,1,0
0.514589,0.482847,0.518984,1,0
0.514345,0.48187,0.519228,1,0
0.514711,0.481626,0.518984,1,0
0.514955,0.48187,0.518618,1,0
0.515078,0.481626,0.51874,1,0
0.514589,0.480527,0.518496,1,0
0.514223,0.480161,0.51874,1,0
0.513979,0.480405,0.51874,1,0
0.513613,0.481504,0.518862,1,0
0.51349,0.481992,0.518008,1,0
0.513002,0.482359,0.518984,1,0
0.513124,0.48065,0.518984,1,0
0.512392,0.479795,0.51813,1,0
0.511537,0.480405,0.519228,1,0
0.511293,0.48187,0.518252,1,0
0.512392,0.481504,0.518862,1,0
0.513002,0.480772,0.518252,1,0
0.514223,0.47894,0.518008,1,0
0.514467,0.480405,0.517153,1,0
0.515444,0.47894,0.517031,1,0
0.516176,0.480527,0.519228,1,0
0.516543,0.481748,0.519228,1,0
0.51642,0.48126,0.518008,1,0
0.516543,0.482847,0.518374,1,0
0.518008,0.482603,0.520816,1,0
0.517397,0.483457,0.51874,1,0
0.517275,0.484434,0.516787,1,0
0.517641,0.484556,0.518496,1,0
0.518252,0.483946,0.518252,1,0
0.51874,0.484068,0.516909,1,0
0.520083,0.482359,0.517275,1,0
0.520205,0.484678,0.517641,1,0
0.518374,0.484312,0.51813,1,0
0.518618,0.482603,0.519351,1,0
0.518618,0.482481,0.518862,1,0
0.518862,0.484312,0.518008,1,0
0.519228,0.483946,0.51874,1,0
0.518862,0.484678,0.518374,1,0
0.518252,0.484068,0.518374,1,0
0.516665,0.484312,0.51874,1,0
0.515688,0.483946,0.518618,1,0
0.514955,0.483091,0.519351,1,0
0.513979,0.483091,0.51874,1,0
0.51349,0.482725,0.519351,1,0
0.513246,0.482725,0.520938,1,0
0.513857,0.482603,0.520205,1,0
0.514955,0.482725,0.519839,1,0
0.515566,0.483213,0.519473,1,0
0.51581,0.483213,0.518984,1,0
0.516543,0.482115,0.518984,1,0
0.516909,0.481748,0.517886,1,0
0.517397,0.481992,0.51813,1,0
0.517153,0.482969,0.518374,1,0
0.517397,0.482603,0.51813,1,0
0.517275,0.483213,0.517886,1,0
0.517275,0.483335,0.518496,1,0
0.516909,0.483702,0.518618,1,0
0.516543,0.483335,0.518618,1,0
0.516176,0.483091,0.518618,1,0
0.516176,0.482725,0.519106,1,0
0.515932,0.482237,0.519228,1,0
0.515688,0.482481,0.518496,1,0
0.516054,0.482237,0.518252,1,0
0.516298,0.482359,0.51874,1,0
0.516054,0.482603,0.518496,1,0
0.516176,0.482847,0.518496,1,0
0.516543,0.482115,0.518618,1,0
0.516176,0.482603,0.51813,1,0
0.516176,0.482725,0.51813,1,0
0.51642,0.482359,0.518862,1,0
0.516298,0.48187,0.518618,1,0
0.516298,0.482603,0.51813,1,0
0.516665,0.482603,0.518374,1,0
0.516665,0.482481,0.518252,1,0
0.516543,0.482603,0.517763,1,0
0.516787,0.482603,0.517886,1,0
0.516787,0.482603,0.51813,1,0
0.516665,0.482481,0.51813,1,0
0.516787,0.482237,0.518008,1,0
0.516787,0.481992,0.51813,1,0
0.516543,0.482237,0.51813,1,0
0.516787,0.482115,0.518008,1,0
0.516665,0.482359,0.518252,1,0
0.516543,0.482725,0.518008,1,0
0.517031,0.482237,0.517886,1,0
0.517031,0.482481,0.517886,1,0
0.516665,0.482481,0.517763,1,0
0.516665,0.48187,0.51813,1,0
0.516543,0.482481,0.517763,1,0
0.516909,0.482481,0.518008,1,0
0.517031,0.482359,0.51813,1,0
0.516665,0.481748,0.51813,1,0
0.516543,0.481992,0.517763,1,0
0.516909,0.481992,0.517641,1,0
0.516787,0.482359,0.517886,1,0
0.517031,0.482359,0.517763,1,0
0.516787,0.482359,0.517763,1,0
0.517031,0.482481,0.517886,1,0